1.693680	3.628100	-10.506206	-5.093470	8.171040	0.725805	10.875600	-16.706200	1.682390	0.000000	-0.000000	-0.000000	-2.645520	7.911410	0.364391	2.379450	-19.518101	-0.080483	0.000000	-0.000000	0.000000	-0.000000	-0.000000	0.000016	0.000000	0.000000	0.000000	24.069000	-8.666770	-5.196020	108.157997	2.385820	168.419998	0.000000	-0.000000	-0.000000	0.000000	0.000000	0.000000	-21.009800	-15.720100	46.149601	-120.324997	27.331400	138.501007	-0.000001	-0.000001	0.000000	0.397618	2.141420	-0.014857	-0.000000	0.000000	0.000001
1.443910	3.159461	-10.290100	-4.556710	8.516990	0.676260	10.191500	-16.909901	1.658610	-0.000000	-0.000000	0.000000	-2.490960	8.286860	0.359245	2.564250	-19.306700	0.032830	-0.000000	-0.000000	-0.000000	0.000007	-0.000038	-0.000009	0.000000	0.000000	0.000000	23.127800	-5.843620	1.117580	107.596001	-4.526810	148.957001	-0.000001	-0.000000	0.000000	0.000000	0.000000	0.000000	-21.609301	-15.104400	44.466000	-118.542000	30.215799	134.300995	-0.000000	0.000000	-0.000000	0.239022	1.974980	-0.008237	0.000000	-0.000000	0.000001
1.555080	3.197820	-9.755461	-4.584660	8.753520	0.699094	10.129200	-17.252501	1.665120	0.000000	-0.000000	-0.000000	-2.207830	8.095350	0.310983	1.766890	-19.070900	-0.136891	-0.000000	0.000000	0.000000	0.000006	-0.000037	-0.000124	0.000000	0.000000	0.000000	24.603001	-8.000150	-3.524880	106.599998	0.852234	162.363998	0.000000	-0.000000	-0.000000	0.000000	0.000000	0.000000	-21.156300	-15.610900	45.697102	-122.016998	30.444300	138.080002	-0.000000	-0.000000	0.000000	0.234844	1.949520	-0.007988	0.000000	0.000000	-0.000001
0.986223	3.104490	-9.222788	-4.054410	8.890760	0.627638	10.301500	-17.698099	1.920970	-0.000000	0.000000	-0.000000	-1.705220	8.696200	0.257896	1.918380	-19.507500	0.077727	-0.000000	0.000001	0.000001	-0.000000	0.000000	0.000038	0.000000	0.000000	0.000000	28.675400	-12.538600	-10.718900	105.273003	7.339880	-173.985992	-0.000001	0.000001	0.000002	0.000000	0.000000	0.000000	-21.036900	-16.613600	47.024700	-122.641998	28.034201	140.694000	0.000000	0.000002	0.000000	0.275584	1.600350	-0.007696	-0.000000	-0.000000	-0.000001
0.901221	3.070631	-8.981410	-3.717280	8.849600	0.572659	10.644700	-17.764400	2.136670	0.000000	-0.000000	0.000000	-1.034220	9.496440	0.170654	1.178220	-21.428400	0.057780	-0.000000	-0.000000	-0.000000	0.000000	-0.000000	0.000003	0.000000	0.000000	0.000000	31.646400	-15.318400	-13.536000	108.705002	8.266160	-172.136993	0.000002	-0.000000	0.000001	0.000000	0.000000	0.000000	-23.534800	-20.589399	47.702301	-120.742996	25.725401	141.033997	0.000000	0.000001	-0.000001	0.347227	1.705960	-0.010336	0.000000	0.000000	0.000000
0.915060	2.509390	-8.705071	-3.556370	9.299600	0.575501	10.101400	-17.115499	1.947820	0.000000	0.000000	0.000000	-1.086590	10.405900	0.196365	1.163080	-21.848400	0.035122	0.000000	-0.000000	-0.000000	-0.000012	0.000076	0.000121	0.000000	0.000000	0.000000	33.332600	-21.968500	-21.591000	111.063004	7.983630	-172.697998	-0.000001	0.000001	0.000001	0.000000	0.000000	0.000000	-23.734900	-25.399500	51.617599	-119.648003	22.198900	143.910995	-0.000000	-0.000000	0.000000	0.458162	1.343440	-0.010742	-0.000000	-0.000000	-0.000001
0.924513	2.167960	-9.035420	-4.022410	10.661100	0.745330	10.825500	-19.021400	2.249580	-0.000000	-0.000000	-0.000001	-1.254670	10.667700	0.232295	1.355340	-21.376101	0.044590	-0.000000	-0.000000	-0.000000	-0.000000	0.000000	-0.000005	0.000000	0.000000	0.000000	34.119099	-27.955900	-27.965700	112.013000	1.190730	169.186996	-0.000001	-0.000001	-0.000001	0.000000	0.000000	0.000000	-21.895700	-31.358000	58.132198	-118.797997	14.513400	152.645996	-0.000001	-0.000000	-0.000000	0.293895	1.110540	-0.005696	-0.000000	-0.000000	-0.000001
0.713505	1.265069	-9.118777	-4.393880	11.757300	0.897020	11.916300	-20.317101	2.657730	-0.000000	0.000000	-0.000000	-1.210080	11.154800	0.234141	1.054650	-21.030899	-0.047581	-0.000000	0.000000	0.000000	0.000000	0.000000	-0.000035	0.000000	0.000000	0.000000	31.855499	-35.965199	-38.263000	113.202003	-6.098990	153.494995	0.000001	0.000001	0.000001	0.000000	0.000000	0.000000	-16.974600	-39.648998	68.313004	-115.569000	6.194710	164.199997	0.000000	0.000000	-0.000000	0.098461	1.004640	-0.001726	-0.000000	-0.000000	0.000000
0.575158	0.871159	-8.497550	-3.691530	11.724900	0.751164	10.460900	-18.777201	2.213260	-0.000000	-0.000000	-0.000000	-1.034810	12.027500	0.215659	1.117070	-21.718901	0.038848	-0.000000	0.000000	-0.000000	-0.000000	-0.000000	-0.000008	0.000000	0.000000	0.000000	26.927601	-41.862598	-48.813900	114.521004	-16.866199	137.188004	0.000000	-0.000000	-0.000002	0.000000	0.000000	0.000000	-7.956520	-44.042301	80.875298	-112.157997	-4.202310	-174.776993	0.000000	-0.000000	-0.000001	-0.187929	0.646461	0.002120	-0.000000	0.000000	-0.000001
0.389563	0.132389	-6.049317	-2.668830	12.688200	0.586605	9.304370	-19.084000	2.199790	-0.000000	0.000000	0.000000	0.120663	13.391600	-0.027941	-0.185923	-21.214701	-0.024809	-0.000000	-0.000000	-0.000000	0.000000	-0.000000	0.000079	0.000000	0.000000	0.000000	17.668301	-48.540298	-64.442802	112.917999	-24.304800	126.583000	-0.000000	0.000000	0.000001	0.000000	0.000000	0.000000	1.553170	-47.365200	92.725800	-109.245003	-12.432400	-154.459000	-0.000000	0.000000	-0.000000	-0.217987	0.094075	0.000358	-0.000000	-0.000000	0.000000
0.432674	1.017710	-5.836880	-2.439690	10.608700	0.449414	8.934290	-17.061399	1.925360	0.000000	-0.000000	-0.000000	0.171128	12.404500	-0.036759	0.036750	-20.793100	0.072373	-0.000000	0.000000	0.000000	-0.000000	-0.000000	-0.000033	0.000000	0.000000	0.000000	6.757250	-52.914600	-80.399902	109.614998	-26.396400	119.762001	0.000000	0.000000	0.000002	0.000000	0.000000	0.000000	6.141490	-48.459000	98.239998	-106.268997	-22.672899	-134.207993	0.000001	0.000001	-0.000001	-0.053371	-0.533985	-0.000498	0.000000	-0.000000	0.000000
0.403820	0.766775	-5.523580	-2.477800	11.771300	0.505790	8.902630	-19.053600	2.122500	0.000000	0.000000	0.000000	0.116919	13.243800	-0.026783	0.157043	-21.532801	0.099408	-0.000000	0.000000	-0.000000	-0.000000	0.000000	0.000014	0.000000	0.000000	0.000000	7.452500	-45.771000	-77.977501	117.206001	-35.845600	124.671997	0.000001	-0.000001	0.000000	0.000000	0.000000	0.000000	-0.198850	-42.839001	90.513000	-111.787003	-36.519299	-129.287003	-0.000001	0.000001	-0.000001	-0.041048	-1.365400	-0.000978	-0.000000	0.000000	0.000001
-0.051772	0.426028	-6.748810	-2.290820	12.142600	0.482113	9.380940	-17.767599	2.189530	-0.000000	0.000000	0.000000	0.309720	14.030100	-0.075081	0.371940	-22.463400	0.256932	0.000000	0.000000	-0.000000	-0.000000	0.000000	0.000051	0.000000	0.000000	0.000000	6.390180	-45.275200	-79.679298	116.454002	-36.843201	123.211998	0.000001	-0.000001	-0.000001	0.000000	0.000000	0.000000	0.958763	-43.026699	92.207001	-110.508003	-37.106701	-127.320999	-0.000001	-0.000000	0.000000	-0.019708	-1.669200	-0.000574	-0.000000	0.000000	-0.000000
-0.096481	-0.070147	-7.846351	-2.570520	13.892300	0.617569	9.808130	-19.916901	2.503190	-0.000000	0.000000	0.000000	-0.055252	14.674300	0.014001	1.080050	-22.242500	0.388624	0.000000	-0.000000	0.000000	0.000000	0.000000	0.000017	0.000000	0.000000	0.000000	1.449130	-49.638500	-87.734001	110.892998	-28.295700	121.063004	0.000000	0.000001	-0.000001	0.000000	0.000000	0.000000	7.294170	-46.185299	100.185997	-105.445999	-29.679899	-125.853996	-0.000000	-0.000000	0.000001	-0.059965	-1.503610	-0.001574	-0.000000	0.000000	-0.000000
-0.164080	0.399466	-7.301310	-2.160880	11.768700	0.440940	9.058860	-16.955200	2.033980	0.000000	-0.000000	-0.000000	0.252637	12.980800	-0.056745	0.618305	-20.790100	0.306859	0.000000	0.000001	0.000001	0.000000	-0.000000	-0.000064	0.000000	0.000000	0.000000	5.847010	-50.352299	-81.478401	112.343002	-25.006300	125.966003	0.000000	0.000000	-0.000001	0.000000	0.000000	0.000000	7.166180	-49.488499	99.556396	-106.157997	-22.794001	-134.160995	-0.000000	0.000000	-0.000001	-0.127675	-0.470812	-0.001051	-0.000000	0.000000	0.000000
-0.496761	0.474285	-9.064802	-1.810040	11.578900	0.363422	8.895170	-16.281500	2.006210	-0.000000	-0.000000	-0.000000	0.683369	12.097400	-0.143222	0.545843	-19.026501	0.395834	-0.000000	0.000000	0.000001	-0.000000	-0.000000	-0.000010	0.000000	0.000000	0.000000	17.552200	-46.629902	-64.185600	115.866997	-21.672001	134.186005	-0.000000	-0.000000	0.000002	0.000000	0.000000	0.000000	0.323515	-51.338001	91.527901	-108.077003	-15.511700	-148.612000	0.000000	-0.000000	0.000001	0.029016	0.218412	-0.000111	-0.000000	0.000000	-0.000001
0.471296	0.255360	-10.029100	-2.963930	11.567100	0.594786	8.916690	-16.191700	1.682430	-0.000000	0.000000	0.000000	-0.380947	11.013900	0.072743	0.551280	-17.422600	0.053094	-0.000000	-0.000000	-0.000000	-0.000000	-0.000000	-0.000043	0.000000	0.000000	0.000000	28.221701	-38.400002	-44.805599	116.710999	-15.260200	142.373001	-0.000000	0.000000	0.000001	0.000000	0.000000	0.000000	-14.775800	-50.160900	73.738701	-110.542999	-7.569190	-168.535995	-0.000000	-0.000000	0.000002	0.245639	0.121649	-0.000522	0.000000	-0.000000	-0.000000
1.060580	-0.034769	-9.616407	-4.335380	13.416800	1.007770	9.237350	-18.656500	1.609720	-0.000000	0.000000	0.000000	-1.906140	13.352300	0.440358	1.350300	-21.131901	-0.181814	0.000000	-0.000000	-0.000000	-0.000000	-0.000000	-0.000073	0.000000	0.000000	0.000000	34.393299	-28.980600	-28.895599	112.250000	-6.883520	149.675003	0.000000	0.000000	0.000000	0.000000	0.000000	0.000000	-29.961700	-40.202400	53.097000	-111.903000	-0.950790	173.897003	-0.000000	-0.000000	0.000001	0.091791	0.242696	-0.000389	0.000000	0.000000	0.000001
0.938034	0.647849	-9.082331	-3.930670	12.164000	0.829440	9.008770	-17.793600	1.582700	-0.000000	0.000000	0.000001	-1.639160	12.584800	0.357205	1.409910	-21.061300	-0.068240	0.000000	0.000000	0.000000	0.000000	0.000000	-0.000023	0.000000	0.000000	0.000000	36.367802	-19.485100	-16.254400	104.240997	-0.344719	154.792999	0.000001	-0.000000	-0.000000	0.000000	0.000000	0.000000	-35.619801	-28.301100	40.274502	-111.492996	7.392560	154.072998	0.000000	0.000000	-0.000000	0.047879	0.554665	-0.000463	-0.000000	0.000000	-0.000000
0.882840	1.160140	-9.456344	-3.726300	11.429300	0.739407	8.946420	-17.462799	1.592810	-0.000000	-0.000000	-0.000000	-1.516650	11.683300	0.307196	1.588630	-20.118900	0.035565	-0.000000	0.000000	-0.000000	-0.000000	-0.000000	0.000035	0.000000	0.000000	0.000000	38.179901	-9.556420	-2.826350	92.568497	-0.684314	103.662003	-0.000000	-0.000001	-0.000000	0.000000	0.000000	0.000000	-38.491501	-20.571699	31.735399	-104.778999	13.752400	131.569000	0.000000	0.000001	0.000000	0.241767	0.837105	-0.003530	-0.000000	0.000000	-0.000001
0.626081	1.736452	-9.842580	-3.402780	10.327100	0.610744	8.887350	-16.048800	1.535920	-0.000000	-0.000000	0.000000	-1.314530	11.078100	0.252664	1.928440	-20.384701	0.222380	-0.000000	0.000001	-0.000000	0.000000	0.000000	0.000021	0.000000	0.000000	0.000000	37.419800	-1.844190	7.128210	88.297401	-7.445640	81.653999	-0.000000	-0.000000	-0.000000	0.000000	0.000000	0.000000	-38.671101	-15.235700	26.812099	-101.949997	15.517700	122.189003	-0.000000	-0.000001	-0.000001	-0.072992	1.199810	0.001526	-0.000000	0.000000	-0.000000
0.929115	2.041562	-9.855881	-3.322140	10.492600	0.605610	8.310470	-17.000700	1.478250	-0.000000	0.000000	0.000000	-1.251710	10.417100	0.226319	1.286260	-19.842699	0.018726	0.000000	-0.000001	0.000001	-0.000005	-0.000001	-0.000044	0.000000	0.000000	0.000000	35.896801	2.108310	12.642800	89.205704	-10.199700	87.869202	0.000000	0.000000	-0.000000	0.000000	0.000000	0.000000	-36.582401	-11.908200	24.889601	-102.230003	14.124500	123.678001	0.000001	0.000000	0.000000	0.243034	1.474740	-0.006255	0.000000	-0.000000	-0.000001
1.006300	1.895032	-9.410440	-4.068780	10.415100	0.736709	9.269960	-17.366899	1.576580	-0.000000	0.000000	0.000001	-1.547940	9.692670	0.260641	1.077380	-18.215099	-0.140191	-0.000000	0.000000	-0.000000	0.000000	0.000000	-0.000115	0.000000	0.000000	0.000000	35.359901	1.581950	12.106500	90.626099	-10.156800	92.944397	-0.000000	-0.000002	0.000000	0.000000	0.000000	0.000000	-38.594101	-12.811000	24.433201	-100.630997	15.368400	118.994003	-0.000000	-0.000001	-0.000000	-0.076567	1.437630	0.001922	0.000000	-0.000000	-0.000000
0.933478	1.517752	-9.080020	-4.076140	11.224400	0.794680	9.587180	-17.783501	1.711960	0.000000	-0.000000	-0.000000	-1.584630	10.641000	0.292643	1.340830	-18.803101	-0.069800	-0.000000	-0.000000	-0.000000	-0.000000	-0.000000	-0.000097	0.000000	0.000000	0.000000	37.909302	-1.885960	7.007010	91.215302	-6.194010	95.058899	0.000000	0.000000	-0.000000	0.000000	0.000000	0.000000	-38.024200	-16.270000	28.229900	-101.625999	16.955799	120.450996	0.000000	-0.000000	-0.000001	0.158635	1.244250	-0.003444	-0.000000	0.000000	0.000000
0.729081	1.618741	-9.147540	-3.548820	11.621800	0.715792	9.541350	-18.804701	1.961700	-0.000000	0.000000	0.000001	-1.092020	11.496100	0.217667	1.064330	-20.950899	-0.002068	0.000000	0.000000	0.000000	0.000000	-0.000000	-0.000035	0.000000	0.000000	0.000000	41.897701	-7.326050	0.503153	92.509499	1.558790	113.609001	-0.000000	-0.000000	0.000001	0.000000	0.000000	0.000000	-36.974998	-21.000799	33.373001	-105.482002	15.791800	130.287994	0.000000	0.000000	-0.000000	0.301973	1.092400	-0.005757	-0.000000	0.000000	0.000000
0.836762	1.616640	-8.768426	-3.006570	10.769900	0.562324	8.464710	-17.955700	1.703740	0.000000	0.000000	0.000000	-0.636883	11.064100	0.122230	0.272443	-20.937099	-0.126004	-0.000000	0.000000	0.000001	0.000000	-0.000000	-0.000077	0.000000	0.000000	0.000000	40.583698	-14.990400	-8.560000	100.360001	5.117710	176.526001	0.000001	-0.000000	-0.000000	0.000000	0.000000	0.000000	-33.306900	-27.726400	42.186298	-109.678001	15.039000	139.817993	0.000001	0.000001	-0.000001	0.344760	1.190320	-0.007162	-0.000000	0.000000	0.000000
0.801880	1.620320	-8.407970	-3.339270	11.529400	0.668152	8.904270	-19.492300	1.884830	-0.000000	-0.000000	-0.000000	-0.866308	10.915500	0.164058	0.623488	-19.859200	-0.077168	-0.000000	0.000000	-0.000000	-0.000000	-0.000000	-0.000066	0.000000	0.000000	0.000000	39.184799	-22.452400	-17.660400	106.711998	1.229880	164.110992	0.000001	-0.000000	-0.000001	0.000000	0.000000	0.000000	-30.482901	-36.622601	50.662701	-110.249001	10.856500	149.246002	0.000000	-0.000000	0.000000	0.184758	1.322450	-0.004264	-0.000000	-0.000000	-0.000000
0.865901	1.192690	-9.298398	-4.179290	11.520900	0.836136	9.756080	-18.913200	1.840340	-0.000000	0.000000	-0.000001	-1.552420	11.148300	0.300234	1.290520	-20.135300	-0.080077	0.000000	-0.000000	0.000000	-0.000000	-0.000000	0.000032	0.000000	0.000000	0.000000	35.207600	-28.593300	-27.623699	112.529999	-6.812790	150.087997	-0.000000	-0.000001	-0.000000	0.000000	0.000000	0.000000	-22.475700	-45.518101	63.560799	-109.226997	1.883740	168.910004	0.000000	-0.000000	0.000001	0.107833	1.396330	-0.002626	-0.000000	0.000000	-0.000000
0.944428	0.639241	-8.532414	-4.147750	12.288300	0.884248	9.452500	-19.717199	1.826610	-0.000000	-0.000000	-0.000000	-1.486640	11.210200	0.289086	1.000890	-19.604900	-0.153479	-0.000000	0.000000	0.000000	-0.000000	-0.000000	0.000083	0.000000	0.000000	0.000000	28.656900	-36.334000	-42.315300	115.492996	-15.408200	140.255997	-0.000000	-0.000001	-0.000000	0.000000	0.000000	0.000000	-6.893000	-54.503700	83.158997	-104.856003	-7.710430	-162.410995	0.000001	-0.000000	-0.000000	-0.114460	1.317930	0.002633	-0.000000	-0.000000	0.000001
0.883264	1.233749	-5.437063	-2.750590	10.990400	0.524777	7.748990	-18.777599	1.628990	0.000000	-0.000000	-0.000000	-0.191639	11.701400	0.038870	-0.535481	-20.598600	-0.254431	-0.000000	0.000001	0.000000	-0.000000	-0.000000	-0.000020	0.000000	0.000000	0.000000	17.900801	-47.424702	-63.541698	114.593002	-21.562700	132.067001	-0.000000	0.000000	0.000001	0.000000	0.000000	0.000000	2.302880	-54.063801	93.306602	-104.303001	-17.519600	-139.134995	-0.000000	-0.000000	0.000001	-0.153018	0.886916	0.002369	-0.000000	0.000000	-0.000000
1.039060	1.505140	-4.750638	-2.448070	10.213800	0.434354	6.952140	-18.525200	1.446100	-0.000000	-0.000000	-0.000000	-0.185003	11.690000	0.037488	-0.733532	-20.823000	-0.325187	-0.000000	-0.000000	-0.000000	-0.000000	0.000000	-0.000055	0.000000	0.000000	0.000000	8.779660	-47.778599	-76.388702	113.319000	-28.183599	124.431000	-0.000001	-0.000000	0.000001	0.000000	0.000000	0.000000	6.212120	-50.064800	98.030502	-105.252998	-26.025101	-128.929001	-0.000000	0.000000	0.000000	0.361883	0.159947	-0.001010	-0.000000	0.000000	0.000000
0.864343	1.145100	-4.882958	-2.528630	10.878000	0.477498	7.353130	-18.278400	1.530710	0.000000	-0.000000	-0.000000	-0.084415	12.504700	0.018279	-0.719802	-21.468599	-0.293622	0.000000	0.000000	0.000000	-0.000000	-0.000000	0.000050	0.000000	0.000000	0.000000	9.083470	-43.466900	-74.703598	117.095001	-37.568802	123.537003	-0.000002	0.000001	-0.000000	0.000000	0.000000	0.000000	3.675250	-44.317299	95.415298	-109.362999	-31.830099	-129.324005	0.000001	-0.000001	-0.000001	0.364500	-0.479065	0.003047	-0.000000	0.000000	0.000000
0.916281	1.085700	-6.618258	-3.003100	11.686100	0.608814	8.121980	-18.987801	1.689900	-0.000000	0.000000	0.000000	-0.360049	12.384600	0.077226	-0.370668	-21.033100	-0.259270	-0.000000	0.000000	-0.000000	-0.000000	0.000000	-0.000036	0.000000	0.000000	0.000000	10.271200	-40.515099	-71.967400	118.945999	-39.265800	125.083000	0.000003	-0.000002	-0.000000	0.000000	0.000000	0.000000	1.935980	-43.708900	93.437500	-110.322998	-35.556801	-128.016998	-0.000000	0.000000	-0.000000	0.164393	-0.640115	0.001836	0.000000	-0.000000	-0.000000
0.990282	1.356220	-5.256340	-2.674400	10.594100	0.492034	7.540110	-17.699800	1.496510	0.000000	-0.000000	-0.000000	-0.327824	13.039200	0.073967	-0.593765	-23.147301	-0.358981	0.000000	-0.000001	0.000000	-0.000000	0.000000	-0.000003	0.000000	0.000000	0.000000	4.428720	-47.568600	-82.809196	110.808998	-31.190100	118.657997	-0.000001	0.000002	0.000002	0.000000	0.000000	0.000000	6.565900	-50.191101	98.503502	-103.591003	-31.575001	-121.654999	0.000000	0.000001	0.000001	0.230889	-0.678876	0.002736	-0.000000	-0.000000	-0.000000
1.112621	1.313133	-3.872160	-2.496700	9.472600	0.411153	7.194220	-15.818800	1.292530	-0.000000	0.000000	0.000000	-0.011239	12.416300	0.002421	-1.012540	-21.455500	-0.374422	-0.000000	0.000000	0.000000	0.000000	0.000000	0.000088	0.000000	0.000000	0.000000	7.419880	-51.488602	-78.993202	110.095001	-26.605801	120.355003	0.000000	-0.000000	-0.000000	0.000000	0.000000	0.000000	9.533460	-57.216999	101.047997	-99.508797	-23.463301	-122.219002	-0.000000	0.000000	-0.000000	0.166227	0.182791	-0.000530	0.000000	0.000000	-0.000001
1.198120	1.119000	-6.104501	-2.804260	9.724410	0.474035	7.267780	-16.236700	1.261690	-0.000000	0.000000	-0.000000	-0.562604	12.091500	0.117856	-0.584591	-21.218100	-0.410726	-0.000000	0.000000	0.000000	0.000000	0.000000	0.000050	0.000000	0.000000	0.000000	19.969000	-47.741001	-61.013599	112.699997	-20.792601	129.845993	0.000000	-0.000000	-0.000001	0.000000	0.000000	0.000000	0.658714	-60.752998	91.414497	-100.985001	-17.141199	-134.822006	-0.000000	0.000000	-0.000001	0.302098	0.833441	-0.004394	-0.000000	0.000000	0.000000
0.953779	0.940176	-7.755081	-3.467940	11.423200	0.687651	8.943070	-18.582899	1.771680	0.000000	-0.000000	-0.000000	-0.758830	11.130100	0.146493	0.260312	-19.413500	-0.160962	0.000000	0.000000	0.000001	0.000000	0.000000	-0.000018	0.000000	0.000000	0.000000	33.182499	-40.664902	-40.377499	111.333000	-13.300500	136.841003	-0.000000	0.000000	0.000000	0.000000	0.000000	0.000000	-22.109100	-56.269299	66.454903	-106.375999	-9.202390	-162.218002	0.000000	0.000000	-0.000001	0.423146	0.680300	-0.005024	-0.000000	0.000000	-0.000001
1.361510	1.426030	-7.313810	-3.965960	10.834200	0.746628	9.086790	-18.075100	1.614760	-0.000000	-0.000000	-0.000000	-1.104750	11.088400	0.212499	-0.146571	-20.241301	-0.425853	-0.000000	0.000000	0.000000	0.000000	-0.000000	-0.000115	0.000000	0.000000	0.000000	38.058899	-31.211201	-27.308599	105.850998	-4.110880	145.748993	-0.000000	-0.000000	-0.000000	0.000000	0.000000	0.000000	-40.169998	-44.587502	44.194401	-108.058998	0.151139	169.992004	0.000000	0.000000	-0.000000	0.341494	0.734930	-0.004379	0.000000	-0.000000	-0.000001
1.432690	1.923203	-7.320860	-4.163020	9.390520	0.680419	9.628880	-16.833099	1.603560	-0.000000	0.000000	0.000000	-1.452350	10.224800	0.257864	0.718279	-19.641600	-0.239010	0.000000	-0.000000	-0.000001	0.000000	-0.000000	-0.000065	0.000000	0.000000	0.000000	40.927799	-21.587400	-15.485200	96.665001	2.400000	147.222000	-0.000001	-0.000001	0.000000	0.000000	0.000000	0.000000	-47.139301	-31.708500	31.971100	-103.781998	9.111680	140.141998	-0.000000	-0.000000	-0.000000	0.344447	0.919596	-0.005529	0.000000	0.000000	-0.000001
1.470546	1.994718	-7.233551	-3.835690	9.530740	0.636028	9.106490	-17.405399	1.596700	0.000000	0.000000	0.000000	-1.214460	10.431500	0.219924	0.227698	-20.500401	-0.338581	-0.000000	0.000000	-0.000000	-0.000000	-0.000000	0.000054	0.000000	0.000000	0.000000	41.181198	-13.047800	-6.039650	89.663696	2.339590	66.778801	-0.000000	0.000001	0.000000	0.000000	0.000000	0.000000	-45.740002	-20.978001	26.410900	-99.672203	12.185500	123.066002	-0.000000	-0.000001	-0.000000	0.224538	1.107720	-0.004341	-0.000000	0.000000	0.000000
1.249851	1.699610	-7.456870	-3.429710	9.480600	0.565579	8.448930	-16.181299	1.415210	0.000000	-0.000000	0.000000	-1.218220	9.846640	0.208362	0.787428	-18.165100	-0.128714	-0.000000	0.000000	0.000000	-0.000000	0.000000	-0.000018	0.000000	0.000000	0.000000	42.028999	-7.604260	0.259011	86.157204	1.297360	45.223999	0.000000	-0.000001	0.000001	0.000000	0.000000	0.000000	-42.637001	-13.806300	22.724600	-100.010002	11.501400	122.872002	-0.000000	-0.000000	0.000000	-0.268437	1.066050	0.004994	-0.000000	-0.000000	0.000000
1.258230	2.852070	-7.893570	-3.276360	8.744360	0.498626	8.721170	-17.186199	1.624610	-0.000000	0.000000	-0.000001	-0.933557	8.584710	0.139368	0.720263	-18.063801	-0.062897	-0.000000	0.000000	-0.000000	0.000000	-0.000000	-0.000069	0.000000	0.000000	0.000000	41.338402	-5.148020	2.990520	86.797401	1.635900	49.800098	0.000001	0.000001	0.000001	0.000000	0.000000	0.000000	-40.510201	-12.036100	22.367300	-101.462997	13.022100	123.444000	-0.000000	0.000000	-0.000001	-0.037118	1.725150	0.001119	0.000000	-0.000000	-0.000000
1.290970	2.804510	-7.823181	-3.507760	8.105790	0.495208	8.964100	-16.210400	1.537360	-0.000000	0.000000	0.000000	-0.916338	8.655380	0.137916	0.257580	-19.078800	-0.211931	-0.000000	-0.000000	0.000000	-0.000000	-0.000000	0.000016	0.000000	0.000000	0.000000	40.388100	-6.151410	1.783810	89.293999	1.261910	76.244698	0.000000	0.000000	0.000000	0.000000	0.000000	0.000000	-41.888699	-14.330200	23.669201	-101.292000	13.735800	122.702003	-0.000001	-0.000000	0.000001	-0.027228	1.760830	0.000837	0.000000	-0.000000	-0.000000
1.115258	2.164941	-7.569296	-3.402500	9.774330	0.578300	9.045570	-18.211000	1.784300	-0.000000	-0.000000	0.000000	-1.002060	9.380500	0.163344	0.823734	-18.372200	-0.051986	-0.000000	0.000000	-0.000000	0.000000	-0.000000	0.000066	0.000000	0.000000	0.000000	40.763500	-10.501700	-3.250440	93.237297	3.682620	138.811005	0.000000	-0.000001	0.000000	0.000000	0.000000	0.000000	-40.274601	-18.394100	28.348900	-104.481003	14.151100	129.947006	-0.000000	-0.000002	-0.000000	0.019131	1.351490	-0.000451	0.000000	-0.000000	-0.000001
1.022750	1.548350	-7.290781	-3.643990	9.928070	0.629092	9.691580	-17.330700	1.824060	0.000000	-0.000000	-0.000000	-0.806175	10.637900	0.148832	0.501469	-19.962299	-0.099303	0.000000	-0.000001	0.000001	-0.000000	0.000000	0.000043	0.000000	0.000000	0.000000	38.912498	-16.845800	-11.393600	101.678001	4.757330	174.867004	-0.000002	0.000001	-0.000000	0.000000	0.000000	0.000000	-38.416000	-22.313601	33.073799	-109.769997	8.907930	147.968002	0.000000	0.000000	-0.000000	-0.098882	1.171910	0.002021	-0.000000	0.000000	0.000001
1.015700	1.675557	-7.228811	-3.557200	10.089600	0.623959	9.672790	-18.384600	1.952990	0.000000	0.000000	0.000000	-0.855228	10.312200	0.153108	0.553404	-19.530399	-0.096289	-0.000000	-0.000000	-0.000001	0.000000	0.000000	-0.000019	0.000000	0.000000	0.000000	38.998199	-26.519400	-21.931200	108.191002	4.387760	176.841003	-0.000000	0.000000	-0.000000	0.000000	0.000000	0.000000	-36.909500	-30.662100	40.411800	-111.563004	3.244720	162.705994	-0.000000	0.000000	-0.000001	-0.046750	1.356570	0.001108	0.000000	0.000000	0.000000
0.986212	1.314810	-7.610147	-3.742690	10.244500	0.666555	9.772810	-18.700500	1.959160	0.000000	0.000000	0.000000	-0.924967	10.451000	0.167802	0.380406	-19.883101	-0.179996	0.000000	-0.000000	0.000000	0.000000	0.000000	-0.000068	0.000000	0.000000	0.000000	34.656101	-35.391499	-34.473900	114.041000	-2.460130	162.104004	-0.000001	-0.000000	0.000002	0.000000	0.000000	0.000000	-29.413799	-42.945499	54.648701	-111.763000	-1.773260	176.462006	0.000001	-0.000000	-0.000001	0.014555	1.288440	-0.000327	0.000000	-0.000000	-0.000001
1.054980	0.177142	-7.493713	-4.049700	10.600000	0.746148	9.652810	-16.559299	1.621520	-0.000000	0.000000	0.000000	-1.434490	11.114900	0.276594	0.830938	-18.680799	-0.184705	0.000000	0.000000	0.000000	0.000000	0.000000	-0.000051	0.000000	0.000000	0.000000	25.876101	-44.112202	-51.500000	116.432999	-10.677800	149.580994	-0.000001	-0.000001	0.000000	0.000000	0.000000	0.000000	-12.331700	-53.685501	76.783096	-107.584000	-10.428100	-159.343002	0.000001	-0.000000	-0.000002	-0.123636	0.951377	0.002053	0.000000	0.000000	-0.000000
0.398555	-0.489976	-5.059770	-2.395320	12.084400	0.501753	8.487000	-18.091200	1.914770	-0.000000	0.000000	-0.000000	0.289190	12.713400	-0.063639	-0.544577	-19.737101	-0.088647	0.000000	0.000001	0.000000	-0.000000	0.000000	-0.000051	0.000000	0.000000	0.000000	10.244400	-52.953300	-75.658501	111.345001	-18.772800	130.513000	-0.000000	-0.000001	-0.000001	0.000000	0.000000	0.000000	2.255970	-54.506199	93.199501	-104.450996	-19.544399	-136.501007	-0.000000	-0.000001	-0.000000	-0.191717	0.128281	0.000430	-0.000000	-0.000000	-0.000001
0.449660	-0.776500	-3.505870	-2.154740	11.964900	0.446911	8.052270	-17.047300	1.748390	-0.000000	-0.000000	0.000000	0.798212	13.427400	-0.185363	-1.341050	-19.541000	-0.188877	-0.000000	0.000000	0.000000	0.000000	0.000000	-0.000094	0.000000	0.000000	0.000000	4.366960	-46.188202	-82.445000	113.532997	-30.593800	122.996002	0.000000	-0.000001	-0.000001	0.000000	0.000000	0.000000	-3.655640	-44.387100	85.777397	-110.838997	-35.845798	-128.910004	-0.000001	0.000001	0.000000	0.081857	-0.714573	0.001021	0.000000	-0.000000	-0.000000
0.380650	-0.941510	-4.414420	-2.372300	12.461400	0.512185	8.252680	-17.031300	1.744410	0.000000	-0.000000	-0.000000	0.426704	14.127400	-0.104146	-0.613750	-19.465200	-0.066638	0.000000	-0.000000	0.000000	0.000000	0.000000	-0.000033	0.000000	0.000000	0.000000	4.618350	-40.890099	-81.222397	117.829002	-35.286201	126.089996	-0.000000	0.000001	-0.000001	0.000000	0.000000	0.000000	-3.192500	-40.383499	86.269798	-113.570999	-39.420601	-129.688995	0.000001	-0.000001	-0.000001	-0.106587	-1.443310	-0.002685	0.000000	0.000000	0.000000
0.584077	0.487317	-9.415081	-3.735130	11.551300	0.748962	10.207900	-17.532000	1.980500	-0.000000	-0.000000	0.000000	-0.968003	12.489100	0.209356	1.402150	-20.279400	0.158411	0.000000	0.000000	0.000001	-0.000000	0.000000	-0.000048	0.000000	0.000000	0.000000	6.190470	-45.202099	-80.399002	114.038002	-29.747900	124.878998	-0.000001	0.000000	0.000000	0.000000	0.000000	0.000000	4.595310	-46.244499	97.025101	-107.764000	-36.737701	-124.202003	-0.000001	0.000000	-0.000000	-0.054896	-1.342640	-0.001287	-0.000000	-0.000000	0.000001
0.585632	0.636385	-6.613882	-2.243980	11.259100	0.438350	7.812840	-17.739201	1.714880	0.000000	-0.000000	0.000000	0.050431	11.931700	-0.010423	-0.004006	-20.820101	0.016107	-0.000000	0.000000	-0.000000	-0.000000	-0.000000	-0.000025	0.000000	0.000000	0.000000	4.362420	-50.762199	-83.518303	110.101997	-26.027599	121.214996	0.000001	-0.000000	-0.000000	0.000000	0.000000	0.000000	8.063660	-52.995998	100.141998	-103.475998	-30.289301	-122.870003	-0.000000	-0.000000	-0.000000	-0.255226	-0.560075	-0.002495	-0.000000	0.000000	0.000000
0.767052	0.853597	-4.990459	-1.865380	9.784480	0.317121	7.324050	-16.386801	1.552020	0.000000	-0.000000	0.000000	0.637505	11.566700	-0.127827	-0.800913	-19.708300	-0.059478	0.000000	-0.000000	0.000000	-0.000000	-0.000000	-0.000023	0.000000	0.000000	0.000000	11.242800	-50.515400	-73.692703	112.136002	-24.512300	125.428001	-0.000000	0.000001	0.000001	0.000000	0.000000	0.000000	4.721610	-58.897701	95.767502	-103.137001	-23.353701	-129.501007	0.000000	0.000000	-0.000000	-0.222212	-0.139613	-0.000541	-0.000000	-0.000000	-0.000000
1.236530	0.569596	-7.188785	-3.589210	9.815380	0.612647	8.389140	-15.582000	1.306370	0.000000	-0.000000	0.000000	-1.150710	10.694000	0.213559	0.674110	-18.290199	-0.143305	-0.000000	0.000000	0.000000	0.000000	-0.000000	-0.000021	0.000000	0.000000	0.000000	23.046900	-44.223900	-55.185600	114.601997	-20.323799	133.138000	0.000000	0.000000	-0.000001	0.000000	0.000000	0.000000	-9.465960	-60.594101	80.585197	-103.560997	-18.616199	-138.084000	-0.000000	-0.000000	0.000000	-0.012193	0.792215	0.000170	0.000000	-0.000000	-0.000000
1.496640	0.763011	-7.622090	-4.416970	9.297770	0.715010	9.237710	-14.989900	1.264770	0.000000	-0.000000	0.000000	-1.722040	10.572500	0.316051	0.873600	-18.957800	-0.266152	-0.000000	-0.000001	-0.000000	0.000000	-0.000000	0.000041	0.000000	0.000000	0.000000	32.965401	-36.478699	-37.260502	114.855003	-17.647699	136.059998	-0.000000	-0.000000	-0.000001	0.000000	0.000000	0.000000	-30.817600	-53.618000	56.629200	-107.240997	-12.608700	-156.664993	-0.000000	-0.000000	0.000000	0.060745	0.939387	-0.000995	-0.000000	0.000000	-0.000000
1.495678	0.343420	-7.241187	-4.683150	11.204000	0.911905	9.675130	-17.679899	1.546900	-0.000000	-0.000000	-0.000000	-2.117500	11.594000	0.425752	1.375230	-19.636600	-0.234931	-0.000000	0.000000	0.000000	-0.000000	-0.000000	-0.000040	0.000000	0.000000	0.000000	38.975399	-27.315599	-22.767799	110.695000	-15.619400	132.229004	0.000000	-0.000000	-0.000000	0.000000	0.000000	0.000000	-42.136799	-42.686798	41.565800	-107.198997	-5.929060	-175.085999	0.000000	-0.000000	-0.000000	0.172611	0.663245	-0.001999	-0.000000	0.000000	0.000000
1.327080	0.768020	-7.050811	-4.126690	11.143500	0.798882	9.458180	-17.952700	1.671850	0.000000	0.000000	0.000000	-1.474650	11.367300	0.290715	0.870848	-19.372499	-0.190699	-0.000000	-0.000000	-0.000000	0.000000	0.000000	0.000055	0.000000	0.000000	0.000000	42.257099	-19.148100	-12.157400	104.143997	-11.817300	125.933998	0.000000	-0.000000	-0.000000	0.000000	0.000000	0.000000	-44.785500	-30.186100	33.054901	-108.867996	-0.571250	168.634995	-0.000000	0.000000	0.000000	0.154326	0.817426	-0.002201	0.000000	-0.000000	-0.000000
1.546240	1.207040	-7.504712	-4.739020	9.876410	0.814661	10.388700	-16.616501	1.640730	-0.000000	-0.000000	0.000000	-1.834670	10.074100	0.321034	0.961201	-18.333200	-0.265866	0.000000	-0.000000	-0.000000	-0.000000	-0.000000	-0.000085	0.000000	0.000000	0.000000	44.145199	-10.955500	-2.921950	95.696297	-8.061700	109.095001	0.000000	-0.000001	0.000000	0.000000	0.000000	0.000000	-45.621399	-23.393299	28.200800	-106.103996	5.964880	148.393005	0.000000	0.000000	-0.000001	-0.221728	1.075290	0.004162	-0.000000	0.000000	0.000001
1.325030	1.388880	-7.862982	-4.264380	10.003800	0.742112	9.821330	-17.206699	1.667950	-0.000000	0.000000	-0.000001	-1.463530	9.466080	0.240751	0.688652	-17.540899	-0.227548	-0.000000	-0.000000	0.000000	0.000000	0.000000	0.000059	0.000000	0.000000	0.000000	44.811501	-4.311600	3.938010	87.632103	-8.496640	79.431503	0.000000	-0.000000	0.000000	0.000000	0.000000	0.000000	-45.911400	-17.358999	23.701401	-101.551003	8.541170	132.438995	-0.000001	-0.000000	-0.000000	-0.032251	1.313060	0.000739	-0.000000	-0.000000	0.000000
1.105300	1.694620	-7.824260	-3.851770	10.136800	0.678903	9.914360	-17.659700	1.863870	-0.000000	0.000000	-0.000001	-1.056990	10.405700	0.190935	0.776731	-19.420500	-0.087415	0.000000	-0.000000	-0.000000	-0.000000	-0.000000	-0.000014	0.000000	0.000000	0.000000	43.401001	-0.544007	7.877780	81.562698	-10.322600	62.217602	0.000000	0.000000	-0.000000	0.000000	0.000000	0.000000	-46.397301	-14.077900	20.854300	-95.557297	11.290000	110.712997	0.000000	-0.000000	-0.000000	0.078042	1.495170	-0.002035	0.000000	0.000000	0.000000
1.001940	1.727620	-8.037020	-3.590980	9.702490	0.605969	9.825780	-17.521200	1.899450	0.000000	0.000000	0.000000	-0.686211	9.781500	0.116590	0.370816	-19.278900	-0.100844	0.000000	0.000000	-0.000000	0.000000	-0.000000	0.000002	0.000000	0.000000	0.000000	41.541199	1.966650	10.883900	77.837601	-12.092700	55.695400	0.000000	0.000001	0.000003	0.000000	0.000000	0.000000	-46.027199	-12.793100	20.019100	-93.003700	11.989600	101.725998	0.000000	0.000001	0.000000	0.153857	1.491180	-0.004003	-0.000000	-0.000000	0.000000
1.486780	1.751590	-7.658667	-4.004180	8.931290	0.622639	9.512770	-16.115700	1.547040	-0.000000	-0.000000	-0.000000	-1.197280	9.391380	0.195398	0.537591	-18.519699	-0.204453	-0.000000	-0.000000	-0.000000	-0.000005	-0.000001	0.000063	0.000000	0.000000	0.000000	37.960098	2.323070	12.258100	78.795197	-15.169300	61.775101	0.000000	0.000000	-0.000001	0.000000	0.000000	0.000000	-44.725399	-11.748000	19.782900	-93.870796	12.169600	104.132004	-0.000000	0.000001	0.000000	0.196137	1.729570	-0.005920	0.000000	0.000000	0.000000
1.475880	1.471010	-7.231472	-4.327130	9.655240	0.727091	9.944060	-16.687700	1.635460	-0.000000	-0.000000	0.000000	-1.441460	10.317300	0.258222	0.485814	-19.647699	-0.313517	-0.000000	0.000001	0.000000	-0.000000	-0.000000	0.000028	0.000000	0.000000	0.000000	37.233700	0.504192	10.192600	81.858002	-15.237100	68.665001	0.000001	-0.000002	-0.000001	0.000000	0.000000	0.000000	-42.214802	-10.868000	20.276100	-97.692200	10.021800	118.028000	0.000000	-0.000001	-0.000000	-0.122979	1.589910	0.003412	-0.000000	-0.000000	0.000001
1.532950	2.011880	-6.599880	-4.250700	8.096360	0.599742	9.835440	-14.640500	1.426590	0.000000	0.000000	0.000000	-1.313630	10.126300	0.231002	0.172783	-20.402700	-0.390629	0.000000	-0.000001	0.000000	-0.000000	-0.000000	-0.000037	0.000000	0.000000	0.000000	39.422600	-3.891080	4.482020	84.886597	-10.743900	72.105202	-0.000000	-0.000002	-0.000001	0.000000	0.000000	0.000000	-43.065601	-12.854500	21.603201	-98.787804	9.116710	123.299004	-0.000000	-0.000000	-0.000000	-0.002455	1.870140	0.000080	-0.000000	0.000000	0.000000
0.834078	2.393152	-6.194560	-3.304270	7.095400	0.408599	9.725290	-14.276800	1.596040	-0.000000	0.000000	0.000000	-0.391794	9.124990	0.062139	0.247651	-19.487499	-0.046440	0.000000	0.000000	0.000000	0.000000	-0.000000	-0.000033	0.000000	0.000000	0.000000	41.772202	-10.326800	-2.738790	89.279503	-5.310140	82.463303	0.000000	0.000000	0.000000	0.000000	0.000000	0.000000	-41.451302	-16.670500	25.951500	-101.038002	8.556790	131.660995	-0.000000	-0.000000	0.000000	-0.237600	2.195120	0.009101	-0.000000	0.000000	-0.000000
0.669188	2.590570	-6.392530	-2.396800	6.830670	0.285231	8.916890	-14.192100	1.609290	-0.000000	0.000000	0.000000	0.549980	9.176670	-0.087710	-0.749374	-20.081400	-0.070885	-0.000000	0.000000	0.000000	0.000005	0.000000	-0.000060	0.000000	0.000000	0.000000	42.296299	-16.728300	-9.529600	97.521896	-2.725710	126.091003	-0.000000	-0.000000	-0.000001	0.000000	0.000000	0.000000	-38.130600	-20.937700	32.141399	-107.191002	4.889560	152.539001	-0.000000	0.000001	-0.000001	0.057106	2.163930	-0.002155	-0.000000	0.000000	0.000001
0.762154	2.086350	-6.709010	-2.186300	7.062510	0.268940	8.171570	-13.801900	1.436800	-0.000000	-0.000000	-0.000000	0.334053	9.226830	-0.053562	-0.459306	-19.075100	-0.042350	0.000000	0.000000	0.000000	-0.000000	0.000000	0.000021	0.000000	0.000000	0.000000	40.988602	-24.195101	-18.031900	104.683998	-3.856320	143.729996	0.000001	0.000000	0.000000	0.000000	0.000000	0.000000	-34.775600	-30.319901	42.279099	-110.168999	2.519550	163.548004	-0.000000	-0.000001	0.000000	0.360544	1.777630	-0.011184	-0.000000	-0.000000	-0.000000
0.532336	1.384000	-7.271572	-2.853710	8.414800	0.417948	9.500460	-15.121000	1.749270	-0.000000	0.000000	0.000000	0.328982	10.611100	-0.060578	-0.275445	-20.785999	0.016997	0.000000	-0.000001	0.000001	-0.000000	0.000000	0.000080	0.000000	0.000000	0.000000	37.818100	-31.613100	-27.881399	112.103996	-8.680660	145.589996	-0.000000	-0.000001	0.000000	0.000000	0.000000	0.000000	-28.861200	-38.643299	53.377998	-110.973999	-3.354330	179.354004	0.000001	-0.000000	0.000001	0.423209	1.538770	-0.011365	-0.000000	0.000000	0.000000
0.497225	1.309260	-7.437393	-2.867010	8.759970	0.436991	9.725030	-15.879000	1.894010	-0.000000	0.000000	0.000000	0.191630	9.351410	-0.031135	0.068772	-18.304199	0.080978	-0.000000	-0.000000	-0.000001	0.000005	0.000001	0.000013	0.000000	0.000000	0.000000	31.768900	-39.705502	-41.213902	115.478996	-14.509700	141.311996	0.000000	-0.000000	-0.000001	0.000000	0.000000	0.000000	-17.372999	-47.237801	69.798698	-109.606003	-8.041640	-167.009003	0.000000	-0.000000	0.000002	0.114652	1.761740	-0.003524	0.000000	-0.000000	-0.000001
0.713988	1.024420	-5.432600	-2.449380	9.501230	0.404559	8.711540	-16.713800	1.817320	0.000000	0.000000	0.000000	0.556423	9.763090	-0.094354	-0.740567	-17.876699	-0.059007	0.000000	-0.000000	0.000000	-0.000000	-0.000000	0.000097	0.000000	0.000000	0.000000	20.856701	-46.674500	-59.221401	115.601997	-21.843300	132.973007	-0.000001	-0.000000	0.000002	0.000000	0.000000	0.000000	-2.320740	-53.996601	88.014503	-105.591003	-13.280400	-149.320999	0.000000	-0.000000	-0.000001	-0.070066	1.418190	0.001735	0.000000	-0.000000	-0.000000
0.314590	0.397122	-3.326430	-1.681770	9.656110	0.282172	8.091830	-16.353500	1.818590	0.000000	-0.000000	-0.000000	1.320350	11.000700	-0.251991	-1.362020	-18.795799	-0.021250	0.000000	-0.000000	0.000000	0.000000	0.000000	0.000024	0.000000	0.000000	0.000000	8.660680	-46.702999	-76.085297	113.170998	-30.275299	122.431000	0.000000	-0.000001	-0.000000	0.000000	0.000000	0.000000	-2.666760	-48.100899	87.179802	-108.379997	-27.591600	-132.535995	0.000001	-0.000001	-0.000002	-0.018986	0.549303	0.000182	0.000000	-0.000000	0.000000
0.387718	-0.333468	-3.925259	-1.866460	10.983600	0.355737	8.136210	-16.675600	1.815650	-0.000000	-0.000000	-0.000000	0.825418	12.257000	-0.175243	-0.726148	-17.930599	0.024765	-0.000000	0.000000	0.000000	0.000000	0.000000	0.000043	0.000000	0.000000	0.000000	5.673680	-41.379601	-79.474098	115.594002	-36.577499	122.259003	0.000000	-0.000001	0.000001	0.000000	0.000000	0.000000	-2.782120	-41.625500	86.836403	-111.405998	-36.541500	-128.880005	-0.000000	-0.000001	0.000001	0.133101	-0.901148	0.002093	0.000000	-0.000000	-0.000000
0.413375	-0.845381	-5.107910	-2.463160	12.690300	0.541430	8.795440	-17.818600	1.963520	0.000000	-0.000000	0.000000	0.480058	14.052000	-0.116558	-0.774175	-20.244900	-0.106752	0.000000	-0.000000	0.000000	0.000000	-0.000000	0.000087	0.000000	0.000000	0.000000	5.510200	-38.078701	-79.069901	117.492996	-38.697899	123.779999	-0.000000	-0.000000	-0.000000	0.000000	0.000000	0.000000	-1.692360	-39.695599	88.416901	-111.697998	-38.160801	-128.059998	0.000001	-0.000001	0.000001	0.126886	-1.315720	0.002913	-0.000000	0.000000	0.000000
0.602057	-0.054106	-7.366610	-3.206510	11.449600	0.637153	10.132400	-17.044001	2.058090	0.000000	-0.000000	0.000000	-0.079690	12.236000	0.016892	0.058991	-18.848600	-0.006106	-0.000000	0.000000	-0.000001	-0.000000	0.000000	-0.000059	0.000000	0.000000	0.000000	1.392990	-44.514198	-87.517303	110.092003	-30.090500	118.719002	0.000000	-0.000001	0.000001	0.000000	0.000000	0.000000	6.781110	-46.519299	99.452499	-105.350998	-33.709400	-122.698997	-0.000000	0.000001	0.000000	-0.113847	-1.066590	-0.002119	-0.000000	0.000000	-0.000001
1.315420	0.622052	-6.239750	-3.653870	10.517900	0.667866	9.667410	-17.246901	1.807350	0.000000	0.000000	0.000000	-0.657888	10.502200	0.119924	-0.057776	-17.669300	-0.213891	0.000000	-0.000000	0.000000	-0.000000	-0.000000	-0.000052	0.000000	0.000000	0.000000	2.370280	-48.419102	-86.093399	110.796997	-26.833799	122.005997	0.000000	0.000001	-0.000001	0.000000	0.000000	0.000000	7.995540	-51.441101	100.181000	-103.251999	-29.423800	-123.037003	-0.000000	0.000001	0.000001	-0.026398	0.084438	0.000039	0.000000	0.000000	0.000000
0.887290	0.456349	-3.425870	-2.398130	8.759080	0.365399	8.249920	-14.249600	1.452080	-0.000000	0.000000	-0.000000	0.608447	11.167800	-0.117847	-1.194980	-17.952801	-0.184353	0.000000	-0.000000	0.000000	0.000000	-0.000000	0.000077	0.000000	0.000000	0.000000	10.104100	-50.961102	-75.152298	110.820000	-25.378099	122.338997	0.000000	-0.000000	0.000001	0.000000	0.000000	0.000000	1.129620	-55.559502	91.703003	-104.289001	-21.099600	-134.024994	0.000000	-0.000000	-0.000000	-0.296987	0.846936	0.004390	-0.000000	-0.000000	-0.000000
0.918288	0.319339	-5.813710	-2.688940	9.600550	0.448779	8.053690	-15.691500	1.465150	0.000000	-0.000000	0.000000	-0.260181	10.868200	0.049060	-0.095397	-17.207899	-0.103819	0.000000	-0.000000	-0.000000	0.000000	-0.000000	0.000108	0.000000	0.000000	0.000000	25.457899	-45.063301	-52.401299	111.123001	-18.847000	128.970001	0.000000	-0.000000	-0.000001	0.000000	0.000000	0.000000	-16.376400	-53.084000	71.944099	-107.830002	-16.091400	-148.904007	-0.000000	-0.000001	0.000001	-0.077767	1.087240	0.001476	-0.000000	-0.000000	0.000000
1.442210	0.571620	-7.104540	-3.956770	9.908370	0.681909	8.970820	-16.411301	1.436770	0.000000	-0.000000	-0.000000	-1.394970	10.491800	0.254069	0.671049	-18.227800	-0.219160	-0.000000	0.000000	0.000000	-0.000000	-0.000000	-0.000052	0.000000	0.000000	0.000000	36.446400	-35.252399	-32.439800	104.977997	-8.026140	133.462997	-0.000000	0.000001	-0.000000	0.000000	0.000000	0.000000	-31.860399	-44.818901	52.709000	-108.683998	-9.051450	-166.544006	0.000000	-0.000001	-0.000000	-0.049647	0.704337	0.000612	0.000000	0.000000	0.000000
1.596910	0.506355	-7.238610	-4.289800	9.133210	0.682167	8.938960	-14.793300	1.203520	-0.000000	-0.000000	0.000000	-1.854140	9.998860	0.322043	0.927239	-17.477100	-0.269935	0.000000	-0.000000	0.000000	0.000000	-0.000000	0.000067	0.000000	0.000000	0.000000	42.836498	-26.053801	-18.565300	92.902901	1.626050	96.680801	-0.000001	0.000000	0.000002	0.000000	0.000000	0.000000	-38.590099	-33.707699	40.623100	-105.977997	1.956050	161.785004	-0.000001	0.000000	0.000000	-0.061571	0.809495	0.000870	-0.000000	-0.000000	0.000001
1.246870	0.325537	-7.203288	-4.248410	10.049300	0.742653	9.744950	-15.701200	1.509540	-0.000000	0.000000	0.000000	-1.246340	10.921200	0.236167	0.364074	-18.121500	-0.267413	0.000000	-0.000000	0.000000	-0.000000	-0.000000	-0.000062	0.000000	0.000000	0.000000	45.130501	-15.437600	-7.113730	83.843803	0.733825	33.036201	-0.000001	-0.000000	0.000000	0.000000	0.000000	0.000000	-39.289501	-21.339701	31.575701	-102.499001	7.328120	139.307999	0.000000	0.000001	-0.000000	0.007562	0.864102	-0.000113	-0.000000	0.000000	0.000000
1.183570	1.035240	-7.356780	-3.721800	9.077760	0.588015	9.200190	-14.761800	1.411890	-0.000000	-0.000000	0.000000	-1.111510	10.316900	0.199088	0.718412	-18.035500	-0.116146	-0.000000	0.000000	0.000000	0.000000	0.000000	-0.000047	0.000000	0.000000	0.000000	43.833000	-6.725310	1.424590	79.251404	-3.380460	38.967800	0.000000	-0.000000	-0.000001	0.000000	0.000000	0.000000	-38.338001	-12.891000	24.627800	-97.362297	7.383000	122.698997	-0.000000	0.000001	0.000000	0.154515	1.232780	-0.003325	-0.000000	0.000000	0.000000
1.426300	1.720820	-7.556520	-3.793890	9.083000	0.599779	9.199810	-15.982400	1.505800	0.000000	-0.000000	0.000000	-1.108300	9.475430	0.182478	0.354784	-17.823799	-0.226032	0.000000	-0.000000	0.000000	-0.000000	-0.000000	0.000019	0.000000	0.000000	0.000000	41.911201	-1.862280	6.652690	75.463799	-6.395270	39.443600	0.000000	0.000000	-0.000000	0.000000	0.000000	0.000000	-37.152000	-8.980990	21.166201	-95.753601	6.575140	116.867996	-0.000000	0.000000	0.000000	0.458974	1.577410	-0.012635	0.000000	0.000000	-0.000000
1.661502	2.473383	-6.975890	-3.943910	7.143150	0.491187	8.952700	-14.346400	1.251720	-0.000000	0.000000	0.000000	-1.333040	8.683280	0.201291	0.350814	-18.608299	-0.308582	0.000000	-0.000000	-0.000000	-0.000000	0.000000	0.000005	0.000000	0.000000	0.000000	38.679001	-1.263810	7.744620	77.949203	-8.425890	49.419498	-0.000000	0.000001	-0.000000	0.000000	0.000000	0.000000	-36.675098	-7.949880	20.205601	-97.516403	5.497500	125.030998	-0.000000	-0.000001	0.000000	0.371852	1.937840	-0.012574	0.000000	-0.000000	-0.000000
1.646830	1.922860	-6.612740	-3.716090	7.281740	0.471661	8.508290	-13.639700	1.139690	-0.000000	0.000000	0.000000	-1.066720	9.117500	0.169053	-0.177193	-18.775999	-0.396096	-0.000000	-0.000000	-0.000000	0.000005	0.000000	-0.000037	0.000000	0.000000	0.000000	38.053299	-3.791700	4.649960	82.711304	-6.291390	58.072399	-0.000000	0.000000	-0.000001	0.000000	0.000000	0.000000	-35.535900	-10.013600	23.326401	-100.750999	5.613630	135.593994	0.000000	-0.000000	0.000001	0.422456	1.821770	-0.013430	-0.000000	0.000000	0.000000
1.098080	1.088920	-6.467400	-3.642060	8.395700	0.532477	9.285190	-13.918900	1.371080	-0.000000	0.000000	0.000000	-0.877903	10.289200	0.156821	0.347806	-19.018700	-0.168153	0.000000	0.000000	0.000000	0.000000	0.000000	0.000050	0.000000	0.000000	0.000000	38.406399	-7.882400	-0.522066	88.606003	-3.727720	77.843002	-0.000000	-0.000001	0.000000	0.000000	0.000000	0.000000	-36.129101	-14.211300	27.521000	-102.820000	5.115730	143.229004	0.000001	-0.000001	0.000001	0.165665	1.281730	-0.003705	0.000000	-0.000000	-0.000000
0.703388	0.672458	-6.296516	-2.934590	9.713030	0.495529	9.050120	-15.174100	1.617580	0.000000	-0.000000	-0.000000	-0.120233	11.791000	0.024572	-0.055877	-20.376699	-0.060442	-0.000000	0.000000	-0.000000	0.000000	0.000000	0.000017	0.000000	0.000000	0.000000	41.365799	-14.666600	-7.736980	93.274803	0.781420	111.525002	-0.000001	-0.000002	-0.000001	0.000000	0.000000	0.000000	-36.889702	-20.699900	33.007099	-105.537003	5.765560	148.496002	0.000000	-0.000000	0.000001	0.284514	1.064390	-0.005286	-0.000000	-0.000000	0.000000
0.991811	1.403360	-5.903670	-2.880150	9.131130	0.457443	8.720160	-16.073000	1.632270	-0.000000	0.000000	-0.000000	0.077643	10.884100	-0.014657	-0.696250	-20.471500	-0.216855	-0.000000	0.000000	0.000000	0.000000	0.000000	0.000088	0.000000	0.000000	0.000000	41.675098	-22.268000	-15.592000	100.969002	2.427590	161.145004	-0.000001	0.000000	-0.000000	0.000000	0.000000	0.000000	-37.266499	-28.008301	38.222198	-107.634003	2.582880	160.692001	-0.000000	-0.000001	0.000001	0.528276	1.469120	-0.013544	-0.000000	0.000000	0.000001
1.093120	1.711480	-6.259980	-2.925470	7.656900	0.390127	8.735580	-14.878200	1.503390	0.000000	0.000000	-0.000000	-0.169275	9.346010	0.027492	-0.409853	-18.885099	-0.186728	0.000000	-0.000000	-0.000000	-0.000005	-0.000001	0.000042	0.000000	0.000000	0.000000	39.939800	-30.321800	-24.681200	106.616997	0.018315	160.279007	-0.000000	-0.000000	-0.000001	0.000000	0.000000	0.000000	-33.050098	-38.190701	48.484200	-109.056000	0.191464	170.292007	0.000000	-0.000000	-0.000001	0.474764	1.581200	-0.013101	0.000000	-0.000000	0.000000
1.114990	1.367350	-7.093006	-3.879740	9.320070	0.629261	10.736700	-17.070601	2.036930	0.000000	0.000000	-0.000000	-0.567868	10.268800	0.101237	0.032946	-20.383499	-0.183155	0.000000	0.000000	-0.000000	0.000000	-0.000000	-0.000057	0.000000	0.000000	0.000000	37.766102	-38.568501	-33.758202	109.786003	-6.097010	148.039993	0.000000	-0.000000	0.000000	0.000000	0.000000	0.000000	-23.849400	-47.891201	62.490101	-107.345001	-5.474680	-172.783005	-0.000000	0.000000	-0.000000	0.376577	1.441030	-0.009470	0.000000	0.000000	0.000000
1.081991	1.383330	-6.638850	-4.216070	9.746100	0.714964	11.600900	-18.220301	2.339970	-0.000000	0.000000	0.000000	-0.486264	9.492960	0.080203	-0.029704	-18.731899	-0.163570	0.000000	-0.000000	-0.000000	-0.000000	0.000000	0.000002	0.000000	0.000000	0.000000	30.845400	-45.028702	-45.916901	113.725998	-15.538900	137.425003	0.000000	0.000000	0.000000	0.000000	0.000000	0.000000	-7.122120	-55.504002	82.761200	-104.037003	-10.546000	-154.121002	-0.000000	0.000000	-0.000001	0.168313	1.599290	-0.004696	-0.000000	-0.000000	0.000000
0.703281	0.583424	-3.418010	-2.363930	9.869890	0.405432	9.133060	-17.410999	2.044710	0.000000	-0.000000	-0.000000	0.905227	11.127900	-0.174716	-1.651410	-20.174200	-0.263234	-0.000000	-0.000001	0.000000	-0.000000	0.000000	0.000096	0.000000	0.000000	0.000000	16.671301	-52.954700	-67.068398	110.420998	-24.001200	122.452003	0.000000	-0.000001	0.000000	0.000000	0.000000	0.000000	5.350760	-56.891899	96.392799	-101.102997	-15.399900	-136.927994	-0.000000	0.000000	-0.000001	-0.116570	0.522303	0.001063	0.000000	-0.000000	-0.000001
0.325172	0.275353	-1.151260	-1.120060	9.280320	0.180652	7.393140	-15.851200	1.723830	-0.000000	-0.000000	0.000000	1.862160	12.911000	-0.416209	-2.244210	-21.829399	-0.159588	-0.000000	-0.000000	-0.000000	0.000000	-0.000000	-0.000081	0.000000	0.000000	0.000000	6.862130	-51.099098	-79.321404	110.023003	-34.276001	114.929001	0.000002	-0.000001	-0.000001	0.000000	0.000000	0.000000	9.013670	-52.119801	100.674004	-101.468002	-23.084000	-125.530998	-0.000001	0.000002	0.000001	-0.077822	-0.555489	-0.000755	0.000000	-0.000000	-0.000000
0.364794	-0.180802	-2.231005	-1.275500	10.131300	0.224404	7.330260	-15.942000	1.674280	-0.000000	0.000000	0.000000	1.252100	13.093000	-0.283682	-1.190130	-20.150999	0.010131	0.000000	0.000000	0.000000	-0.000000	0.000000	0.000071	0.000000	0.000000	0.000000	6.264860	-43.796700	-78.831200	114.216003	-43.158901	117.018997	0.000000	-0.000000	0.000000	0.000000	0.000000	0.000000	2.366930	-41.556099	93.526802	-109.675003	-32.004101	-129.429993	0.000001	-0.000001	-0.000001	0.004187	-1.398230	0.000101	0.000000	-0.000000	0.000000
0.509183	1.034868	-5.542270	-1.908950	10.133800	0.336000	8.270890	-17.873600	1.969140	0.000000	-0.000000	0.000000	0.533745	11.587000	-0.107206	-0.063579	-19.386700	0.152456	0.000000	0.000000	0.000000	0.000005	0.000000	-0.000014	0.000000	0.000000	0.000000	9.288360	-40.113701	-73.267197	120.712997	-44.321800	124.691002	0.000001	-0.000000	-0.000001	0.000000	0.000000	0.000000	1.430880	-39.796700	92.821503	-112.830002	-36.072102	-130.529007	0.000001	-0.000001	0.000000	0.071948	-1.352020	0.001697	0.000000	0.000000	0.000000
0.382591	0.823632	-8.381350	-2.123930	10.702100	0.394598	8.891280	-17.861799	2.095960	0.000000	0.000000	-0.000000	0.620322	10.963000	-0.117972	-0.034438	-19.837799	0.194983	-0.000000	0.000000	0.000000	-0.000000	-0.000000	-0.000094	0.000000	0.000000	0.000000	10.245800	-42.447899	-73.102501	117.667999	-38.492100	123.828003	0.000001	-0.000001	-0.000001	0.000000	0.000000	0.000000	9.239440	-46.936298	102.556999	-106.292999	-30.075701	-126.749001	-0.000000	-0.000001	0.000001	-0.206880	-1.070970	-0.003868	-0.000000	-0.000000	-0.000000
0.866218	0.352717	-6.281142	-2.673290	11.305800	0.524457	8.846850	-18.714500	2.004540	0.000000	0.000000	0.000000	0.173051	10.729500	-0.032215	-0.269869	-18.625900	-0.031893	-0.000000	-0.000000	-0.000000	0.000000	0.000000	0.000048	0.000000	0.000000	0.000000	9.992330	-46.899700	-74.626099	113.929001	-30.897499	123.180000	-0.000001	0.000002	0.000001	0.000000	0.000000	0.000000	7.247970	-51.468498	99.316399	-106.448997	-23.336201	-134.098007	-0.000000	0.000001	-0.000000	-0.123670	-0.277542	-0.000599	0.000000	0.000000	0.000000
0.901643	-0.068916	-6.677606	-3.088460	9.534950	0.512087	8.588670	-14.906800	1.430070	0.000000	-0.000000	0.000000	-0.564540	11.083600	0.108535	0.520834	-18.443199	-0.010501	-0.000000	0.000001	-0.000000	0.000000	-0.000000	0.000068	0.000000	0.000000	0.000000	18.625000	-41.282200	-59.424599	117.559998	-27.456301	130.533997	0.000000	-0.000000	-0.000001	0.000000	0.000000	0.000000	-4.540250	-51.447498	85.494797	-108.518997	-16.861799	-147.266998	-0.000001	0.000000	-0.000000	0.033069	0.752082	-0.000434	0.000000	0.000000	0.000000
0.597934	0.839405	-7.634456	-2.797530	8.939690	0.435063	8.754800	-15.226600	1.578890	0.000000	-0.000000	0.000000	-0.213696	9.813110	0.036425	0.265603	-18.424500	0.017387	-0.000000	-0.000000	0.000000	-0.000000	-0.000000	0.000013	0.000000	0.000000	0.000000	31.242399	-35.417099	-38.285000	115.987000	-22.710199	132.126999	0.000000	-0.000000	0.000000	0.000000	0.000000	0.000000	-24.729099	-46.141602	61.036598	-111.988998	-11.583100	-162.815994	0.000000	-0.000000	-0.000001	0.325208	1.126380	-0.006392	0.000000	0.000000	-0.000001
1.008911	0.594194	-7.683780	-3.384980	9.555140	0.562535	8.699540	-15.573900	1.443390	0.000000	-0.000001	-0.000000	-0.891149	11.180200	0.172805	0.702855	-20.300900	-0.059464	-0.000000	-0.000000	-0.000001	0.000000	-0.000000	-0.000045	0.000000	0.000000	0.000000	36.659500	-24.668100	-21.919600	110.578003	-17.258301	130.126999	0.000000	0.000000	-0.000000	0.000000	0.000000	0.000000	-37.982899	-35.805698	42.412498	-111.279999	-5.505000	-177.755005	0.000001	-0.000001	0.000000	-0.077797	0.874141	0.001187	-0.000000	0.000000	-0.000000
0.986579	1.502399	-7.966998	-3.586880	8.290590	0.517870	9.318720	-15.290000	1.526210	-0.000000	-0.000000	-0.000001	-0.724753	9.659020	0.121610	0.503551	-19.395901	-0.070053	0.000000	-0.000000	0.000000	-0.000000	-0.000000	0.000065	0.000000	0.000000	0.000000	39.855202	-15.593300	-9.467640	102.170998	-10.762600	123.372002	-0.000000	0.000000	-0.000001	0.000000	0.000000	0.000000	-43.273499	-25.273701	31.320299	-108.208000	3.173780	157.932007	0.000000	-0.000000	0.000000	-0.232057	1.360630	0.005511	0.000000	0.000000	-0.000000
1.086180	2.181331	-8.000847	-3.300560	7.621840	0.438246	8.784870	-15.825500	1.507880	-0.000000	0.000000	-0.000000	-0.684040	8.023220	0.095483	0.568619	-17.679199	-0.033025	0.000000	-0.000001	0.000001	0.000000	0.000000	-0.000023	0.000000	0.000000	0.000000	41.361900	-7.782080	0.035677	94.602699	-8.034400	106.084000	0.000000	0.000001	0.000000	0.000000	0.000000	0.000000	-44.507999	-16.469000	23.917200	-104.192001	7.635240	139.483002	-0.000000	-0.000000	0.000001	-0.080213	1.737910	0.002433	-0.000000	0.000000	-0.000000
1.265236	3.143539	-8.188805	-3.330250	6.485340	0.376568	8.667130	-15.705300	1.454340	0.000000	-0.000000	-0.000000	-0.730824	6.533640	0.083163	0.501578	-17.179300	-0.066310	0.000000	0.000000	-0.000000	0.000000	-0.000000	-0.000106	0.000000	0.000000	0.000000	42.110100	-1.092150	7.535100	86.989098	-9.646760	79.279297	0.000000	0.000000	0.000000	0.000000	0.000000	0.000000	-45.695702	-13.092900	20.466700	-101.178001	12.290900	123.666000	-0.000000	0.000000	0.000000	-0.080339	2.127410	0.002983	-0.000000	0.000000	0.000001
1.424280	2.895460	-8.389789	-3.579620	6.829480	0.426220	8.838740	-16.319099	1.488770	0.000000	-0.000000	-0.000001	-0.960055	6.652770	0.111239	0.586303	-17.361900	-0.109609	0.000000	-0.000000	-0.000000	0.000000	-0.000000	0.000058	0.000000	0.000000	0.000000	40.136398	3.010720	12.477700	83.165298	-12.836500	70.726097	0.000000	-0.000000	-0.000000	0.000000	0.000000	0.000000	-44.578201	-11.189300	19.418301	-100.958000	9.917460	126.283997	-0.000001	-0.000001	0.000001	-0.111901	2.265690	0.004425	0.000000	0.000000	0.000000
0.982990	2.961160	-8.427840	-2.790090	6.001580	0.291951	7.931030	-14.474100	1.292030	0.000000	-0.000000	-0.000000	-0.682783	6.543240	0.077810	0.621989	-17.356800	-0.016812	0.000000	-0.000000	-0.000000	-0.000000	0.000000	0.000011	0.000000	0.000000	0.000000	39.116501	5.232150	15.327500	79.690300	-15.553100	64.904999	0.000000	0.000001	0.000000	0.000000	0.000000	0.000000	-43.990799	-12.708900	21.072001	-101.164001	10.892600	125.661003	-0.000000	-0.000001	0.000000	-0.227548	2.240000	0.008895	0.000000	0.000000	0.000000
0.621191	2.959550	-8.345930	-2.096790	7.074810	0.258366	7.611270	-16.622499	1.586590	0.000000	0.000000	0.000001	-0.215694	6.943280	0.026075	0.963300	-18.030001	0.231892	0.000000	-0.000001	-0.000000	-0.000000	-0.000000	-0.000039	0.000000	0.000000	0.000000	39.862400	5.735940	15.583200	77.086502	-13.744700	57.038700	0.000000	-0.000000	-0.000001	0.000000	0.000000	0.000000	-41.531300	-14.387100	24.030701	-103.388000	11.669600	130.007004	-0.000000	0.000000	0.000001	-0.089393	2.118920	0.003306	0.000000	-0.000000	-0.000001
0.182511	3.398450	-7.887410	-1.244850	6.576270	0.142592	7.148400	-15.978300	1.632690	0.000000	-0.000000	-0.000000	0.739780	7.829380	-0.100778	0.239928	-20.476900	0.340339	-0.000000	0.000001	0.000000	-0.000000	-0.000000	0.000031	0.000000	0.000000	0.000000	40.131500	4.880330	14.548000	77.237396	-13.582500	57.162899	-0.000000	-0.000001	-0.000000	0.000000	0.000000	0.000000	-42.579601	-17.189301	25.745701	-102.595001	12.029900	128.585999	0.000000	0.000000	0.000000	-0.422164	2.065130	0.015215	0.000000	0.000000	-0.000000
0.077176	4.512280	-7.761382	-1.118240	5.434490	0.105921	7.542690	-16.681999	1.852780	0.000000	-0.000000	-0.000000	1.095610	5.953880	-0.113657	0.128013	-19.299999	0.402521	-0.000000	0.000000	-0.000000	-0.000000	0.000001	0.000020	0.000000	0.000000	0.000000	38.209599	4.593040	14.974400	80.000801	-18.073400	68.079399	0.000000	-0.000001	-0.000000	0.000000	0.000000	0.000000	-40.619801	-18.909599	28.569500	-106.392998	8.212800	143.001999	-0.000000	0.000000	-0.000001	-0.400496	2.596150	0.018142	-0.000000	0.000000	0.000000
-0.037922	4.569970	-7.455598	-0.835976	4.195120	0.061160	7.173960	-15.052800	1.652900	0.000000	0.000000	0.000000	1.497930	4.285830	-0.111968	-0.553839	-16.946899	0.273987	-0.000000	-0.000000	-0.000000	-0.000000	0.000000	-0.000053	0.000000	0.000000	0.000000	35.923698	3.868970	15.003300	84.387199	-24.456301	80.344200	0.000001	-0.000001	-0.000000	0.000000	0.000000	0.000000	-38.846001	-20.703400	31.442200	-106.267998	-0.257168	164.414993	-0.000000	0.000000	-0.000000	-0.667766	2.617360	0.030496	-0.000000	0.000000	-0.000001
-0.871679	4.411361	-7.366439	0.125506	6.028180	-0.013178	7.492900	-18.561100	2.437740	0.000000	-0.000001	-0.000000	2.667610	4.672170	-0.217442	-0.855830	-16.708401	0.518490	0.000000	-0.000000	-0.000000	-0.000000	0.000000	0.000021	0.000000	0.000000	0.000000	36.590698	2.482950	13.004400	86.336197	-28.283300	84.510696	0.000000	0.000000	0.000000	0.000000	0.000000	0.000000	-37.240398	-23.543600	35.126099	-105.332001	-4.872280	179.417999	0.000001	0.000001	0.000001	-0.791395	2.301750	0.031786	0.000000	-0.000000	-0.000000
-0.955578	4.390643	-6.762187	0.852083	5.116710	-0.075998	6.217560	-17.210300	2.100480	-0.000000	-0.000000	0.000000	2.921960	4.569760	-0.233001	-0.956509	-16.698099	0.562255	0.000000	0.000000	0.000000	0.000000	-0.000000	-0.000120	0.000000	0.000000	0.000000	35.178101	-0.991481	8.783080	90.430298	-28.561600	91.194801	-0.000001	-0.000000	-0.000000	0.000000	0.000000	0.000000	-35.295601	-23.552099	36.882500	-107.123001	-6.878610	-174.386993	0.000002	-0.000001	0.000001	-0.728619	2.471520	0.031422	-0.000000	0.000000	-0.000000
-0.916485	4.871601	-6.407609	0.835544	4.551830	-0.066313	6.132870	-17.513599	2.105660	-0.000000	-0.000000	-0.000000	2.737750	4.464510	-0.213272	-0.793885	-17.463900	0.581063	0.000000	0.000000	0.000000	-0.000000	0.000000	0.000066	0.000000	0.000000	0.000000	34.274601	-4.334570	4.162160	97.578903	-26.088200	103.955002	0.000001	0.000001	-0.000000	0.000000	0.000000	0.000000	-34.773899	-23.337000	37.168800	-110.181000	-8.032340	-172.514008	-0.000000	-0.000001	0.000000	-0.483853	2.481260	0.020949	-0.000000	0.000001	-0.000001
-0.945931	4.943790	-7.189001	0.928821	4.563010	-0.073900	6.142380	-17.736200	2.163200	-0.000000	-0.000000	0.000000	2.761360	4.401000	-0.212061	-0.535494	-17.931999	0.683110	-0.000000	0.000000	-0.000000	0.000000	-0.000000	0.000050	0.000000	0.000000	0.000000	34.405102	-7.242670	-0.082716	105.295998	-24.223200	117.662003	-0.000001	0.000000	-0.000000	0.000000	0.000000	0.000000	-32.519699	-25.736099	41.420601	-114.149002	-8.960190	-171.751999	-0.000001	0.000002	-0.000000	-0.425092	2.654790	0.019691	0.000000	0.000000	-0.000002
-0.943806	4.792099	-8.073471	0.844181	4.499270	-0.066227	6.815920	-16.936701	2.242970	0.000000	0.000000	-0.000000	2.905820	3.751880	-0.190306	-0.844721	-16.855000	0.596040	0.000000	0.000000	0.000000	0.000000	-0.000000	0.000006	0.000000	0.000000	0.000000	35.549801	-11.091400	-5.351720	113.564003	-24.474300	129.063004	0.000000	-0.000001	0.000001	0.000000	0.000000	0.000000	-28.940901	-30.481701	48.843102	-115.537003	-9.512050	-170.447998	-0.000000	0.000001	0.000002	-0.548315	2.635130	0.025210	0.000000	0.000000	-0.000001
-1.066328	4.477435	-9.346707	0.756327	4.661640	-0.061470	7.387990	-16.054199	2.265680	-0.000000	-0.000000	-0.000000	2.848150	3.580240	-0.178001	-0.394697	-15.705400	0.662991	0.000000	-0.000000	-0.000000	0.000000	-0.000000	0.000003	0.000000	0.000000	0.000000	34.671101	-17.393999	-14.527200	120.995003	-24.070000	137.785004	0.000000	-0.000002	0.000000	0.000000	0.000000	0.000000	-21.725599	-38.373901	61.915401	-114.497002	-10.434200	-166.669998	-0.000000	-0.000001	0.000001	-0.064260	2.444030	0.002742	0.000000	-0.000000	0.000000
-1.008019	4.874300	-9.841348	0.936182	4.554660	-0.074349	7.436340	-16.237700	2.355780	-0.000000	-0.000000	-0.000000	3.015700	3.323660	-0.175001	-0.463061	-16.254900	0.713520	0.000000	-0.000001	-0.000000	-0.000000	0.000000	0.000113	0.000000	0.000000	0.000000	30.364500	-25.561399	-28.996300	126.098000	-24.409599	142.709000	0.000000	-0.000000	0.000000	0.000000	0.000000	0.000000	-11.612300	-42.178501	76.061203	-114.397003	-15.460600	-156.546997	-0.000001	-0.000000	0.000002	-0.436221	2.636620	0.020067	-0.000000	-0.000000	0.000000
-1.048590	3.740730	-6.316710	0.997357	5.913450	-0.102763	7.000980	-16.884701	2.335430	-0.000000	-0.000000	-0.000000	3.305970	4.743400	-0.273682	-1.599110	-15.935600	0.465641	0.000000	-0.000000	0.000000	-0.000005	0.000000	0.000017	0.000000	0.000000	0.000000	18.545401	-37.801899	-57.097698	122.336998	-25.836700	138.143005	-0.000000	-0.000001	0.000000	0.000000	0.000000	0.000000	-1.918460	-44.570499	88.414902	-111.455002	-20.305599	-144.772995	0.000000	0.000000	0.000001	-0.474928	1.863020	0.015441	-0.000000	-0.000000	0.000001
-0.903834	3.232001	-6.034630	0.486290	6.321810	-0.053546	7.049780	-16.403700	2.138720	0.000000	-0.000000	-0.000000	2.661330	7.084840	-0.328477	-0.921910	-17.943600	0.529757	0.000000	-0.000000	0.000000	0.000000	-0.000000	0.000034	0.000000	0.000000	0.000000	6.520770	-41.753700	-78.504601	117.138000	-27.880400	130.936996	0.000001	0.000001	-0.000000	0.000000	0.000000	0.000000	7.031570	-44.954601	99.790604	-108.986000	-25.493799	-134.401001	0.000001	-0.000001	-0.000001	-0.020336	0.742041	0.000264	0.000000	-0.000000	-0.000000
