-0.730708	1.761930	-6.932690	0.964721	0.044008	-0.000741	-5.707970	12.616100	1.038280	0.000000	-0.000000	0.000000	1.521470	4.100870	-0.108827	5.759010	-12.369800	1.566830	-0.000000	-0.000000	0.000000	-0.000002	-0.000000	-0.000043	0.000000	0.000000	0.000000	34.773499	4.704170	16.941000	93.813004	-22.475201	98.590401	-0.000000	0.000000	0.000000	0.000000	0.000000	0.000000	-31.993200	-14.188700	31.709499	-104.778000	20.386801	122.161003	-0.000000	-0.000001	0.000000	-0.332135	1.829920	0.010608	-0.000000	0.000000	0.000001
-0.762802	1.037201	-6.876970	0.917856	1.650560	-0.026439	-6.123280	9.316910	0.845062	-0.000000	-0.000000	0.000000	1.807610	4.592310	-0.144773	3.977200	-11.679300	1.173680	-0.000000	-0.000000	-0.000000	-0.000000	-0.000000	-0.000061	0.000000	0.000000	0.000000	37.693199	0.795179	10.798600	96.384300	-15.477800	106.584000	-0.000000	0.000000	0.000000	0.000000	0.000000	0.000000	-31.649799	-16.282499	34.372700	-107.637001	19.608200	128.216995	0.000000	0.000000	0.000000	-0.195039	1.553020	0.005286	-0.000000	0.000000	-0.000000
-0.856989	0.984131	-6.704300	0.783229	1.594300	-0.021792	-5.209720	10.022800	0.771936	0.000000	-0.000000	-0.000000	2.308580	3.484630	-0.140393	2.435290	-8.994400	0.742632	-0.000000	-0.000000	-0.000000	-0.000001	-0.000000	0.000056	0.000000	0.000000	0.000000	37.683601	-1.938910	7.303270	101.815002	-16.668600	117.414001	-0.000001	-0.000001	0.000000	0.000000	0.000000	0.000000	-31.627199	-17.992100	36.173599	-110.597000	16.455799	136.584000	0.000000	0.000000	0.000001	-0.066341	1.654330	0.001916	0.000000	-0.000000	-0.000001
-1.052890	0.436520	-6.310532	1.164190	2.544030	-0.051681	-5.705900	9.558030	0.755872	-0.000000	0.000000	-0.000000	2.773220	4.740670	-0.229371	1.707160	-10.165600	0.790637	0.000000	0.000000	0.000000	0.000000	0.000000	0.000066	0.000000	0.000000	0.000000	39.831200	-7.599440	0.153513	104.565002	-14.540400	124.151001	0.000001	0.000001	-0.000001	0.000000	0.000000	0.000000	-29.449400	-22.251101	42.563400	-113.625999	17.240601	140.865997	-0.000000	-0.000001	-0.000000	-0.116494	1.405150	0.002858	0.000000	-0.000000	-0.000000
-1.102840	0.539499	-5.541536	1.376920	2.648350	-0.063633	-5.450620	9.673630	0.685901	-0.000000	-0.000000	-0.000000	2.919140	4.805200	-0.244740	1.600640	-10.396700	0.815424	-0.000000	0.000000	0.000000	-0.000001	-0.000000	-0.000029	0.000000	0.000000	0.000000	41.745399	-15.576700	-8.580100	108.026001	-11.019000	134.720001	-0.000000	0.000001	-0.000001	0.000000	0.000000	0.000000	-29.858101	-27.474899	46.219601	-114.954002	16.345301	144.600006	-0.000000	-0.000001	0.000001	0.063915	1.280450	-0.001427	-0.000000	0.000000	-0.000000
-0.909985	0.524096	-4.615478	0.647802	2.438110	-0.027557	-3.914080	9.398670	0.534054	-0.000000	0.000000	-0.000000	2.419040	4.600880	-0.194155	1.806500	-9.896910	0.726200	0.000000	-0.000000	0.000000	-0.000001	-0.000000	-0.000007	0.000000	0.000000	0.000000	40.767399	-21.804100	-15.795700	111.867996	-13.175400	137.302994	0.000000	0.000001	0.000000	0.000000	0.000000	0.000000	-31.955799	-33.035801	47.430099	-114.842003	12.714400	150.149002	0.000000	-0.000000	0.000000	0.099759	1.118780	-0.001946	0.000000	-0.000000	-0.000001
-0.858542	0.379052	-3.035360	0.650032	2.001780	-0.022706	-4.661220	11.388400	0.793371	0.000000	-0.000000	-0.000000	2.278280	5.334860	-0.211935	2.089070	-11.256900	0.852192	0.000000	-0.000000	0.000000	0.000001	0.000000	-0.000056	0.000000	0.000000	0.000000	38.567902	-30.631001	-26.232500	112.954002	-15.973300	134.817001	0.000000	-0.000000	0.000000	0.000000	0.000000	0.000000	-31.384399	-37.668400	50.371498	-115.249001	7.522410	159.414001	0.000000	-0.000001	0.000000	-0.058284	1.460660	0.001486	-0.000000	-0.000000	-0.000000
-0.817973	-0.036146	-1.977821	0.798425	2.642890	-0.036817	-5.092820	10.032600	0.749633	0.000000	0.000000	0.000000	1.891340	6.543800	-0.215617	3.039190	-12.237400	1.044920	-0.000000	0.000000	0.000000	0.000001	0.000000	0.000030	0.000000	0.000000	0.000000	36.044899	-35.768398	-33.181801	114.912003	-22.852301	129.985992	0.000000	0.000001	-0.000000	0.000000	0.000000	0.000000	-28.740299	-42.925800	55.466599	-114.461998	1.687280	170.328003	0.000000	0.000000	-0.000000	-0.364660	1.472510	0.009371	-0.000000	-0.000000	0.000000
-1.092510	-0.006816	-1.981870	0.886383	2.364440	-0.036570	-4.391730	10.920300	0.665013	-0.000000	-0.000000	-0.000000	2.382670	6.072560	-0.252199	2.165570	-11.231800	0.885070	0.000000	0.000000	0.000000	-0.000001	-0.000000	0.000005	0.000000	0.000000	0.000000	30.025000	-42.452702	-45.171799	114.616997	-24.064501	128.496002	0.000000	-0.000001	0.000000	0.000000	0.000000	0.000000	-21.785299	-48.210602	65.003799	-114.278999	-3.233540	-179.037003	-0.000000	-0.000000	0.000001	-0.387659	1.302080	0.008810	-0.000000	0.000000	-0.000000
-1.247740	0.031397	-2.473920	0.947585	2.026110	-0.033504	-5.447710	11.568400	0.904352	-0.000000	0.000000	0.000000	2.403360	6.193000	-0.259419	2.035930	-11.501700	0.884067	0.000000	-0.000000	-0.000000	-0.000001	-0.000000	-0.000007	0.000000	0.000000	0.000000	22.663799	-48.355900	-57.979698	112.639999	-25.700600	124.292999	-0.000001	0.000000	0.000000	0.000000	0.000000	0.000000	-13.109300	-53.104900	75.903503	-110.735001	-10.176600	-162.912003	-0.000000	0.000000	0.000000	-0.265232	1.372330	0.006353	0.000000	-0.000000	0.000000
-1.264100	-0.048703	-1.948973	0.598067	2.736260	-0.028551	-3.846280	9.128870	0.515998	-0.000000	-0.000000	0.000000	2.317520	6.165250	-0.249026	1.813970	-11.404300	0.815616	-0.000000	0.000000	-0.000000	0.000001	0.000000	0.000030	0.000000	0.000000	0.000000	10.135100	-54.514900	-76.412201	106.112999	-25.226700	113.556999	0.000000	0.000001	0.000000	0.000000	0.000000	0.000000	-3.696830	-55.203400	86.693398	-109.177002	-15.751400	-150.195007	-0.000000	-0.000001	0.000000	-0.441026	1.292630	0.009949	0.000000	-0.000000	-0.000000
-1.122710	-0.297965	-0.231811	0.079910	3.307700	-0.004610	-3.007190	9.692200	0.493263	0.000000	0.000000	0.000000	2.100000	6.624560	-0.242369	1.632630	-11.271400	0.727810	0.000000	-0.000000	-0.000000	-0.000001	-0.000000	-0.000055	0.000000	0.000000	0.000000	-2.529850	-54.250198	-92.899200	104.627998	-27.569599	109.599998	-0.000001	0.000001	0.000001	0.000000	0.000000	0.000000	0.829223	-52.694698	91.640404	-108.758003	-21.994400	-139.779007	-0.000000	-0.000001	0.000000	-0.410405	0.127586	0.000914	-0.000000	-0.000000	-0.000000
-1.168320	-0.191823	0.515840	0.293103	4.185450	-0.021392	-2.815060	7.254390	0.318762	0.000000	0.000000	0.000000	2.372060	7.750160	-0.320060	1.324600	-12.018100	0.766210	-0.000000	-0.000000	-0.000000	0.000001	0.000000	-0.000093	0.000000	0.000000	0.000000	-3.430720	-48.756401	-94.388100	107.501999	-32.316601	112.543999	-0.000000	0.000001	-0.000000	0.000000	0.000000	0.000000	4.231720	-48.034199	95.795197	-108.942001	-25.402800	-135.274002	0.000001	-0.000000	0.000000	-0.124528	-0.924134	-0.002009	-0.000000	0.000000	-0.000000
-1.059500	-0.296660	1.552740	0.277029	4.454090	-0.021514	-2.870770	7.083850	0.320184	-0.000000	-0.000000	0.000000	2.452780	8.673810	-0.370122	1.116590	-13.339600	0.818039	0.000000	-0.000000	0.000000	0.000001	0.000000	0.000003	0.000000	0.000000	0.000000	-6.090030	-48.803101	-98.091698	106.375000	-31.284100	111.249001	0.000000	-0.000001	-0.000000	0.000000	0.000000	0.000000	8.105760	-51.356098	99.973801	-104.207001	-24.580900	-129.037003	0.000001	0.000001	-0.000001	-0.494065	-1.090150	-0.009400	0.000000	-0.000000	0.000000
-1.271750	-0.457701	0.980475	0.385434	4.109590	-0.027622	-3.049430	8.019110	0.372038	-0.000000	0.000000	0.000000	2.467080	9.599840	-0.411672	1.323080	-14.484200	0.940583	0.000000	-0.000000	0.000000	-0.000001	0.000000	0.000098	0.000000	0.000000	0.000000	-8.704840	-52.377602	-101.237999	102.972000	-28.105101	106.398003	0.000001	-0.000002	-0.000000	0.000000	0.000000	0.000000	6.183570	-51.775600	97.768799	-105.745003	-21.852100	-134.873001	-0.000001	0.000001	0.000001	-0.401004	-0.665931	-0.004661	0.000000	-0.000000	-0.000000
-0.656437	-0.483447	-0.822526	-0.083274	4.549710	0.006607	-4.457600	7.430990	0.588461	0.000000	0.000000	-0.000000	1.680060	10.104300	-0.294829	1.429780	-16.023600	0.851977	-0.000000	-0.000000	-0.000000	-0.000001	-0.000000	-0.000041	0.000000	0.000000	0.000000	-2.882970	-53.927502	-93.464500	102.330002	-22.680401	107.942001	-0.000001	-0.000000	0.000000	0.000000	0.000000	0.000000	4.003960	-55.390999	95.251404	-105.695999	-19.206900	-139.160995	-0.000000	0.000000	0.000001	-0.221980	0.118857	0.000460	-0.000000	-0.000000	0.000000
-0.846614	-1.668750	0.366451	0.010480	4.316870	-0.000788	-2.916590	12.242600	0.616757	0.000000	0.000000	0.000000	1.967570	10.781800	-0.368210	1.523790	-14.778800	0.882737	-0.000000	0.000000	-0.000000	0.000001	0.000000	-0.000032	0.000000	0.000000	0.000000	7.839090	-53.004501	-78.844398	104.763000	-22.250299	113.107002	-0.000000	0.000001	0.000000	0.000000	0.000000	0.000000	-9.103270	-52.890400	80.094002	-108.026001	-13.578200	-152.914001	0.000000	-0.000001	-0.000000	-0.182151	0.318539	0.001013	-0.000000	-0.000000	0.000000
-0.850863	-1.213660	0.052954	0.352990	4.866540	-0.029946	-3.508180	9.443980	0.518434	-0.000000	0.000000	0.000000	2.080410	9.593230	-0.346852	2.196140	-13.001100	0.957207	-0.000000	-0.000000	0.000000	0.000001	0.000000	0.000051	0.000000	0.000000	0.000000	22.084700	-49.029900	-58.736900	106.038002	-19.271500	118.178001	0.000000	0.000001	0.000001	0.000000	0.000000	0.000000	-23.389601	-49.088501	63.185699	-110.167000	-7.660970	-168.815994	-0.000000	0.000000	-0.000001	-0.424297	0.788827	0.005842	0.000000	0.000000	-0.000000
-0.827929	-1.232369	-0.683514	0.282592	4.958490	-0.024425	-3.479140	9.436370	0.524786	0.000000	0.000000	0.000000	2.095510	9.249300	-0.336957	2.132190	-12.079300	0.880517	-0.000000	-0.000000	0.000000	-0.000000	-0.000000	-0.000034	0.000000	0.000000	0.000000	31.956499	-40.983002	-41.723000	106.000999	-14.716700	123.448997	-0.000000	0.000000	0.000000	0.000000	0.000000	0.000000	-34.364300	-41.082901	48.533798	-110.297997	0.053976	171.352005	0.000001	-0.000000	0.000000	-0.089782	0.454323	0.000712	-0.000000	-0.000000	-0.000000
-0.612448	0.329674	-0.943860	0.259989	3.359150	-0.015233	-3.934740	9.947460	0.635720	-0.000000	-0.000000	-0.000000	2.006490	6.952450	-0.242974	1.724780	-10.671700	0.689161	0.000000	0.000000	-0.000000	0.000001	0.000000	-0.000006	0.000000	0.000000	0.000000	37.953400	-32.553200	-28.389999	102.630997	-6.815580	129.266998	-0.000000	0.000000	0.000000	0.000000	0.000000	0.000000	-38.403099	-29.960199	38.610500	-109.952003	7.102430	153.470001	-0.000000	-0.000000	-0.000000	-0.282511	1.469260	0.007244	0.000000	-0.000000	-0.000000
-0.405930	0.409822	-0.895520	0.078402	3.192880	-0.004367	-4.126600	8.748250	0.616726	0.000000	-0.000000	0.000000	1.860540	6.929310	-0.224542	1.390380	-11.348500	0.637682	0.000000	0.000000	0.000000	-0.000001	-0.000000	0.000036	0.000000	0.000000	0.000000	39.853001	-21.233801	-15.546200	95.987900	-6.768360	107.554001	0.000000	-0.000000	-0.000000	0.000000	0.000000	0.000000	-42.100899	-20.228901	28.581301	-104.555000	10.830500	135.925995	-0.000000	0.000000	-0.000000	-0.115156	1.474050	0.002962	0.000000	-0.000000	0.000000
-0.242252	0.065787	-1.536920	-0.696257	3.374070	0.040980	-3.575420	10.230100	0.759808	0.000000	-0.000000	-0.000000	1.129630	8.512760	-0.167239	1.972160	-13.676600	0.731120	0.000000	-0.000000	-0.000000	-0.000001	-0.000000	0.000045	0.000000	0.000000	0.000000	38.741402	-9.943030	-2.860200	91.941498	-11.462000	93.103996	-0.000000	0.000000	0.000000	0.000000	0.000000	0.000000	-41.791100	-14.501200	24.054100	-98.194801	14.295300	115.543999	0.000000	0.000000	-0.000000	-0.122017	1.357380	0.002890	0.000000	-0.000000	-0.000000
0.279049	0.992735	-1.759460	-1.383760	3.000220	0.072440	-3.348240	9.939030	0.818222	-0.000000	-0.000000	-0.000000	0.242648	8.399850	-0.035445	2.472450	-14.503100	0.679774	0.000000	-0.000000	-0.000000	-0.000001	-0.000000	-0.000039	0.000000	0.000000	0.000000	36.502701	-3.069990	5.882300	89.006401	-15.305800	86.597900	-0.000000	0.000000	0.000000	0.000000	0.000000	0.000000	-40.276699	-10.037900	20.702801	-96.034500	14.262800	108.654999	0.000000	0.000000	0.000000	0.199988	1.661090	-0.005797	-0.000000	-0.000000	0.000000
0.386850	0.678071	-2.157670	-1.810380	1.877630	0.059337	-3.020240	13.117800	1.098570	-0.000000	-0.000000	0.000000	0.009055	7.841040	-0.001234	2.522710	-13.673900	0.598844	0.000000	0.000000	0.000000	0.000001	0.000000	-0.000086	0.000000	0.000000	0.000000	35.592899	0.198466	10.408900	87.180801	-17.572300	83.031898	-0.000000	-0.000001	-0.000000	0.000000	0.000000	0.000000	-38.875198	-9.003490	20.415400	-94.981102	14.187800	105.669998	0.000000	-0.000000	-0.000000	-0.266947	1.467940	0.006839	-0.000000	0.000000	-0.000000
0.370992	0.547254	-1.836340	-1.495610	3.293680	0.085949	-4.614330	9.561760	1.018270	0.000000	-0.000000	0.000000	0.022250	8.238870	-0.003187	2.347460	-13.854200	0.567678	0.000000	0.000000	-0.000000	-0.000001	-0.000000	0.000048	0.000000	0.000000	0.000000	35.667500	-0.680604	9.194150	87.389900	-18.113800	83.480003	0.000000	-0.000000	-0.000000	0.000000	0.000000	0.000000	-38.506599	-9.221790	20.838100	-95.916298	14.633000	107.998001	-0.000000	-0.000000	0.000000	-0.387471	1.600950	0.010826	0.000000	-0.000000	0.000000
0.145013	0.698146	-0.657160	-0.920265	2.762510	0.044358	-4.246600	11.170000	1.003340	0.000000	-0.000000	0.000000	0.834895	8.680910	-0.126019	1.551330	-14.546500	0.597254	0.000000	-0.000000	0.000000	-0.000000	0.000000	0.000028	0.000000	0.000000	0.000000	35.097401	-5.329510	2.814860	93.250000	-15.541400	97.555000	-0.000000	-0.000001	0.000000	0.000000	0.000000	0.000000	-37.591400	-10.005400	22.177900	-100.749001	11.979500	123.500999	0.000000	0.000001	-0.000000	-0.151229	1.602700	0.004230	0.000000	-0.000000	0.000000
0.202931	1.116221	-0.157333	-1.175930	1.595010	0.032736	-3.418170	11.413500	0.910910	-0.000000	0.000000	-0.000000	0.904064	7.180520	-0.113012	1.439910	-12.752700	0.516121	-0.000000	-0.000000	0.000000	0.000001	-0.000000	-0.000115	0.000000	0.000000	0.000000	35.137199	-12.294300	-6.961360	100.208000	-11.515500	117.848000	-0.000000	-0.000000	0.000001	0.000000	0.000000	0.000000	-38.520901	-15.203800	26.828600	-103.036003	12.319600	129.550995	-0.000000	-0.000000	0.000000	-0.445303	1.829650	0.014218	-0.000000	-0.000000	0.000000
0.075536	0.957144	0.131265	-0.918686	2.069560	0.033179	-3.151180	9.515330	0.673800	0.000000	-0.000000	-0.000000	1.147800	7.339320	-0.146644	1.297380	-13.390600	0.564418	-0.000000	-0.000000	-0.000000	-0.000001	0.000000	0.000017	0.000000	0.000000	0.000000	36.737099	-23.538401	-20.211399	104.958000	-6.022930	138.011002	0.000000	0.000000	0.000000	0.000000	0.000000	0.000000	-38.365700	-22.594101	33.334999	-106.254997	10.510200	140.593994	-0.000001	-0.000000	0.000000	-0.311259	1.846970	0.010032	-0.000000	0.000000	0.000000
-0.046795	0.481148	0.796158	-0.701679	2.604340	0.031885	-2.972840	9.408810	0.601387	0.000000	-0.000000	-0.000000	1.216620	8.251610	-0.174636	1.681420	-14.163000	0.706578	-0.000000	0.000000	-0.000000	-0.000001	-0.000000	0.000059	0.000000	0.000000	0.000000	33.570000	-31.990101	-32.032501	109.038002	-12.861900	132.792007	-0.000000	-0.000001	0.000000	0.000000	0.000000	0.000000	-37.277302	-30.186501	39.634102	-110.347000	5.736460	157.048996	-0.000000	-0.000000	0.000001	-0.359808	1.680190	0.010550	0.000000	0.000000	0.000000
-0.382735	-0.015699	0.483669	-0.176403	4.022450	0.012375	-3.289260	7.877190	0.475481	-0.000000	0.000000	0.000000	1.990390	9.577780	-0.331302	0.845029	-15.914200	0.770423	0.000000	-0.000000	0.000000	-0.000002	0.000000	-0.000018	0.000000	0.000000	0.000000	27.716499	-39.383801	-45.420799	111.987000	-18.190399	130.731003	-0.000000	0.000000	-0.000000	0.000000	0.000000	0.000000	-30.334700	-41.186699	52.701801	-110.966003	0.191972	172.151001	-0.000001	0.000000	0.000000	-0.168050	1.467100	0.004303	-0.000000	0.000000	0.000000
-0.474824	-1.395540	1.480770	-0.017023	5.535890	0.001643	-3.502250	8.254870	0.505899	-0.000000	0.000000	-0.000000	2.157860	10.425900	-0.390672	0.545819	-14.693100	0.677182	0.000000	-0.000000	0.000000	0.000001	0.000000	-0.000001	0.000000	0.000000	0.000000	17.122101	-47.471600	-64.372101	108.515999	-22.896900	119.832001	-0.000000	0.000000	0.000001	0.000000	0.000000	0.000000	-17.203100	-45.574600	69.177696	-110.987999	-9.148640	-165.255997	0.000001	-0.000001	0.000000	-0.126352	0.787601	0.001737	0.000000	-0.000000	0.000000
-0.414247	-1.357570	4.382850	0.592671	4.626270	-0.047804	-3.015020	10.519800	0.442867	-0.000000	0.000000	0.000000	3.232270	11.536600	-0.647091	-0.653267	-16.158701	0.699957	0.000000	0.000000	-0.000000	0.000001	-0.000000	-0.000042	0.000000	0.000000	0.000000	-0.860844	-53.910801	-90.061699	102.834000	-23.302000	108.160004	-0.000000	-0.000000	0.000000	0.000000	0.000000	0.000000	-5.802710	-45.159000	82.762802	-110.522003	-15.672600	-150.761002	0.000000	0.000000	0.000000	-0.385307	-0.301770	-0.002030	-0.000000	-0.000000	0.000000
-0.636616	-1.588150	3.290970	0.909503	5.139660	-0.081483	-3.681050	10.555900	0.508788	0.000000	-0.000000	-0.000000	3.141570	13.246400	-0.720539	0.688500	-17.764400	1.144520	-0.000000	-0.000000	-0.000000	0.000001	-0.000000	0.000034	0.000000	0.000000	0.000000	-4.478710	-48.518600	-95.541901	105.306999	-30.460600	109.566002	-0.000001	0.000001	0.000001	0.000000	0.000000	0.000000	-1.884590	-40.674900	87.735199	-111.026001	-26.080200	-137.145004	0.000001	-0.000001	-0.000001	-0.421463	-1.139210	-0.008380	0.000000	0.000000	-0.000000
-0.675312	-1.527200	2.554400	0.927548	5.374600	-0.086888	-3.816440	11.603000	0.582337	-0.000000	-0.000000	0.000000	3.066900	13.563600	-0.719912	0.686166	-17.972200	1.133010	0.000000	0.000000	-0.000000	-0.000000	-0.000000	-0.000040	0.000000	0.000000	0.000000	-0.978143	-43.905102	-90.571800	109.226997	-38.025299	112.509003	0.000000	-0.000000	-0.000000	0.000000	0.000000	0.000000	-9.594300	-33.264801	75.658699	-120.273003	-41.277199	-136.326004	0.000000	0.000001	-0.000001	-0.699043	-1.432050	-0.017471	0.000000	0.000000	-0.000000
-0.597778	-1.030270	2.903240	0.880366	5.372730	-0.082439	-3.017280	10.963200	0.407313	-0.000000	0.000000	-0.000000	3.276790	13.073300	-0.741970	-0.036107	-18.084801	0.980489	-0.000000	-0.000000	-0.000000	0.000001	-0.000000	-0.000030	0.000000	0.000000	0.000000	-1.298070	-43.009998	-91.046402	111.049004	-39.336800	114.640999	0.000001	-0.000001	-0.000001	0.000000	0.000000	0.000000	-12.469700	-30.996901	70.457901	-125.964996	-44.859200	-140.330002	-0.000000	0.000000	-0.000000	-0.686519	-1.233200	-0.014776	-0.000000	-0.000000	0.000000
-0.565276	-1.257880	2.288640	0.830977	6.566920	-0.095040	-3.443620	7.456500	0.339992	-0.000000	-0.000000	-0.000000	2.782910	14.219000	-0.684068	1.921080	-20.545700	1.624020	-0.000000	0.000000	0.000000	0.000000	0.000000	0.000054	0.000000	0.000000	0.000000	-8.689780	-49.002800	-101.713997	102.997002	-29.027901	106.213997	0.000001	-0.000001	-0.000002	0.000000	0.000000	0.000000	-9.199970	-33.325100	76.315102	-119.983002	-38.566101	-137.682999	-0.000000	0.000000	0.000001	-0.794274	-1.286360	-0.017832	0.000000	-0.000000	0.000000
-0.546778	-1.149101	2.908310	0.809572	5.801800	-0.081842	-3.397710	8.921720	0.402292	0.000000	0.000000	-0.000000	3.071890	12.774800	-0.679875	0.323525	-17.776600	1.014430	-0.000000	0.000000	0.000000	0.000001	-0.000000	-0.000023	0.000000	0.000000	0.000000	-9.789520	-51.953701	-102.538002	101.412003	-25.125500	104.568001	-0.000000	0.000001	0.000000	0.000000	0.000000	0.000000	-4.452700	-40.008801	84.242897	-113.837997	-27.481899	-139.509995	0.000001	-0.000001	-0.000001	-0.489079	-1.028090	-0.008775	-0.000000	-0.000000	0.000000
-0.559834	-1.183180	3.816940	0.977554	4.118540	-0.070215	-3.151680	11.766800	0.444088	-0.000000	0.000000	0.000000	3.606210	12.408100	-0.775856	-0.560138	-16.984301	0.865855	0.000000	-0.000000	0.000000	0.000001	0.000000	0.000035	0.000000	0.000000	0.000000	-4.433750	-54.761101	-94.855698	101.301003	-23.195200	104.804001	-0.000000	-0.000000	-0.000000	0.000000	0.000000	0.000000	-7.577330	-46.103901	80.722099	-112.195000	-21.298201	-145.072998	0.000001	-0.000000	0.000000	-0.237438	-0.285284	-0.001182	0.000000	0.000000	0.000001
-1.026570	-1.313180	-0.095904	1.680890	3.527620	-0.103454	-4.856710	14.476200	0.795451	-0.000000	0.000000	0.000000	3.577760	12.234200	-0.759097	0.352554	-17.271999	1.144360	-0.000000	0.000000	0.000000	0.000000	0.000000	-0.000023	0.000000	0.000000	0.000000	17.388201	-50.821098	-65.652603	107.549004	-25.003799	116.206001	-0.000000	0.000000	0.000000	0.000000	0.000000	0.000000	-10.874000	-49.117401	77.662102	-109.525002	-15.120500	-152.130005	-0.000000	0.000001	0.000001	-0.518750	0.476595	0.004315	0.000000	-0.000000	0.000000
-1.137750	-0.756415	-1.519821	2.321970	4.385990	-0.177669	-4.768940	10.774900	0.459007	-0.000000	0.000000	-0.000000	3.531090	11.525100	-0.706356	2.759740	-17.797600	1.907830	-0.000000	-0.000000	0.000000	-0.000001	-0.000000	0.000031	0.000000	0.000000	0.000000	33.222698	-42.920502	-41.797600	110.653000	-25.173401	121.299004	0.000000	0.000000	0.000000	0.000000	0.000000	0.000000	-21.028601	-47.916901	65.750603	-109.995003	-7.629440	-168.848999	0.000001	0.000000	0.000000	-0.358766	0.888952	0.005566	-0.000000	0.000000	0.000000
-0.749907	0.628291	-2.182500	1.913580	3.352770	-0.111953	-3.964310	8.392860	0.299931	-0.000000	0.000000	-0.000000	3.704270	8.579480	-0.553359	0.786943	-14.998300	1.153700	0.000000	0.000000	0.000000	-0.000000	-0.000000	0.000068	0.000000	0.000000	0.000000	41.347000	-33.933102	-26.592600	109.435997	-20.950001	123.393997	0.000000	-0.000001	-0.000000	0.000000	0.000000	0.000000	-31.793100	-41.518398	51.612400	-110.332001	-1.131630	174.072998	0.000001	0.000000	-0.000001	0.042400	1.401540	-0.001037	0.000000	-0.000000	-0.000000
-0.853922	0.498731	-2.146320	1.737300	2.799940	-0.084890	-4.755220	8.818320	0.463393	-0.000000	-0.000000	-0.000000	3.352250	7.282490	-0.425412	0.865020	-12.986800	0.943240	-0.000000	0.000000	-0.000000	-0.000001	0.000000	-0.000056	0.000000	0.000000	0.000000	45.984699	-25.668501	-15.953000	102.844002	-16.104601	116.255997	0.000000	0.000001	-0.000001	0.000000	0.000000	0.000000	-38.179901	-31.745600	40.060001	-108.839996	4.302190	158.136993	-0.000000	-0.000000	0.000001	0.085630	1.214550	-0.001815	-0.000000	0.000000	0.000000
-1.420040	1.307880	-3.290540	2.613770	1.676120	-0.076504	-5.027490	11.224900	0.470345	-0.000000	0.000000	-0.000000	4.318440	6.671630	-0.502649	0.377027	-12.911100	1.044790	-0.000000	0.000000	0.000000	0.000001	0.000000	0.000081	0.000000	0.000000	0.000000	48.721100	-15.250900	-5.510360	96.079002	-12.788100	104.042000	0.000001	0.000001	0.000001	0.000000	0.000000	0.000000	-38.835999	-25.434099	35.399700	-106.952003	10.632800	141.322998	0.000001	0.000000	0.000000	-0.368141	1.401570	0.009005	0.000000	0.000000	-0.000000
-1.348720	1.155199	-4.132290	2.745860	1.748310	-0.083837	-6.858830	11.251400	0.804085	-0.000000	-0.000000	-0.000000	4.295850	7.072730	-0.529920	0.489859	-13.586400	1.118950	-0.000000	-0.000000	0.000000	-0.000001	-0.000000	0.000120	0.000000	0.000000	0.000000	47.467300	-5.117380	3.395230	90.907303	-14.256200	91.091103	-0.000000	-0.000000	0.000000	0.000000	0.000000	0.000000	-38.596100	-19.990999	31.405199	-104.706001	14.339200	130.251999	0.000001	-0.000000	-0.000000	-0.285680	1.258890	0.006277	-0.000000	0.000000	-0.000000
-1.134060	0.994789	-5.251030	2.554430	3.433130	-0.153067	-7.504990	8.856800	0.764789	-0.000000	0.000000	0.000000	3.992230	6.504170	-0.452942	0.307986	-11.653000	0.864907	-0.000000	0.000000	0.000000	0.000001	0.000000	0.000026	0.000000	0.000000	0.000000	44.665401	2.019960	10.453800	87.034798	-16.898600	82.616997	-0.000000	0.000001	-0.000000	0.000000	0.000000	0.000000	-35.826000	-15.339900	29.439100	-104.202003	14.208700	128.322998	-0.000001	-0.000001	-0.000001	-0.204284	1.129030	0.004026	0.000000	0.000000	0.000000
-0.824638	1.594350	-5.810130	2.097550	2.731400	-0.100000	-8.261580	9.382640	1.009090	-0.000000	0.000000	0.000000	3.318840	5.269930	-0.305165	0.831314	-10.775500	0.774587	-0.000000	0.000000	0.000000	0.000000	-0.000000	0.000098	0.000000	0.000000	0.000000	42.498402	4.909530	13.964800	86.289200	-18.989799	82.116096	-0.000000	0.000001	0.000000	0.000000	0.000000	0.000000	-34.407902	-13.585600	28.772499	-103.653000	14.404700	126.487000	-0.000000	0.000000	0.000000	-0.295814	1.463240	0.007555	0.000000	0.000000	-0.000000
-0.787505	1.004940	-4.720160	1.776350	2.917420	-0.090438	-7.072380	10.338700	0.953510	-0.000000	-0.000000	0.000000	3.190860	5.943950	-0.330767	0.568111	-10.639600	0.691799	0.000000	-0.000000	0.000000	0.000000	0.000000	-0.000014	0.000000	0.000000	0.000000	42.153801	2.801750	11.851700	85.657600	-17.579800	79.670097	-0.000000	-0.000000	-0.000000	0.000000	0.000000	0.000000	-34.532700	-12.442600	27.318001	-103.325996	13.207100	127.404999	-0.000000	0.000001	-0.000000	-0.578525	1.451720	0.014658	-0.000000	-0.000000	-0.000000
-0.667218	2.083488	-4.563050	1.211410	1.310170	-0.027702	-5.020120	11.217900	0.742068	-0.000000	0.000001	0.000000	2.780210	5.855860	-0.283872	1.295890	-12.837200	0.903845	-0.000000	-0.000000	0.000000	-0.000000	0.000000	0.000007	0.000000	0.000000	0.000000	42.382900	-0.382584	8.437560	87.144699	-15.110100	82.014999	-0.000000	0.000001	0.000000	0.000000	0.000000	0.000000	-36.459801	-16.363300	29.881001	-103.247002	14.973100	125.713997	-0.000000	0.000001	0.000000	-0.333889	1.785640	0.010405	-0.000000	0.000000	0.000000
-0.554691	2.761850	-4.856980	0.990021	-0.412981	0.007137	-5.082740	12.815800	0.909321	-0.000000	0.000001	-0.000000	2.559310	4.119860	-0.183989	1.620450	-12.118700	0.877574	0.000000	-0.000000	-0.000000	0.000000	0.000000	0.000064	0.000000	0.000000	0.000000	41.879601	-3.917170	4.609610	92.939400	-13.408000	97.681000	0.000000	-0.000000	-0.000000	0.000000	0.000000	0.000000	-37.256901	-21.861799	34.153301	-103.179001	15.564400	126.141998	0.000001	0.000001	-0.000000	-0.661705	1.997980	0.023072	0.000000	-0.000000	0.000000
-1.087700	2.142681	-4.123360	1.556100	0.882535	-0.023973	-5.076870	10.172600	0.622617	-0.000000	-0.000000	-0.000000	3.066450	5.084830	-0.272037	1.448970	-12.954500	1.011520	-0.000000	0.000000	-0.000000	-0.000001	-0.000000	-0.000004	0.000000	0.000000	0.000000	44.127602	-11.651700	-3.491370	97.254402	-10.743200	110.322998	-0.000000	-0.000001	0.000000	0.000000	0.000000	0.000000	-36.091202	-26.701500	38.921700	-105.599998	13.840700	134.459000	-0.000001	0.000001	0.000000	-0.560265	1.874110	0.018324	0.000000	-0.000000	-0.000000
-1.673190	2.023439	-3.555470	2.642610	0.992780	-0.045819	-5.650820	9.936480	0.519621	-0.000000	0.000001	-0.000000	4.093750	5.415930	-0.387040	1.046300	-13.240100	1.176010	-0.000000	-0.000000	0.000000	-0.000000	-0.000000	-0.000020	0.000000	0.000000	0.000000	45.840199	-20.404499	-11.399000	100.828003	-11.063900	118.149002	-0.000000	0.000000	0.000000	0.000000	0.000000	0.000000	-35.988499	-33.477699	43.350101	-106.598000	10.738800	142.927002	0.000000	0.000001	-0.000001	-0.432683	1.735210	0.013103	0.000000	-0.000000	-0.000000
-1.610120	1.315640	-2.509530	2.881110	0.860740	-0.043317	-6.372630	13.106000	0.792721	-0.000000	-0.000001	-0.000000	4.431470	6.085430	-0.470712	0.257784	-12.918000	1.044910	0.000000	0.000000	0.000000	0.000001	-0.000000	0.000038	0.000000	0.000000	0.000000	43.728298	-30.491301	-21.708700	104.778999	-15.087800	121.035004	0.000000	0.000000	0.000000	0.000000	0.000000	0.000000	-33.848400	-38.567001	48.127899	-110.057999	3.623180	162.623001	0.000000	0.000000	-0.000000	-0.138060	0.914961	0.002205	0.000000	-0.000000	-0.000000
-1.291060	0.243927	-1.484380	1.818310	1.561380	-0.049561	-5.535440	14.584400	0.937400	-0.000000	-0.000000	0.000000	2.875540	7.508940	-0.376087	3.657430	-13.340200	1.507820	0.000000	-0.000000	-0.000000	0.000000	-0.000000	0.000091	0.000000	0.000000	0.000000	37.345699	-39.989201	-35.156898	107.441002	-19.870199	120.491997	0.000000	0.000001	-0.000000	0.000000	0.000000	0.000000	-29.074800	-46.505402	56.349899	-108.264000	-2.854540	179.306000	-0.000001	0.000000	0.000000	-0.541398	1.618260	0.015290	0.000000	-0.000000	-0.000000
-1.246260	0.452972	-1.033170	1.413430	2.223650	-0.054852	-5.102840	12.190600	0.780331	-0.000000	-0.000000	-0.000000	2.365650	8.157380	-0.335853	4.812390	-15.183100	1.882810	-0.000000	0.000000	0.000000	-0.000000	0.000000	-0.000003	0.000000	0.000000	0.000000	26.880899	-44.965302	-50.570999	111.056999	-26.921301	120.737999	-0.000000	-0.000001	-0.000000	0.000000	0.000000	0.000000	-15.205700	-54.011002	73.512001	-107.214996	-8.540440	-163.537994	-0.000000	-0.000000	0.000001	-0.610894	1.796960	0.019157	0.000000	0.000000	0.000000
-1.442740	-0.730501	0.522635	1.489400	4.317400	-0.112149	-4.121380	10.383900	0.475480	-0.000000	-0.000000	0.000000	2.615130	10.456000	-0.474912	5.029830	-17.155701	2.254290	0.000000	0.000000	-0.000000	-0.000001	-0.000000	0.000088	0.000000	0.000000	0.000000	8.927020	-52.717999	-77.321999	104.905998	-25.495600	111.021004	0.000000	-0.000001	-0.000000	0.000000	0.000000	0.000000	-3.244560	-54.509300	86.891899	-104.568001	-15.014600	-144.841995	-0.000000	0.000000	-0.000000	-0.620831	0.593151	0.006427	0.000000	0.000000	0.000000
-1.183490	-0.202482	2.545530	1.231660	3.686060	-0.079195	-3.963210	10.589600	0.502824	-0.000000	-0.000000	0.000000	2.919700	10.473600	-0.531195	2.791400	-16.509899	1.613980	-0.000000	-0.000000	0.000000	0.000001	-0.000000	0.000022	0.000000	0.000000	0.000000	-0.381644	-49.164600	-89.637001	106.779999	-32.458401	110.982002	0.000001	-0.000000	-0.000001	0.000000	0.000000	0.000000	0.103584	-47.983398	90.491798	-107.928001	-23.674700	-135.906998	-0.000000	-0.000001	-0.000001	-0.395772	-0.259254	-0.001790	-0.000000	0.000000	-0.000000
-1.065590	-0.527328	3.262980	1.136500	4.720430	-0.093538	-3.509940	9.172950	0.379191	-0.000000	0.000000	0.000000	3.247140	10.868800	-0.612914	0.971139	-15.643600	1.123580	-0.000000	-0.000000	-0.000000	-0.000001	0.000000	0.000046	0.000000	0.000000	0.000000	5.598040	-44.535099	-80.005302	111.925003	-47.043701	112.529999	-0.000000	0.000000	0.000001	0.000000	0.000000	0.000000	3.374330	-44.391201	94.625603	-107.760002	-27.361401	-131.078995	0.000001	0.000001	-0.000000	-0.217194	-1.022820	-0.003877	-0.000000	0.000000	-0.000000
-1.033320	-0.183939	3.446720	1.450310	5.648250	-0.142770	-4.088530	5.952050	0.274497	-0.000000	0.000000	0.000000	3.441750	11.308600	-0.675682	0.300383	-16.801201	1.063670	-0.000000	0.000000	0.000000	0.000001	-0.000000	0.000037	0.000000	0.000000	0.000000	9.040040	-43.201000	-74.188904	116.737000	-54.026299	116.219002	0.000000	0.000001	-0.000000	0.000000	0.000000	0.000000	3.462540	-43.376801	94.786797	-107.775002	-29.321501	-129.158997	0.000000	0.000001	0.000001	-0.241235	-1.022070	-0.004303	0.000000	-0.000000	-0.000000
-1.157650	-0.483218	1.804440	1.159430	4.638290	-0.093770	-3.066160	9.637640	0.319969	0.000000	-0.000000	-0.000000	3.378980	10.844800	-0.636465	0.452811	-14.963600	0.975105	-0.000000	0.000000	-0.000000	-0.000000	0.000000	0.000012	0.000000	0.000000	0.000000	10.545100	-41.512001	-71.418503	118.018997	-55.254601	117.392998	-0.000001	0.000000	0.000001	0.000000	0.000000	0.000000	5.531150	-45.863701	97.438698	-105.581001	-30.372400	-125.375999	0.000000	0.000000	-0.000001	-0.316915	-1.178570	-0.006519	-0.000000	0.000000	0.000000
-0.885484	-1.060011	1.426031	1.091320	5.857970	-0.111395	-3.975350	7.704440	0.387730	0.000000	-0.000000	-0.000000	2.933130	11.566900	-0.588621	1.363380	-15.463200	1.131550	0.000000	-0.000000	0.000000	0.000000	0.000000	0.000014	0.000000	0.000000	0.000000	2.117950	-46.167500	-85.950600	108.588997	-40.264301	110.442001	-0.000000	0.000000	0.000001	0.000000	0.000000	0.000000	5.147080	-47.645802	96.843399	-105.267998	-28.605600	-126.691002	0.000000	-0.000000	-0.000000	0.016067	-1.188820	0.000333	0.000000	-0.000000	0.000000
-0.171310	-0.476580	1.478181	-0.119657	4.185720	0.008734	-2.720870	11.016200	0.543152	-0.000000	-0.000000	-0.000000	2.108300	10.262600	-0.375777	0.882440	-14.255000	0.728730	0.000000	-0.000000	-0.000000	0.000001	-0.000000	0.000097	0.000000	0.000000	0.000000	-0.416380	-52.788399	-89.859200	104.320000	-28.187000	108.614998	-0.000000	0.000001	0.000001	0.000000	0.000000	0.000000	2.660350	-49.933498	93.679901	-106.260002	-25.932699	-131.102997	0.000000	-0.000000	-0.000001	-0.346728	-0.173350	-0.001049	0.000000	0.000000	0.000000
-0.808135	-0.265124	2.381542	1.373150	3.766050	-0.090209	-4.385590	9.567760	0.501652	0.000000	0.000000	0.000000	3.350690	10.555400	-0.614479	0.410217	-15.660300	1.001160	-0.000000	0.000000	-0.000000	0.000001	-0.000000	-0.000011	0.000000	0.000000	0.000000	9.568780	-53.441399	-76.372902	106.561996	-26.332001	113.555000	-0.000001	0.000001	0.000000	0.000000	0.000000	0.000000	-5.305360	-51.775398	84.165901	-107.134003	-19.027700	-141.761002	-0.000000	0.000001	0.000001	-0.471200	0.705745	0.005804	0.000000	0.000000	-0.000000
0.029085	-0.505992	0.994350	0.119149	3.965900	-0.008240	-4.904920	10.289400	0.856815	-0.000000	0.000000	0.000000	1.909210	10.640300	-0.352648	0.690337	-15.749500	0.697117	0.000000	-0.000000	0.000000	0.000001	-0.000000	-0.000035	0.000000	0.000000	0.000000	23.239401	-47.865398	-56.558701	109.761002	-21.583799	123.180000	-0.000000	-0.000000	-0.000000	0.000000	0.000000	0.000000	-19.341600	-49.820099	67.789597	-109.901001	-12.894400	-157.369995	0.000001	-0.000001	-0.000000	-0.000552	1.009850	0.000010	-0.000000	0.000000	0.000000
0.020345	-0.668557	0.432250	-0.365671	4.678420	0.029827	-3.956320	8.709420	0.655482	0.000000	-0.000001	-0.000000	1.383770	10.195300	-0.244977	1.292010	-14.828900	0.679679	-0.000000	0.000000	-0.000000	0.000001	-0.000000	-0.000002	0.000000	0.000000	0.000000	36.141300	-42.223099	-37.834202	106.817001	-16.235500	123.170998	0.000000	0.000000	0.000000	0.000000	0.000000	0.000000	-32.076401	-40.844501	50.674500	-114.204002	-4.309720	-178.815002	0.000000	0.000000	-0.000000	-0.151389	0.770161	0.002035	-0.000000	-0.000000	-0.000000
-0.039572	-1.587921	0.171982	-0.543413	6.721890	0.063610	-3.873950	7.096180	0.546304	0.000000	0.000000	0.000000	1.174590	12.202700	-0.248304	1.572200	-16.171801	0.758161	-0.000000	-0.000000	0.000000	0.000001	0.000000	-0.000002	0.000000	0.000000	0.000000	43.642200	-31.643900	-22.569799	103.447998	-12.596300	121.081001	-0.000000	0.000001	-0.000000	0.000000	0.000000	0.000000	-39.507900	-30.449699	37.757900	-113.871002	4.608670	161.697998	0.000001	-0.000000	-0.000000	0.157058	0.503994	-0.001381	0.000000	-0.000000	0.000000
-0.294113	-1.927450	-0.032540	-0.515415	6.525290	0.058576	-1.939700	10.693800	0.455222	0.000000	-0.000001	-0.000000	1.504700	13.946700	-0.362738	1.643230	-17.704201	0.944640	0.000000	0.000000	0.000000	0.000001	0.000000	-0.000059	0.000000	0.000000	0.000000	45.260700	-20.384100	-11.590400	100.509003	-12.445800	115.670998	-0.000001	0.000000	0.000000	0.000000	0.000000	0.000000	-40.149200	-20.084499	29.865601	-109.362000	12.236800	141.807007	0.000001	0.000001	-0.000001	-0.154366	0.479319	0.001291	-0.000000	-0.000000	-0.000000
-0.584282	-0.658617	-0.217040	0.283559	4.759790	-0.023528	-3.556850	11.301300	0.642328	-0.000000	-0.000000	-0.000000	1.263350	11.692900	-0.256073	5.029460	-16.726900	1.810210	0.000000	0.000000	0.000000	-0.000001	-0.000000	0.000027	0.000000	0.000000	0.000000	45.449200	-11.805400	-3.275140	93.853401	-12.243900	98.950104	0.000000	-0.000001	-0.000000	0.000000	0.000000	0.000000	-39.098000	-10.514600	21.765100	-105.622002	12.092700	133.643997	-0.000000	0.000001	0.000000	-0.212688	0.883850	0.003281	0.000000	-0.000000	-0.000000
0.013043	-0.402372	-0.149167	-0.626676	5.457410	0.059604	-2.422710	8.262830	0.438238	0.000000	-0.000000	0.000000	0.605072	10.898200	-0.114399	4.508920	-15.431800	1.361220	0.000000	-0.000000	0.000000	0.000001	0.000000	0.000066	0.000000	0.000000	0.000000	42.894501	-6.483330	1.751370	88.934898	-13.019500	85.153801	-0.000000	0.000000	-0.000000	0.000000	0.000000	0.000000	-38.692600	-5.757580	16.759100	-103.291000	9.179590	132.654999	0.000000	-0.000001	0.000001	-0.173046	0.870813	0.002630	0.000000	-0.000000	-0.000000
0.216698	-0.643371	0.592709	-1.028930	5.349320	0.095936	-2.827760	9.837690	0.659144	0.000000	0.000000	-0.000000	0.952577	10.474000	-0.173182	2.219940	-13.773800	0.752279	0.000000	0.000000	0.000000	-0.000001	-0.000000	0.000069	0.000000	0.000000	0.000000	40.020100	-5.890850	2.217600	88.435501	-13.824500	84.006104	0.000000	-0.000001	-0.000000	0.000000	0.000000	0.000000	-38.187099	-3.796280	14.635000	-102.544998	8.483450	131.966003	-0.000000	0.000000	-0.000001	-0.054011	0.572141	0.000539	0.000000	-0.000000	0.000000
0.476927	-0.626860	1.231870	-1.201350	5.696070	0.119253	-3.066240	8.965430	0.665327	0.000000	0.000000	0.000000	0.924114	11.021200	-0.176680	1.273120	-14.305500	0.538951	-0.000000	-0.000000	-0.000000	0.000000	0.000000	0.000097	0.000000	0.000000	0.000000	36.323898	-6.606110	1.054660	92.610298	-15.352500	95.636299	-0.000000	0.000000	0.000000	0.000000	0.000000	0.000000	-39.175499	-5.309610	15.981800	-103.383003	10.329200	131.005997	0.000000	-0.000001	-0.000000	0.106972	0.897195	-0.001675	-0.000000	-0.000000	-0.000000
0.461419	-0.571227	1.662560	-0.871576	3.748390	0.056984	-4.566160	13.196300	1.244490	0.000000	-0.000000	0.000000	0.851060	10.110500	-0.149412	1.257110	-12.991400	0.471153	-0.000000	0.000000	-0.000000	-0.000001	-0.000000	-0.000073	0.000000	0.000000	0.000000	36.816002	-11.077100	-4.782850	94.991501	-10.995600	103.517998	0.000000	-0.000000	-0.000000	0.000000	0.000000	0.000000	-40.652401	-8.808540	19.048401	-104.897003	11.471900	133.089005	0.000001	0.000001	0.000000	0.179563	0.729474	-0.002286	0.000000	-0.000000	-0.000000
0.345016	-0.541812	1.603090	-0.671666	3.552900	0.041625	-4.522280	13.019500	1.172870	0.000000	0.000000	-0.000000	1.520440	9.463810	-0.250053	0.146791	-11.997800	0.342359	0.000000	-0.000000	0.000000	0.000001	-0.000000	0.000051	0.000000	0.000000	0.000000	37.369801	-15.639400	-10.388300	98.464600	-8.242420	116.730003	-0.000000	-0.000000	0.000002	0.000000	0.000000	0.000000	-39.526600	-13.947900	24.787800	-108.320000	12.409000	138.774002	0.000000	-0.000000	0.000001	0.247857	0.552177	-0.002389	-0.000000	-0.000000	-0.000000
0.214595	-0.946165	1.535630	-0.187114	5.389150	0.017574	-5.071380	9.368110	0.858173	0.000000	0.000000	0.000000	1.455280	10.483800	-0.264853	1.208710	-13.174100	0.602016	0.000000	-0.000000	-0.000000	-0.000001	0.000000	-0.000061	0.000000	0.000000	0.000000	37.923000	-23.179701	-18.888500	102.112000	-4.329430	135.214996	0.000001	0.000000	0.000000	0.000000	0.000000	0.000000	-40.011299	-19.769100	29.580500	-110.219002	9.799360	146.977997	0.000000	0.000001	-0.000001	-0.267481	0.645704	0.003014	-0.000000	0.000000	0.000000
-0.017611	-1.408890	1.023570	-0.334518	5.404050	0.031506	-4.443070	10.931700	0.907760	-0.000000	-0.000000	-0.000000	1.495710	11.838000	-0.306904	1.350240	-14.895200	0.723922	-0.000000	-0.000000	0.000000	-0.000000	-0.000000	0.000078	0.000000	0.000000	0.000000	38.500801	-30.676201	-26.040701	106.463997	-5.622390	141.953003	-0.000001	0.000000	-0.000000	0.000000	0.000000	0.000000	-38.707199	-28.556700	37.205799	-111.610001	6.787990	155.847000	-0.000001	-0.000000	0.000001	-0.081634	0.348811	0.000497	-0.000000	-0.000000	0.000000
-0.014443	-1.620240	0.646688	-0.610752	5.887670	0.062653	-3.427730	10.081000	0.707472	-0.000000	0.000000	-0.000000	1.373210	11.454700	-0.272759	1.295750	-14.085000	0.643292	0.000000	-0.000000	0.000000	0.000000	0.000000	0.000038	0.000000	0.000000	0.000000	36.382099	-38.039902	-34.476101	107.846001	-9.101890	136.972000	-0.000001	-0.000000	-0.000000	0.000000	0.000000	0.000000	-37.135601	-38.922298	44.573898	-110.943001	1.653860	167.714005	-0.000001	0.000000	0.000000	0.052511	0.291335	-0.000267	-0.000000	0.000000	-0.000000
-0.169105	-2.241143	0.457455	-0.537707	7.832230	0.073279	-3.412110	6.456290	0.444268	-0.000000	0.000000	0.000000	1.338200	13.269700	-0.307214	1.348750	-16.299801	0.744584	-0.000000	0.000000	0.000000	0.000000	0.000000	0.000041	0.000000	0.000000	0.000000	31.597601	-42.927299	-43.415298	110.556999	-15.829900	131.052994	-0.000000	-0.000001	0.000000	0.000000	0.000000	0.000000	-31.215401	-44.979301	53.263699	-111.017998	-8.389880	-169.169998	-0.000000	0.000000	0.000001	-0.033074	0.202924	0.000117	0.000000	0.000000	0.000000
-0.512609	-1.965920	0.585377	-0.256011	7.012920	0.031259	-3.737650	8.585690	0.596867	-0.000000	-0.000000	-0.000000	1.751300	11.906700	-0.361430	1.228800	-13.907700	0.707819	-0.000000	0.000000	-0.000000	0.000001	0.000000	-0.000030	0.000000	0.000000	0.000000	24.419201	-48.295200	-55.367500	111.524002	-21.906500	125.802002	-0.000000	0.000001	0.000001	0.000000	0.000000	0.000000	-18.606800	-51.843899	69.110298	-108.994003	-14.093000	-154.227997	-0.000000	-0.000000	0.000001	-0.332701	0.194983	0.001132	0.000000	-0.000000	0.000000
-1.009610	-2.024001	3.629761	1.309140	5.487760	-0.125219	-4.016970	11.226200	0.528714	-0.000000	-0.000001	0.000000	3.770660	12.550800	-0.820511	-0.506317	-15.494300	0.848750	-0.000000	-0.000000	0.000000	-0.000001	0.000000	-0.000087	0.000000	0.000000	0.000000	10.180600	-55.476799	-75.836800	106.689003	-26.322300	113.526001	-0.000001	0.000001	0.000000	0.000000	0.000000	0.000000	-6.863290	-54.319901	82.387001	-105.681999	-17.244101	-142.660004	0.000001	-0.000001	-0.000002	-0.592968	-0.091831	-0.000949	0.000000	0.000000	0.000000
-1.429601	-2.527510	4.957759	1.823940	5.632070	-0.179062	-2.035740	12.398200	0.047366	0.000000	-0.000001	-0.000000	4.953210	13.273400	-1.139940	-1.112260	-15.073900	0.965659	0.000000	-0.000000	0.000000	-0.000000	0.000000	-0.000013	0.000000	0.000000	0.000000	1.309810	-54.106400	-87.099998	105.587997	-33.810699	107.764000	0.000001	0.000000	-0.000000	0.000000	0.000000	0.000000	1.789050	-52.991001	92.132500	-104.777000	-22.447399	-132.813004	0.000000	-0.000000	0.000000	-0.470970	-0.767987	-0.006314	-0.000000	-0.000000	0.000000
-1.892110	-2.771090	2.969250	2.758210	7.328990	-0.352123	-3.954210	11.103000	0.234695	0.000000	0.000000	0.000000	5.203490	14.014600	-1.263400	-0.394293	-14.915700	1.200370	0.000000	-0.000000	0.000000	0.000001	-0.000000	-0.000046	0.000000	0.000000	0.000000	4.827320	-47.590000	-81.832001	112.112999	-43.241798	113.813004	0.000000	0.000000	-0.000000	0.000000	0.000000	0.000000	-1.435040	-42.321301	88.454697	-112.948997	-31.236000	-134.949997	0.000000	0.000001	-0.000001	-0.410145	-1.362030	-0.009750	0.000000	0.000000	0.000000
-2.064390	-2.449590	2.503803	3.385530	8.783600	-0.517568	-4.651570	6.713610	0.152682	0.000000	0.000000	-0.000000	5.726600	13.680300	-1.358630	-1.063250	-14.959100	1.163910	0.000000	0.000000	0.000000	0.000000	0.000000	-0.000008	0.000000	0.000000	0.000000	0.761723	-47.587799	-87.960701	110.302002	-38.354900	113.524002	0.000000	-0.000000	0.000000	0.000000	0.000000	0.000000	-2.399170	-39.935200	87.139702	-113.955002	-33.403801	-134.352997	-0.000000	-0.000002	-0.000000	-0.235777	-1.403040	-0.005774	-0.000000	0.000000	-0.000000
-1.483550	-1.596140	2.056581	2.675560	7.000280	-0.326315	-4.727900	8.523260	0.307269	-0.000000	-0.000000	0.000000	5.032740	12.811300	-1.118690	-1.025800	-15.268800	1.023600	0.000000	-0.000000	0.000000	-0.000001	-0.000000	0.000034	0.000000	0.000000	0.000000	-2.637570	-51.309700	-92.891602	106.011002	-31.743401	109.933998	0.000001	0.000000	0.000000	0.000000	0.000000	0.000000	1.356880	-46.151001	92.162498	-109.400002	-28.717199	-132.643005	-0.000000	0.000002	0.000000	-0.264140	-0.916382	-0.004225	0.000000	0.000000	-0.000000
-1.059130	-1.796040	1.847940	1.932700	7.190210	-0.241994	-4.583170	9.203270	0.426642	0.000000	0.000000	0.000000	3.992720	12.512600	-0.866374	-0.319133	-14.740400	0.911647	0.000000	-0.000000	0.000000	-0.000001	0.000000	0.000004	0.000000	0.000000	0.000000	1.591010	-52.589600	-87.079597	106.132004	-28.230801	111.860001	0.000000	-0.000001	-0.000000	0.000000	0.000000	0.000000	0.493951	-51.264400	91.036697	-107.279999	-23.866301	-135.214005	-0.000000	-0.000001	0.000001	-0.553475	-0.244873	-0.002366	-0.000000	-0.000000	-0.000000
-0.896429	-1.420700	1.777940	1.016930	5.477490	-0.097080	-2.917480	11.187800	0.369788	0.000000	0.000001	0.000000	3.348340	12.193500	-0.707984	0.175527	-14.751400	0.879001	0.000000	0.000000	-0.000000	-0.000000	-0.000000	0.000011	0.000000	0.000000	0.000000	11.353200	-53.603100	-74.147301	106.948997	-26.026600	114.415001	-0.000000	-0.000001	-0.000001	0.000000	0.000000	0.000000	-8.909010	-53.521400	80.211899	-109.288002	-18.959101	-145.360992	-0.000000	0.000000	0.000000	-0.399913	0.216075	0.001508	0.000000	-0.000000	0.000000
-0.845108	-1.227170	0.615451	0.736455	6.230250	-0.079927	-3.860530	9.079050	0.494136	0.000000	0.000000	0.000000	2.519080	11.353500	-0.496215	2.107560	-14.360600	1.137550	0.000000	-0.000000	0.000000	-0.000001	-0.000000	0.000036	0.000000	0.000000	0.000000	24.392599	-48.566799	-55.542000	108.579002	-23.057400	119.589996	-0.000000	0.000001	-0.000000	0.000000	0.000000	0.000000	-22.082001	-50.426601	64.907799	-111.531998	-13.304100	-158.559998	0.000000	-0.000000	-0.000001	-0.119409	0.221692	0.000462	-0.000000	0.000000	-0.000000
-0.963952	-0.920455	-0.027883	0.764756	6.043200	-0.080516	-4.049610	8.838020	0.505887	-0.000000	0.000000	-0.000000	2.720720	10.850500	-0.512539	1.083310	-13.601400	0.884326	-0.000000	-0.000000	-0.000000	0.000001	0.000000	0.000012	0.000000	0.000000	0.000000	33.786098	-42.508301	-40.689800	106.042000	-18.178801	119.385002	0.000000	-0.000001	0.000000	0.000000	0.000000	0.000000	-32.703300	-44.818100	51.689701	-112.224998	-4.038700	-178.770004	-0.000000	0.000000	0.000000	0.012109	0.634782	-0.000134	0.000000	-0.000000	0.000000
-0.998007	-0.564080	-0.184190	0.971901	4.965310	-0.084128	-4.708900	10.235900	0.665633	-0.000000	0.000000	-0.000000	2.660850	10.561800	-0.488063	1.088390	-14.117100	0.904636	-0.000000	-0.000000	0.000000	0.000001	-0.000000	0.000014	0.000000	0.000000	0.000000	40.023399	-34.317001	-27.953800	102.042000	-13.991400	115.459999	-0.000001	-0.000000	0.000000	0.000000	0.000000	0.000000	-41.539398	-34.099701	38.017601	-108.333000	1.269760	165.309998	-0.000000	-0.000000	0.000000	-0.383278	0.970136	0.006490	-0.000000	-0.000000	0.000000
-1.002490	-0.416884	-0.346781	0.271500	4.845880	-0.022934	-1.824940	10.875200	0.293345	-0.000000	-0.000000	-0.000000	2.527520	11.170200	-0.489946	0.996823	-15.395800	0.923993	0.000000	-0.000000	-0.000000	0.000001	0.000000	0.000054	0.000000	0.000000	0.000000	43.361401	-23.649799	-15.763400	96.246399	-12.559300	102.639999	0.000000	-0.000000	0.000001	0.000000	0.000000	0.000000	-43.604401	-26.020100	31.460199	-103.408997	9.067880	138.835999	-0.000000	0.000000	0.000000	-0.412659	0.860731	0.006199	-0.000000	0.000000	-0.000000
-1.108390	-0.138760	-0.563643	0.537964	5.585680	-0.052362	-2.941930	8.388910	0.351296	0.000000	-0.000000	0.000000	2.615250	10.709300	-0.486305	1.073460	-14.892900	0.937509	0.000000	-0.000000	-0.000000	-0.000000	0.000000	-0.000003	0.000000	0.000000	0.000000	43.175098	-14.242000	-6.461860	90.201797	-11.418900	86.244904	0.000001	-0.000001	-0.000001	0.000000	0.000000	0.000000	-41.129398	-18.441799	27.791599	-101.843002	13.391600	126.334999	-0.000000	-0.000001	-0.000000	-0.509127	0.760493	0.006758	-0.000000	0.000000	-0.000000
-1.014400	0.407093	-0.938501	0.822255	5.338380	-0.076505	-4.658440	7.368110	0.493151	0.000000	0.000000	0.000000	2.475950	9.345470	-0.402304	1.223280	-13.100900	0.832111	-0.000000	0.000000	0.000000	-0.000000	-0.000000	-0.000029	0.000000	0.000000	0.000000	42.087502	-6.525290	1.632670	84.837700	-13.374400	73.275803	0.000001	0.000000	0.000000	0.000000	0.000000	0.000000	-39.755402	-13.394200	24.247999	-97.485199	14.356800	113.606003	0.000000	-0.000001	0.000000	-0.544095	1.009450	0.009586	0.000000	-0.000000	-0.000000
-1.225191	0.825924	-1.321671	1.077050	5.235000	-0.098282	-5.208000	6.547980	0.472398	-0.000000	0.000000	-0.000000	2.803230	8.985210	-0.438147	0.773216	-13.331200	0.817701	0.000000	-0.000000	-0.000000	-0.000000	-0.000000	0.000040	0.000000	0.000000	0.000000	41.074699	-2.216870	6.466700	82.461197	-15.080300	69.544998	-0.000000	0.000002	0.000001	0.000000	0.000000	0.000000	-36.903599	-9.712930	22.257601	-97.699402	12.718000	114.751999	0.000000	-0.000001	-0.000000	-0.326705	1.131500	0.006452	0.000000	0.000000	-0.000000
-1.022050	0.650992	-1.341320	0.664839	4.789290	-0.055510	-4.926690	9.395920	0.697405	0.000000	0.000000	0.000000	2.511210	8.585010	-0.375099	0.905139	-12.401300	0.728447	0.000000	-0.000000	-0.000000	0.000001	-0.000000	-0.000039	0.000000	0.000000	0.000000	38.790798	-0.109645	9.234960	84.451797	-17.630100	76.538696	-0.000000	0.000000	-0.000000	0.000000	0.000000	0.000000	-36.338200	-9.163990	21.979099	-97.454002	12.430800	114.335999	0.000001	0.000002	0.000000	-0.668020	1.536240	0.017910	0.000000	-0.000000	0.000000
-0.753916	0.694260	-1.376500	0.120257	5.112010	-0.010714	-3.193930	7.046420	0.377476	0.000000	0.000000	0.000000	2.401440	8.799980	-0.367593	0.663458	-12.882800	0.677636	0.000000	-0.000000	-0.000000	-0.000001	0.000000	-0.000041	0.000000	0.000000	0.000000	38.047901	-1.004380	8.277440	85.789597	-15.953800	78.801102	-0.000000	-0.000001	-0.000000	0.000000	0.000000	0.000000	-37.478802	-11.542700	23.895000	-97.272003	14.838100	112.056000	0.000000	0.000000	-0.000000	-0.798759	1.576770	0.021981	-0.000000	0.000000	0.000000
-0.602229	1.057130	-1.126340	-0.193105	4.002480	0.013479	-3.798340	9.391070	0.652245	0.000000	0.000000	0.000000	1.714480	8.620100	-0.257043	1.673110	-13.715700	0.799487	-0.000000	0.000000	0.000000	0.000000	-0.000000	0.000033	0.000000	0.000000	0.000000	37.840599	-4.909090	3.372960	88.376999	-13.718100	84.112602	-0.000000	0.000002	-0.000000	0.000000	0.000000	0.000000	-38.518002	-15.298600	26.936300	-99.851898	15.353900	118.589996	-0.000001	-0.000000	0.000000	-0.778206	1.514030	0.020563	-0.000000	0.000000	0.000001
-1.026030	0.558887	-0.661076	0.451073	4.165650	-0.032766	-4.011100	10.573300	0.654278	-0.000000	-0.000000	-0.000000	2.358150	8.953950	-0.367226	1.229450	-13.525600	0.833351	0.000000	-0.000000	-0.000000	0.000001	-0.000000	-0.000003	0.000000	0.000000	0.000000	39.824699	-11.450200	-4.419300	90.922897	-10.420900	89.585197	0.000000	0.000001	0.000000	0.000000	0.000000	0.000000	-38.989498	-19.697599	30.487101	-101.222000	14.707600	123.705002	-0.000000	-0.000001	-0.000000	-0.737123	1.441330	0.018543	-0.000000	0.000000	0.000000
-1.078040	0.202427	-0.885569	0.911545	4.686700	-0.074485	-4.414550	9.598170	0.585303	0.000000	0.000000	-0.000000	2.394850	8.776880	-0.365629	2.259700	-13.151000	1.054780	0.000000	0.000000	-0.000000	-0.000000	0.000000	0.000037	0.000000	0.000000	0.000000	39.365299	-18.787100	-13.187800	95.940498	-7.054180	107.917000	-0.000000	-0.000000	-0.000000	0.000000	0.000000	0.000000	-37.238701	-25.905399	36.903900	-104.206001	13.557700	133.014008	-0.000000	-0.000000	-0.000000	-0.760326	1.068460	0.014179	0.000000	-0.000000	0.000000
-1.431500	-0.657506	-0.735262	1.178940	5.445610	-0.111897	-4.020680	10.321500	0.510521	-0.000000	0.000000	0.000000	2.671290	10.138100	-0.470532	3.095660	-13.548200	1.345440	0.000000	-0.000000	-0.000000	-0.000001	0.000000	0.000008	0.000000	0.000000	0.000000	38.066700	-28.687799	-24.693399	100.050003	-3.638290	129.589996	-0.000001	-0.000001	0.000001	0.000000	0.000000	0.000000	-35.389900	-33.091099	43.392399	-105.845001	12.291800	139.985001	-0.000001	-0.000001	0.000000	-0.754369	0.722002	0.009506	-0.000000	-0.000000	0.000000
-1.097170	0.142850	-0.564138	0.954645	3.909650	-0.065096	-4.504120	10.708600	0.660771	0.000000	0.000000	0.000000	2.824820	8.163220	-0.401422	1.276180	-11.788300	0.833309	-0.000000	-0.000000	-0.000000	0.000001	0.000000	-0.000014	0.000000	0.000000	0.000000	34.688202	-37.573399	-36.010201	102.625000	-4.396830	136.238007	-0.000000	-0.000000	-0.000000	0.000000	0.000000	0.000000	-33.848499	-40.349300	48.699699	-105.972000	7.519320	151.218994	-0.000001	0.000000	0.000000	-0.619382	0.739149	0.007990	-0.000000	0.000000	0.000000
-1.391261	-0.260166	-0.255019	0.971072	4.032920	-0.068301	-3.924120	12.138000	0.621967	0.000000	0.000001	0.000000	2.788530	8.732200	-0.423669	1.433530	-11.934000	0.867846	-0.000000	0.000000	-0.000000	-0.000000	0.000000	0.000038	0.000000	0.000000	0.000000	27.936399	-43.050400	-47.933601	105.689003	-10.888800	129.309998	-0.000000	0.000000	0.000000	0.000000	0.000000	0.000000	-28.317301	-46.397999	56.956200	-106.539001	1.027840	169.608994	-0.000001	0.000000	0.000000	-0.533349	0.816884	0.007604	-0.000000	-0.000000	-0.000000
-1.432470	-0.923014	-0.549596	0.918480	5.607550	-0.089754	-4.219380	8.888090	0.511240	-0.000000	0.000000	-0.000000	2.730950	10.665200	-0.505784	1.517910	-14.259400	1.036660	0.000000	-0.000000	0.000000	-0.000001	0.000000	-0.000044	0.000000	0.000000	0.000000	19.264000	-44.974300	-60.503300	107.081001	-17.986401	122.362000	0.000000	0.000000	-0.000001	0.000000	0.000000	0.000000	-17.726700	-50.501598	69.954102	-105.473999	-6.916460	-166.595993	-0.000001	-0.000000	0.000001	-0.476615	0.484387	0.004030	-0.000000	-0.000000	0.000000
-1.385621	-1.053320	1.442870	1.245680	5.966780	-0.129509	-3.049800	7.162900	0.225874	-0.000000	-0.000000	-0.000000	3.296690	10.502400	-0.601552	0.453417	-13.926400	0.890410	0.000000	-0.000000	-0.000000	0.000001	-0.000000	-0.000095	0.000000	0.000000	0.000000	6.558250	-51.779900	-80.234596	102.428001	-18.630301	110.994003	0.000000	0.000001	-0.000001	0.000000	0.000000	0.000000	-5.028860	-54.109100	84.724503	-103.759003	-13.206300	-147.154999	0.000000	0.000000	-0.000001	-0.604762	0.347992	0.003673	-0.000000	-0.000000	-0.000000
-1.183920	-1.212380	1.778330	1.136090	6.273720	-0.124166	-3.308410	8.267230	0.313486	-0.000000	0.000000	0.000000	3.133490	10.803500	-0.587913	1.502010	-13.118100	1.041560	0.000000	0.000000	0.000000	-0.000001	0.000000	-0.000029	0.000000	0.000000	0.000000	-7.348310	-52.724899	-99.236702	99.788902	-18.614700	104.310997	-0.000000	0.000000	-0.000001	0.000000	0.000000	0.000000	3.024300	-50.977901	94.024696	-103.061996	-19.917101	-133.166000	-0.000001	0.000001	0.000001	-0.368596	-0.544981	-0.003506	0.000000	0.000000	0.000000
-1.483960	-1.540150	2.183049	1.359840	7.282320	-0.172402	-3.539450	7.295190	0.278298	0.000000	-0.000000	-0.000000	3.562320	11.614200	-0.718053	0.871046	-12.791600	0.967175	0.000000	-0.000000	0.000000	-0.000001	0.000000	0.000014	0.000000	0.000000	0.000000	-4.284580	-43.108299	-96.056602	107.373001	-28.497101	115.214996	0.000000	0.000000	-0.000000	0.000000	0.000000	0.000000	-3.382220	-40.338100	85.824997	-110.733002	-36.710400	-127.958000	-0.000000	-0.000000	0.000000	-0.289274	-1.306010	-0.006594	0.000000	0.000000	0.000000
-1.309560	-1.852170	2.052140	1.514590	7.788220	-0.205291	-4.452670	8.136940	0.418197	-0.000000	0.000000	0.000000	3.789980	12.947900	-0.850379	0.826190	-14.146700	1.106790	-0.000000	-0.000000	0.000000	-0.000001	-0.000000	-0.000029	0.000000	0.000000	0.000000	0.746423	-35.831699	-87.354599	115.458000	-35.830101	123.098999	-0.000001	0.000001	0.000001	0.000000	0.000000	0.000000	-4.686530	-35.853500	83.567398	-114.431999	-42.587399	-128.718002	0.000000	0.000000	0.000001	-0.023760	-1.610150	-0.000667	-0.000000	-0.000000	-0.000000
-1.172100	-1.391431	2.645101	1.215190	7.509650	-0.158839	-4.147080	7.958050	0.407711	0.000000	-0.000000	-0.000000	3.313910	12.509600	-0.718563	0.602809	-14.507500	0.962781	0.000000	0.000000	-0.000000	0.000001	0.000000	-0.000004	0.000000	0.000000	0.000000	3.376350	-33.932400	-81.528000	118.709999	-43.419800	123.112999	0.000000	-0.000001	-0.000001	0.000000	0.000000	0.000000	-4.995680	-34.618900	82.838799	-117.912003	-41.247002	-133.360992	-0.000001	-0.000001	0.000000	-0.015652	-1.630320	-0.000445	-0.000000	0.000000	0.000000
-1.217750	-1.279239	3.413580	0.929212	6.848030	-0.110805	-2.866940	8.653690	0.292662	-0.000000	0.000000	-0.000000	3.379620	12.811400	-0.750231	0.341007	-15.237300	0.956907	-0.000000	0.000000	-0.000000	0.000000	-0.000000	-0.000003	0.000000	0.000000	0.000000	4.898860	-35.323399	-78.698700	118.875999	-47.707199	121.278999	-0.000000	0.000000	-0.000000	0.000000	0.000000	0.000000	-0.649587	-39.946999	89.365997	-111.355003	-36.105499	-128.822998	-0.000001	0.000000	-0.000000	0.035307	-1.697770	0.001046	-0.000000	-0.000000	0.000000
