1.309270	-0.776090	-14.031002	-2.522210	12.294800	0.537462	1.313250	-13.511300	-0.268976	-0.000000	0.000000	0.000000	-1.541990	11.572600	0.309455	1.676090	-14.763000	0.042154	0.000000	0.000000	-0.000000	0.000000	0.000000	0.000084	0.000000	0.000000	0.000000	38.293301	5.352360	15.632400	86.798798	-17.308800	82.566200	-0.000000	0.000000	-0.000000	0.000000	0.000000	0.000000	-33.955601	-15.732300	31.133101	-107.225998	17.839500	129.813995	-0.000000	0.000000	0.000001	0.368631	1.021230	-0.006569	0.000000	0.000000	0.000001
2.211102	-1.150570	-12.732501	-5.556910	12.469700	1.203460	3.338940	-13.688900	-0.493975	-0.000000	0.000000	0.000000	-4.931580	13.389000	1.144640	4.529200	-16.883400	-0.077845	0.000000	-0.000000	-0.000001	-0.000000	0.000000	-0.000034	0.000000	0.000000	0.000000	33.630600	7.334930	20.337799	84.489098	-20.972799	78.834503	0.000000	-0.000001	0.000000	0.000000	0.000000	0.000000	-34.236000	-9.965400	24.228500	-105.292999	13.333100	131.074005	0.000001	-0.000001	0.000000	0.472742	1.159120	-0.009564	-0.000000	-0.000000	0.000000
2.666330	-0.678756	-12.470600	-6.811700	11.706200	1.388330	4.400880	-13.054600	-0.512661	0.000000	-0.000000	-0.000000	-6.125000	12.351500	1.314980	5.454610	-15.548800	-0.141565	-0.000000	-0.000000	0.000000	-0.000000	0.000000	0.000016	0.000000	0.000000	0.000000	30.404400	8.270260	23.748199	86.688103	-24.132099	84.603798	-0.000000	-0.000000	-0.000000	0.000000	0.000000	0.000000	-33.577999	-8.283890	22.550800	-105.247002	11.834500	132.806000	0.000001	0.000001	-0.000000	0.438172	1.600530	-0.012238	-0.000000	0.000000	-0.000000
2.718670	-0.138488	-12.403299	-6.810990	10.347200	1.228950	4.645320	-12.162600	-0.433014	-0.000000	0.000000	-0.000000	-6.205400	11.660000	1.258860	5.783450	-15.982800	-0.080793	0.000000	-0.000000	0.000000	-0.000000	-0.000000	0.000061	0.000000	0.000000	0.000000	29.083300	7.004280	22.931999	88.634598	-23.033100	88.354103	-0.000000	-0.000000	0.000000	0.000000	0.000000	0.000000	-33.215099	-10.564700	25.687799	-105.606003	13.322300	131.820007	-0.000001	0.000000	0.000001	0.396296	1.645550	-0.011381	-0.000000	-0.000000	0.000000
2.639230	0.087080	-12.162701	-6.324230	9.822190	1.083140	4.230120	-11.235400	-0.390042	0.000000	-0.000000	-0.000000	-5.617730	11.086100	1.083550	5.240530	-15.268900	-0.071648	-0.000000	0.000000	0.000000	0.000000	0.000000	0.000000	0.000000	0.000000	0.000000	30.215099	3.871540	17.444599	90.435699	-19.812000	91.768600	-0.000000	0.000001	0.000000	0.000000	0.000000	0.000000	-35.240501	-14.304000	28.357100	-104.310997	13.451000	130.108002	0.000000	0.000002	0.000000	0.139340	1.816870	-0.004417	0.000000	0.000000	-0.000000
2.521880	-0.264006	-11.762600	-6.683390	11.433900	1.330700	4.936470	-13.470900	-0.376011	0.000000	-0.000000	-0.000000	-5.670300	11.985600	1.181230	5.483010	-16.102699	-0.017554	-0.000000	-0.000000	-0.000000	-0.000000	0.000000	-0.000019	0.000000	0.000000	0.000000	31.086201	-0.990263	9.396430	95.981697	-15.083500	106.022003	0.000000	-0.000000	-0.000000	0.000000	0.000000	0.000000	-34.403500	-18.360800	33.157398	-107.680000	13.037600	137.764999	-0.000000	-0.000001	0.000000	0.254160	1.933820	-0.008574	0.000000	0.000000	0.000000
2.120481	-0.580053	-10.879405	-5.607130	11.549900	1.126120	3.638350	-12.955100	-0.415985	-0.000000	-0.000000	-0.000001	-4.705720	12.247300	1.000380	4.262510	-15.722500	-0.091023	0.000000	-0.000000	0.000000	-0.000000	0.000000	-0.000008	0.000000	0.000000	0.000000	33.429298	-9.293460	-3.622200	100.676003	-7.675720	126.177002	-0.000000	-0.000000	-0.000001	0.000000	0.000000	0.000000	-35.259102	-25.325600	38.252300	-108.903000	13.727400	140.345993	0.000000	-0.000000	0.000000	0.283062	1.680910	-0.008302	0.000000	-0.000000	0.000000
2.032210	-1.002340	-10.154899	-5.618400	12.112500	1.182550	4.199710	-13.215700	-0.295702	-0.000000	0.000000	0.000001	-4.355260	12.922900	0.975798	3.855940	-15.696800	-0.105198	-0.000000	-0.000000	0.000000	-0.000000	0.000000	0.000058	0.000000	0.000000	0.000000	33.342400	-19.210100	-17.888399	106.650002	-2.922180	150.468002	-0.000001	-0.000001	0.000000	0.000000	0.000000	0.000000	-34.742699	-33.512199	44.178299	-109.478996	10.790500	147.811996	0.000001	0.000000	-0.000001	0.629719	1.312080	-0.014419	0.000000	-0.000000	0.000001
1.113700	-2.313540	-10.069801	-3.997660	14.084600	0.974338	2.910950	-13.667800	-0.228365	-0.000000	-0.000000	0.000000	-3.266430	14.959200	0.844023	3.794510	-16.275200	0.179051	-0.000000	-0.000000	-0.000000	0.000000	-0.000000	-0.000051	0.000000	0.000000	0.000000	31.820601	-30.211700	-32.553501	109.835999	-1.076450	161.326004	0.000000	0.000000	-0.000000	0.000000	0.000000	0.000000	-27.560600	-39.900600	55.261002	-111.700996	6.007770	160.938995	-0.000000	0.000001	0.000000	0.350064	0.874675	-0.005343	-0.000000	0.000000	0.000000
0.913243	-2.645431	-9.920519	-4.058210	14.744900	1.034500	3.383280	-13.736700	-0.128492	0.000000	0.000000	0.000000	-2.526030	15.335000	0.668447	2.512680	-15.212300	0.020103	0.000000	-0.000000	-0.000000	-0.000010	-0.000002	0.000007	0.000000	0.000000	0.000000	25.597200	-38.706699	-47.918999	113.831001	-3.979340	159.830002	0.000001	0.000000	-0.000000	0.000000	0.000000	0.000000	-16.593901	-46.942600	70.469902	-110.829002	-0.154847	175.824005	-0.000000	-0.000000	-0.000001	0.419748	0.634232	-0.004646	0.000000	0.000000	-0.000000
0.936304	-2.720872	-8.663190	-4.019100	14.496100	1.007600	3.475620	-12.928800	-0.092937	-0.000000	0.000000	0.000000	-2.651640	16.310400	0.745192	2.900970	-16.662300	0.102100	-0.000000	0.000000	0.000000	-0.000000	0.000000	-0.000025	0.000000	0.000000	0.000000	16.184000	-45.660198	-65.036400	113.892998	-9.937750	148.737000	0.000000	0.000001	0.000002	0.000000	0.000000	0.000000	-3.696510	-49.957901	86.206200	-108.296997	-9.242970	-160.768997	0.000000	0.000000	0.000000	0.150552	0.183546	-0.000482	-0.000000	0.000000	0.000001
0.480651	-2.915622	-6.921080	-2.992590	16.056000	0.828388	3.256350	-15.725700	0.103145	0.000000	-0.000000	0.000000	-1.124630	17.717100	0.342298	1.672110	-17.867701	0.184339	0.000000	-0.000000	-0.000000	0.000000	-0.000000	0.000059	0.000000	0.000000	0.000000	2.364220	-49.021000	-85.656097	112.527000	-14.582700	139.832001	-0.000000	-0.000001	-0.000000	0.000000	0.000000	0.000000	9.643290	-48.978901	102.089996	-104.180000	-14.698800	-142.285004	-0.000000	0.000000	0.000002	-0.320439	-1.088530	-0.006089	-0.000000	0.000000	0.000001
0.205465	-2.282910	-8.800470	-2.870350	15.404100	0.763043	3.494660	-15.027000	0.188619	0.000000	-0.000000	-0.000001	-1.035630	17.524200	0.311881	1.962260	-18.025299	0.301618	-0.000000	0.000000	0.000000	-0.000000	0.000001	-0.000024	0.000000	0.000000	0.000000	-5.224060	-46.801701	-97.219299	111.966003	-18.770000	133.945007	0.000000	-0.000000	-0.000000	0.000000	0.000000	0.000000	7.281480	-41.433399	100.544998	-108.098999	-28.227600	-130.434998	-0.000000	0.000001	0.000001	-0.189386	-1.595020	-0.005276	0.000000	-0.000000	0.000001
0.106461	-2.523150	-10.027104	-2.324300	15.707800	0.629592	2.422200	-13.968800	0.044584	0.000000	-0.000000	0.000000	-1.179260	17.523600	0.355131	2.494910	-17.662800	0.415853	0.000000	0.000000	-0.000001	0.000000	0.000000	-0.000011	0.000000	0.000000	0.000000	-3.393040	-38.703899	-95.607697	115.754997	-26.003000	131.985001	0.000001	-0.000001	0.000000	0.000000	0.000000	0.000000	1.792500	-34.804699	93.790398	-113.759003	-41.271301	-128.268997	0.000000	0.000001	0.000001	-0.106520	-2.187770	-0.004068	0.000000	-0.000000	0.000000
0.506947	-2.263609	-9.956810	-2.525660	16.199600	0.705057	2.156560	-14.923000	-0.069225	0.000000	-0.000000	0.000000	-1.735310	18.093100	0.539087	3.058940	-19.110399	0.461512	0.000000	-0.000000	-0.000000	-0.000000	-0.000000	-0.000037	0.000000	0.000000	0.000000	-7.101160	-38.853802	-102.194000	112.613998	-25.805700	127.908997	0.000000	-0.000001	0.000000	0.000000	0.000000	0.000000	-1.108080	-31.453699	89.298798	-117.690002	-46.015301	-130.192993	0.000000	-0.000001	-0.000001	0.016977	-2.489740	0.000735	0.000000	-0.000000	-0.000001
0.228773	-0.074768	-8.802712	-2.496090	13.900400	0.600015	2.898520	-15.129200	0.124112	-0.000000	0.000000	0.000000	-1.551090	16.389999	0.437788	3.350630	-19.917200	0.634693	-0.000000	0.000000	0.000001	-0.000000	-0.000000	-0.000026	0.000000	0.000000	0.000000	-17.988100	-46.867699	-115.661003	105.084000	-21.408701	118.153999	0.000001	-0.000002	-0.000001	0.000000	0.000000	0.000000	-3.009250	-29.971100	85.850998	-122.808998	-44.877602	-136.147003	0.000000	0.000000	-0.000001	0.708796	-6.454440	0.079676	-0.000000	0.000000	-0.000001
-0.565224	-0.496392	-7.342597	-0.086372	15.647400	0.023314	1.255560	-17.937799	0.361104	-0.000000	-0.000000	0.000000	0.845945	15.864200	-0.231242	1.672120	-18.562700	0.791774	-0.000000	0.000000	0.000000	-0.000000	0.000000	0.000043	0.000000	0.000000	0.000000	-16.128401	-50.241901	-111.619003	103.675003	-21.773800	113.358002	-0.000001	0.000001	0.000000	0.000000	0.000000	0.000000	9.103690	-37.329498	103.681999	-109.227997	-30.070999	-129.498001	0.000000	0.000000	-0.000000	1.685640	-3.800980	0.111771	-0.000000	0.000000	0.000000
-0.082166	-1.485260	-9.673109	-0.940995	16.127300	0.261420	1.209980	-17.010700	0.089511	0.000000	0.000000	0.000001	-0.186815	17.108299	0.054975	2.167810	-18.720800	0.638680	0.000000	-0.000000	-0.000000	-0.000000	0.000000	0.000018	0.000000	0.000000	0.000000	-4.778040	-48.771099	-96.450500	109.945999	-21.589701	126.367996	-0.000001	-0.000001	0.000001	0.000000	0.000000	0.000000	15.567200	-45.592602	110.236000	-103.116997	-21.741600	-129.287003	0.000000	-0.000000	-0.000000	0.427937	-2.279180	0.017018	0.000000	0.000000	-0.000001
-0.018056	-2.587120	-10.679500	-1.325330	15.841100	0.361847	1.172130	-14.278000	-0.025379	0.000000	-0.000000	-0.000000	-0.397799	17.648300	0.120617	1.757700	-18.370899	0.434558	0.000000	0.000000	0.000001	0.000000	-0.000000	0.000101	0.000000	0.000000	0.000000	9.806550	-44.981098	-74.426300	116.628998	-22.638599	134.647995	-0.000000	-0.000001	0.000000	0.000000	0.000000	0.000000	12.590200	-50.685600	105.774002	-104.580002	-15.420300	-142.171005	0.000000	-0.000001	-0.000001	-0.226170	-1.058540	-0.004179	-0.000000	0.000000	0.000001
0.426065	-3.008122	-10.915401	-2.363740	16.393000	0.667467	1.967560	-14.558800	-0.075434	0.000000	-0.000000	0.000000	-0.912760	17.292400	0.271352	1.461370	-17.067801	0.173121	0.000000	-0.000000	-0.000000	-0.000000	-0.000000	0.000001	0.000000	0.000000	0.000000	20.120300	-39.461601	-56.188202	118.475998	-19.181000	139.998001	-0.000000	0.000000	0.000002	0.000000	0.000000	0.000000	-4.755850	-48.570999	85.150101	-109.069000	-9.474960	-161.567993	0.000000	-0.000000	-0.000000	0.133368	-0.378734	0.000883	0.000000	-0.000000	-0.000000
1.129010	-2.318960	-11.315204	-4.340420	14.091600	1.058690	3.130980	-12.059100	-0.225372	-0.000000	0.000000	0.000000	-3.083210	16.103800	0.855984	2.942520	-16.946899	-0.005719	0.000000	-0.000000	0.000000	0.000000	0.000000	0.000026	0.000000	0.000000	0.000000	30.532400	-33.766800	-37.704800	115.953003	-13.680100	143.024002	-0.000000	-0.000000	0.000001	0.000000	0.000000	0.000000	-21.826900	-46.162601	64.304497	-109.874001	-3.876850	-177.283005	-0.000000	0.000000	0.000000	0.140240	0.387522	-0.000948	0.000000	-0.000000	0.000001
1.158250	-1.647080	-11.678102	-3.917320	13.239300	0.898471	2.633510	-11.700700	-0.239249	-0.000000	-0.000000	-0.000000	-2.690250	14.960000	0.694961	2.546820	-16.067200	-0.014450	0.000000	-0.000000	-0.000000	-0.000000	0.000000	0.000043	0.000000	0.000000	0.000000	38.559101	-25.688299	-21.653000	108.096001	-10.107400	136.276001	0.000000	0.000000	0.000000	0.000000	0.000000	0.000000	-33.172798	-38.353600	48.563202	-110.183998	2.887010	164.606995	-0.000000	-0.000000	0.000000	0.421569	0.637920	-0.004694	0.000000	-0.000000	-0.000002
0.698973	-1.074900	-13.017801	-3.583450	12.516300	0.777575	2.867510	-11.456700	-0.125286	0.000000	-0.000000	-0.000000	-2.597110	14.006600	0.629007	3.380820	-15.708900	0.233114	0.000000	-0.000000	-0.000000	0.000000	0.000000	-0.000014	0.000000	0.000000	0.000000	41.077499	-12.852100	-6.116030	104.120003	-11.658400	126.942001	0.000000	-0.000000	-0.000000	0.000000	0.000000	0.000000	-35.524601	-31.586700	42.517399	-108.327003	9.418610	147.593994	-0.000001	-0.000001	0.000001	0.509976	0.651777	-0.005801	0.000000	0.000000	0.000000
0.286070	-0.642291	-14.426005	-2.925130	13.675600	0.692152	3.122830	-14.256200	0.069112	-0.000000	0.000000	0.000000	-1.619250	13.998400	0.391799	3.156230	-16.886000	0.460507	-0.000000	-0.000000	0.000000	-0.000000	0.000000	0.000015	0.000000	0.000000	0.000000	42.488300	-3.051970	5.092420	98.532600	-11.784400	115.101997	0.000000	0.000000	0.000001	0.000000	0.000000	0.000000	-34.031200	-24.192900	38.917301	-109.771004	10.081300	146.423004	0.000000	-0.000001	0.000000	0.663713	0.745081	-0.008632	-0.000000	-0.000000	-0.000000
1.066160	-0.925863	-13.979000	-3.752770	13.696100	0.889765	2.876870	-13.762600	-0.182976	-0.000000	0.000000	-0.000000	-3.098150	14.052900	0.752989	4.138050	-16.627800	0.324155	-0.000000	-0.000000	-0.000000	0.000000	0.000000	-0.000048	0.000000	0.000000	0.000000	39.663700	1.733780	10.904800	94.247597	-12.878300	103.100998	0.000000	-0.000000	0.000000	0.000000	0.000000	0.000000	-35.571400	-18.106600	32.036301	-107.953003	9.639960	143.160995	0.000000	0.000000	0.000000	0.405820	0.756688	-0.005360	0.000000	0.000000	0.000000
0.799325	-0.383419	-14.768298	-3.375280	12.267600	0.717975	2.581180	-11.970600	-0.148718	0.000000	-0.000000	-0.000001	-2.884690	13.166300	0.657605	4.275230	-16.119499	0.407211	-0.000000	0.000000	-0.000000	0.000000	0.000000	-0.000064	0.000000	0.000000	0.000000	36.998600	6.588640	17.642700	95.058601	-17.656000	103.741997	-0.000000	-0.000000	0.000000	0.000000	0.000000	0.000000	-34.019699	-16.229900	31.605801	-106.871002	11.531200	137.738007	-0.000000	0.000000	0.000000	0.504208	0.896677	-0.007890	0.000000	0.000000	0.000002
0.428729	-0.512022	-15.872200	-3.072210	13.858500	0.736552	2.968740	-14.621700	-0.003535	-0.000000	-0.000000	-0.000001	-1.628830	12.781800	0.360468	2.716960	-15.063500	0.293308	0.000000	0.000000	0.000001	-0.000000	-0.000000	-0.000029	0.000000	0.000000	0.000000	34.507500	9.672460	22.821899	96.625603	-22.905001	105.077003	0.000000	0.000000	-0.000000	0.000000	0.000000	0.000000	-31.883900	-16.597200	34.092800	-107.536003	13.133600	136.473999	-0.000001	0.000001	0.000000	0.388037	0.789118	-0.005342	-0.000000	-0.000000	-0.000001
0.153012	-0.864130	-16.140699	-2.106980	14.047100	0.511643	1.684070	-13.616200	-0.084737	0.000000	0.000000	0.000001	-1.284560	13.854800	0.307670	2.826130	-16.498600	0.448496	0.000000	-0.000000	-0.000000	-0.000000	0.000000	-0.000084	0.000000	0.000000	0.000000	34.100700	8.799890	22.024500	97.780502	-22.553301	107.257004	-0.000000	-0.000000	0.000000	0.000000	0.000000	0.000000	-31.463499	-18.647600	36.677799	-108.178001	13.051000	138.141006	-0.000000	-0.000001	0.000001	0.474087	0.680603	-0.005629	-0.000000	-0.000000	-0.000002
0.165110	-0.427408	-15.800903	-1.706090	13.643700	0.402567	1.632160	-13.905100	-0.006208	0.000000	-0.000000	0.000001	-1.009030	13.229800	0.230962	2.790520	-16.058201	0.500331	0.000000	0.000000	0.000000	-0.000000	-0.000000	0.000071	0.000000	0.000000	0.000000	34.685200	4.637960	16.340900	99.607697	-18.320700	112.963997	0.000000	0.000001	0.000001	0.000000	0.000000	0.000000	-28.469200	-21.582899	42.807701	-109.898003	15.692000	138.050003	0.000000	-0.000001	0.000000	0.323387	0.833418	-0.004705	0.000000	-0.000000	-0.000001
-0.131223	-0.854602	-14.831103	-1.241450	13.570600	0.291357	1.078890	-13.050000	-0.028896	0.000000	0.000000	0.000000	-0.305550	13.152400	0.069543	1.820330	-15.236900	0.400273	-0.000000	-0.000000	-0.000001	-0.000000	0.000000	0.000012	0.000000	0.000000	0.000000	37.129200	-1.463790	7.481030	102.561996	-14.666000	121.559998	-0.000001	0.000001	0.000000	0.000000	0.000000	0.000000	-29.797300	-26.380600	45.235600	-109.482002	15.578100	138.714005	0.000000	-0.000000	0.000000	0.714062	0.866202	-0.010794	0.000000	0.000000	0.000001
0.056125	-1.824230	-13.407900	-1.258780	15.115100	0.328301	0.660281	-14.116400	-0.135365	0.000000	0.000000	-0.000000	-0.134095	14.563500	0.033730	1.015150	-15.231500	0.232606	-0.000000	0.000000	-0.000000	0.000000	-0.000000	-0.000036	0.000000	0.000000	0.000000	37.794998	-8.171390	-1.313320	105.401001	-14.403300	126.323997	0.000000	0.000000	-0.000000	0.000000	0.000000	0.000000	-31.364201	-31.340700	46.792198	-108.994003	11.773100	144.899994	-0.000000	0.000000	0.000001	0.591144	0.399103	-0.004115	-0.000000	0.000000	-0.000001
0.902630	-1.990300	-11.848500	-3.025040	15.221500	0.794927	1.842950	-14.533700	-0.270028	-0.000000	0.000000	-0.000000	-2.109880	15.477600	0.563296	2.584460	-16.348900	0.155128	0.000000	0.000000	0.000000	0.000000	0.000000	-0.000008	0.000000	0.000000	0.000000	37.719002	-18.014500	-13.685700	109.205002	-11.768100	135.906998	-0.000001	-0.000001	0.000000	0.000000	0.000000	0.000000	-33.785599	-38.492001	48.007702	-107.163002	5.922870	155.332993	-0.000000	0.000000	-0.000001	0.560769	0.613104	-0.006000	-0.000000	0.000000	0.000001
1.100990	-1.627090	-12.375700	-4.159090	13.917600	1.002040	3.090810	-13.501700	-0.220885	-0.000000	0.000000	-0.000000	-3.022160	15.143800	0.790210	3.229850	-17.094101	0.091915	-0.000000	-0.000000	0.000000	-0.000000	0.000000	0.000068	0.000000	0.000000	0.000000	36.535599	-26.966900	-24.748301	113.195999	-10.927000	143.195007	0.000000	0.000001	-0.000000	0.000000	0.000000	0.000000	-25.897900	-47.871899	60.358898	-106.095001	-0.771434	174.207993	0.000000	-0.000000	0.000001	0.479886	1.004770	-0.008415	0.000000	-0.000000	-0.000001
0.560542	-1.562570	-11.782902	-2.784810	13.752500	0.662532	1.907050	-13.096200	-0.180807	0.000000	-0.000000	-0.000000	-1.730520	14.236700	0.425716	2.418900	-15.614800	0.199599	0.000000	-0.000000	-0.000000	0.000000	0.000000	-0.000009	0.000000	0.000000	0.000000	33.978802	-35.370701	-35.347301	115.099998	-16.381901	137.981995	-0.000000	-0.000000	-0.000000	0.000000	0.000000	0.000000	-9.173890	-53.087101	80.409203	-105.492996	-6.096170	-167.565002	-0.000000	0.000000	0.000000	0.038727	0.886518	-0.000598	-0.000000	0.000000	-0.000001
0.704098	-1.387210	-9.769790	-2.063980	13.958600	0.498088	1.414280	-14.308500	-0.145516	-0.000000	0.000000	0.000000	-0.684910	14.936700	0.176557	1.213080	-17.137899	0.162447	0.000000	-0.000000	0.000000	0.000000	-0.000000	0.000009	0.000000	0.000000	0.000000	24.385599	-42.798599	-52.437801	116.953003	-22.212999	134.246994	0.000000	-0.000000	-0.000000	0.000000	0.000000	0.000000	7.241440	-56.103001	98.893997	-100.513000	-11.697000	-143.781006	0.000000	-0.000000	0.000000	-0.435937	0.134738	0.001025	0.000000	0.000000	-0.000001
0.059341	-1.436590	-6.518181	-0.227993	14.014600	0.055226	0.320632	-14.411700	0.024733	0.000000	0.000000	-0.000000	1.463760	15.435200	-0.389643	-0.771388	-16.433500	0.180928	0.000000	-0.000000	0.000000	0.000000	-0.000000	-0.000020	0.000000	0.000000	0.000000	9.838900	-50.233101	-75.253601	112.273003	-25.479099	124.599998	0.000000	-0.000001	-0.000001	0.000000	0.000000	0.000000	15.669600	-51.612999	108.637001	-98.797798	-14.172500	-132.514999	-0.000000	-0.000000	-0.000000	-0.346686	-0.760751	-0.004603	0.000000	-0.000000	-0.000000
-0.161251	-1.658080	-5.261961	0.231990	14.379300	-0.057597	0.071596	-14.800800	0.075684	-0.000000	-0.000000	0.000000	2.032980	16.976999	-0.593814	-1.153280	-18.121901	0.246051	0.000000	-0.000000	0.000000	-0.000000	-0.000000	-0.000024	0.000000	0.000000	0.000000	-2.666520	-49.722000	-92.695801	107.887001	-26.601700	116.790001	-0.000001	0.000001	0.000001	0.000000	0.000000	0.000000	20.321899	-46.599098	115.017998	-98.368797	-15.983200	-126.750000	0.000001	-0.000001	-0.000002	-0.325909	-1.778160	-0.010114	0.000000	-0.000000	0.000000
-0.752099	-1.910950	-6.390508	0.156973	15.597500	-0.042188	1.200720	-16.211100	0.377468	0.000000	0.000000	0.000000	2.089210	18.860399	-0.675609	-0.313983	-20.197001	0.574272	-0.000000	0.000000	0.000000	-0.000000	-0.000000	0.000018	0.000000	0.000000	0.000000	1.617530	-41.693401	-86.137299	111.247002	-37.093201	116.067001	-0.000000	0.000000	0.000001	0.000000	0.000000	0.000000	12.450300	-37.950100	107.985001	-104.002998	-26.320601	-124.803001	0.000000	0.000001	0.000001	-0.104391	-2.239170	-0.004081	-0.000000	-0.000000	0.000000
-1.221740	-0.914845	-8.955661	0.638544	15.455100	-0.170145	1.060610	-16.301901	0.470569	-0.000000	0.000000	0.000000	2.704650	16.674999	-0.776584	-0.775489	-18.507900	0.576403	-0.000000	0.000000	0.000001	0.000000	-0.000000	0.000015	0.000000	0.000000	0.000000	3.767210	-35.940399	-81.802299	116.045998	-40.563801	121.291000	-0.000000	0.000001	-0.000001	0.000000	0.000000	0.000000	10.755800	-34.117001	107.218002	-108.188004	-30.031000	-127.663002	0.000001	-0.000001	-0.000001	-0.236704	-2.206800	-0.009117	-0.000000	0.000000	-0.000001
-0.803608	-0.472707	-8.669080	0.696927	14.203000	-0.170985	0.594747	-15.163400	0.332326	0.000000	0.000000	0.000000	2.698870	14.778700	-0.688903	-1.143540	-15.998600	0.404107	0.000000	-0.000000	-0.000001	-0.000000	0.000000	-0.000009	0.000000	0.000000	0.000000	2.439400	-34.445099	-84.060204	117.847000	-39.242500	124.518997	-0.000000	-0.000000	-0.000001	0.000000	0.000000	0.000000	8.279210	-32.341801	104.015999	-109.972000	-34.126598	-126.946999	0.000001	0.000001	0.000001	-0.076293	-2.047300	-0.002729	-0.000000	0.000000	0.000000
-0.541929	-0.375426	-7.996481	0.162857	14.219600	-0.039986	0.689439	-15.652800	0.228606	0.000000	-0.000000	0.000000	1.759360	15.486200	-0.469878	-0.174040	-17.732800	0.463474	-0.000000	-0.000000	-0.000000	0.000000	0.000000	-0.000053	0.000000	0.000000	0.000000	-3.148530	-38.041199	-94.888000	112.374001	-32.004501	121.750000	0.000001	-0.000001	0.000001	0.000000	0.000000	0.000000	3.336940	-29.723700	96.505997	-115.120003	-36.879799	-131.636993	-0.000001	0.000000	0.000001	-0.224342	-2.057220	-0.008056	0.000000	0.000000	0.000000
-0.614271	-0.209760	-8.334560	-0.236676	13.771300	0.056357	1.028320	-15.145100	0.208599	-0.000000	-0.000000	-0.000000	1.154940	15.267300	-0.304143	0.883576	-17.971300	0.616591	-0.000000	-0.000000	0.000000	0.000000	-0.000000	0.000017	0.000000	0.000000	0.000000	-6.569700	-43.403000	-99.849998	110.540001	-24.148800	125.367996	-0.000001	0.000000	-0.000000	0.000000	0.000000	0.000000	9.845960	-36.686001	105.017998	-108.672997	-28.477900	-129.968994	0.000001	-0.000000	-0.000000	-0.380918	-1.849640	-0.012297	-0.000000	-0.000000	0.000000
-0.652281	-0.177962	-7.084440	0.160647	12.830800	-0.035656	0.533511	-14.012700	0.167098	-0.000000	-0.000000	-0.000000	1.537460	14.868900	-0.394592	0.312309	-17.515200	0.541343	0.000000	0.000000	0.000000	-0.000000	-0.000000	-0.000022	0.000000	0.000000	0.000000	-4.005920	-48.138802	-95.006699	111.416000	-20.376200	130.296005	0.000000	-0.000000	-0.000000	0.000000	0.000000	0.000000	12.721200	-44.639702	106.661003	-106.042000	-19.885500	-136.046005	-0.000000	-0.000000	-0.000001	-0.557805	-0.865257	-0.008425	0.000000	0.000000	-0.000001
-0.682928	-0.577659	-8.998960	-0.613014	12.688100	0.134665	1.899270	-13.233600	0.297910	0.000000	-0.000000	0.000000	1.464740	14.525000	-0.367418	0.107436	-15.921800	0.418514	0.000000	-0.000000	-0.000000	-0.000000	-0.000000	-0.000062	0.000000	0.000000	0.000000	12.246400	-45.797100	-70.795097	118.111000	-19.588301	139.893997	0.000001	-0.000001	-0.000001	0.000000	0.000000	0.000000	3.269550	-48.278400	94.720901	-109.497002	-14.985700	-150.080002	0.000001	-0.000000	-0.000001	-0.109357	0.507236	0.000970	-0.000000	-0.000000	-0.000001
-0.232292	-0.371242	-11.341100	-1.771700	11.640200	0.357589	2.234450	-12.020400	0.103952	0.000000	-0.000000	0.000000	0.068777	13.004900	-0.015463	0.955087	-15.135800	0.266889	0.000000	-0.000000	-0.000000	-0.000000	-0.000000	0.000046	0.000000	0.000000	0.000000	28.261600	-39.910500	-45.639599	118.542000	-13.840200	146.550995	0.000000	0.000000	0.000000	0.000000	0.000000	0.000000	-12.506600	-46.609001	75.497200	-113.105003	-9.065100	-166.432999	-0.000000	0.000000	-0.000003	0.311350	1.175440	-0.006386	0.000000	0.000000	0.000000
0.168127	-0.334232	-11.628998	-2.851190	12.064600	0.596425	3.261050	-12.961800	0.106060	0.000000	-0.000000	-0.000000	-0.903524	12.734500	0.199197	1.563190	-15.409100	0.181175	0.000000	-0.000000	0.000000	0.000000	0.000000	-0.000087	0.000000	0.000000	0.000000	38.528400	-31.340000	-27.124399	113.572998	-10.494800	144.487000	0.000000	0.000000	0.000001	0.000000	0.000000	0.000000	-29.405001	-39.331600	53.109200	-115.378998	-3.182010	178.852005	-0.000000	-0.000000	-0.000000	0.481141	1.162070	-0.009757	-0.000000	0.000000	-0.000000
0.472855	0.437868	-12.002700	-3.265660	11.534200	0.653670	3.495040	-14.023300	0.071564	-0.000000	0.000000	0.000000	-1.196470	11.550900	0.239625	1.619510	-14.928300	0.115208	0.000000	-0.000000	0.000000	-0.000000	-0.000000	0.000014	0.000000	0.000000	0.000000	43.992401	-21.265600	-13.468100	105.837997	-8.351700	135.610992	0.000001	-0.000001	-0.000000	0.000000	0.000000	0.000000	-36.984200	-31.140100	40.683601	-113.545998	4.381790	161.876999	-0.000001	-0.000000	-0.000001	0.125689	1.871730	-0.004103	-0.000000	-0.000000	0.000001
0.096817	-0.057698	-13.764500	-3.102340	11.666800	0.627955	3.306860	-12.242800	0.056961	0.000000	-0.000000	-0.000000	-1.092940	12.108500	0.229297	1.693720	-14.855200	0.160254	-0.000000	0.000000	0.000000	0.000000	0.000000	-0.000012	0.000000	0.000000	0.000000	44.955002	-8.065560	-0.034106	100.067001	-10.880400	119.393997	-0.000000	0.000001	0.000000	0.000000	0.000000	0.000000	-37.115700	-24.656000	36.239899	-110.582001	8.391120	150.225998	0.000000	-0.000000	0.000001	0.182904	1.731750	-0.005524	-0.000000	0.000000	-0.000001
-0.069094	0.617805	-15.322004	-1.907220	11.075900	0.366539	2.571530	-11.820700	0.143356	-0.000000	-0.000000	0.000000	0.024820	11.200000	-0.004808	1.224720	-14.612300	0.315142	-0.000000	0.000000	-0.000001	0.000000	-0.000000	0.000010	0.000000	0.000000	0.000000	42.100300	2.090090	10.766700	94.595901	-14.224300	103.371002	0.000001	0.000001	0.000000	0.000000	0.000000	0.000000	-34.358299	-19.667999	34.742699	-110.399002	10.969200	144.479004	-0.000001	-0.000001	0.000000	0.424093	1.928710	-0.014269	-0.000000	0.000000	0.000000
-0.111251	0.852902	-16.305307	-1.248810	11.094800	0.240362	1.403060	-12.107600	0.037234	-0.000000	0.000000	0.000000	0.536617	10.064000	-0.093761	0.495182	-13.045700	0.231049	-0.000000	0.000000	0.000002	-0.000000	-0.000000	0.000041	0.000000	0.000000	0.000000	37.750301	9.020850	20.146799	91.670097	-19.998600	95.358200	0.000000	-0.000001	-0.000000	0.000000	0.000000	0.000000	-31.017099	-16.120899	34.479801	-111.885002	11.214500	145.348007	-0.000001	0.000000	-0.000001	0.299267	2.016670	-0.010529	-0.000000	0.000000	0.000001
0.112492	1.145500	-17.090500	-1.352250	10.625200	0.249355	1.515120	-12.063700	0.038870	0.000000	0.000000	0.000000	0.477509	9.310790	-0.077283	0.314467	-12.443900	0.169295	0.000000	-0.000000	-0.000001	-0.000000	-0.000000	-0.000068	0.000000	0.000000	0.000000	35.053799	11.507900	24.719999	90.762001	-21.842501	93.531998	-0.000001	-0.000000	-0.000000	0.000000	0.000000	0.000000	-29.386700	-16.929100	37.160000	-111.939003	13.023700	142.951004	-0.000000	-0.000001	0.000001	0.129029	2.168940	-0.004881	0.000000	0.000000	0.000000
0.293168	1.026910	-17.024601	-1.784080	10.529300	0.326095	1.668260	-11.860100	-0.017641	0.000000	0.000000	0.000001	0.184067	9.283000	-0.029720	0.235666	-12.857100	0.092847	0.000000	-0.000000	-0.000000	-0.000000	0.000000	-0.000051	0.000000	0.000000	0.000000	32.843899	11.561900	26.435400	93.885399	-24.356199	99.544899	-0.000000	-0.000000	-0.000000	0.000000	0.000000	0.000000	-28.399900	-16.487200	37.752701	-113.593002	11.775500	146.781998	0.000000	0.000000	0.000001	-0.039717	2.000540	0.001388	-0.000000	0.000000	-0.000000
-0.349146	0.455188	-16.350100	-0.872880	11.771400	0.178103	1.062400	-12.540500	0.045121	0.000000	0.000000	-0.000000	0.830401	10.746100	-0.154830	0.144410	-13.667000	0.226891	0.000000	0.000000	0.000000	-0.000000	0.000000	0.000000	0.000000	0.000000	0.000000	34.447102	7.587500	20.356199	96.271103	-18.888399	105.961998	0.000000	0.000000	0.000000	0.000000	0.000000	0.000000	-29.038200	-17.804100	38.440102	-112.780998	10.500700	148.130005	0.000001	-0.000000	0.000001	0.236986	1.660670	-0.006866	-0.000000	0.000000	-0.000000
-0.137139	0.929385	-15.561700	-0.786441	11.098400	0.151452	1.174890	-12.399200	0.086552	-0.000000	-0.000000	-0.000001	1.241550	10.198700	-0.219808	-0.509541	-13.473300	0.165973	-0.000000	-0.000000	-0.000000	0.000009	0.000003	0.000076	0.000000	0.000000	0.000000	36.973301	1.474250	11.406600	98.932098	-11.892200	117.288002	-0.000001	-0.000001	-0.000000	0.000000	0.000000	0.000000	-29.466999	-21.107000	41.200901	-114.582001	11.096300	149.919006	0.000000	0.000000	-0.000001	0.098405	1.648680	-0.002830	0.000000	-0.000000	-0.000001
-0.059404	0.552055	-14.456606	-0.672310	10.800400	0.126042	0.493429	-11.666600	-0.033776	0.000000	-0.000000	-0.000000	0.881040	10.679700	-0.163232	0.041560	-14.394100	0.225561	-0.000000	0.000000	-0.000001	-0.000000	0.000000	0.000187	0.000000	0.000000	0.000000	37.343601	-4.692180	3.288180	103.991997	-12.144000	127.410004	0.000000	0.000000	0.000000	0.000000	0.000000	0.000000	-30.780199	-26.961700	44.540001	-112.910004	11.082800	149.445999	-0.000000	0.000000	0.000000	0.273347	1.310030	-0.006247	-0.000000	0.000000	0.000002
0.226882	0.499272	-13.319802	-1.042910	10.427900	0.188796	0.803361	-11.560700	-0.044567	0.000000	0.000000	-0.000000	1.031200	10.664000	-0.190831	-1.008400	-14.537900	0.001238	0.000000	0.000000	0.000000	-0.000000	-0.000000	0.000011	0.000000	0.000000	0.000000	37.352798	-14.288200	-9.259810	108.070999	-8.718720	139.656998	-0.000001	-0.000000	-0.000000	0.000000	0.000000	0.000000	-30.267900	-31.915400	48.372398	-113.355003	7.232460	157.404007	-0.000000	0.000000	-0.000000	0.364085	1.384130	-0.008795	0.000000	0.000000	0.000000
0.146438	-0.571945	-12.829200	-1.209960	11.465900	0.240564	0.536849	-11.724500	-0.131888	0.000000	0.000000	-0.000000	0.558657	11.771500	-0.113966	-0.642878	-14.376400	-0.023840	0.000000	-0.000000	-0.000000	-0.000000	0.000000	0.000003	0.000000	0.000000	0.000000	33.466999	-21.928600	-21.595200	114.585999	-12.291300	142.992996	0.000000	-0.000000	0.000001	0.000000	0.000000	0.000000	-23.372999	-37.299999	59.366798	-113.904999	2.393230	168.619003	0.000000	-0.000000	0.000000	-0.060994	0.961574	0.001024	-0.000000	-0.000000	-0.000000
0.793649	-0.437987	-12.212501	-2.120830	11.319500	0.416468	1.066430	-12.062500	-0.211755	0.000000	0.000000	0.000000	-0.304570	11.587600	0.061185	-0.186981	-13.921300	-0.116783	-0.000000	0.000000	0.000000	0.000000	0.000000	0.000022	0.000000	0.000000	0.000000	26.428499	-29.583200	-38.433102	119.186996	-14.676000	145.742996	0.000000	0.000000	0.000001	0.000000	0.000000	0.000000	-14.376700	-43.603401	72.676598	-111.705002	-3.883760	-176.654999	-0.000001	-0.000000	0.000001	-0.203562	1.136110	0.004037	-0.000000	0.000000	0.000000
0.998560	-1.440150	-9.504419	-2.556240	12.861000	0.569354	1.168790	-12.806100	-0.293367	-0.000000	-0.000000	-0.000000	-0.848570	13.534500	0.198615	0.127317	-14.802900	-0.178272	-0.000000	-0.000000	0.000000	-0.000000	0.000000	0.000007	0.000000	0.000000	0.000000	14.750400	-37.394100	-62.753201	118.766998	-17.205299	143.358994	-0.000000	-0.000000	0.000001	0.000000	0.000000	0.000000	-2.858710	-44.626099	87.134499	-109.337997	-11.068200	-157.787994	0.000000	-0.000000	-0.000002	-0.154103	0.252822	0.000680	0.000000	-0.000000	-0.000001
1.170780	-1.217280	-8.853440	-2.519020	12.905500	0.562958	0.936396	-12.833100	-0.337461	-0.000000	-0.000000	-0.000000	-0.951630	14.892100	0.244598	-0.037100	-17.143801	-0.282059	0.000000	0.000000	0.000000	-0.000000	0.000000	0.000014	0.000000	0.000000	0.000000	4.021670	-40.067402	-82.163002	117.795998	-20.079000	140.151001	-0.000000	-0.000000	-0.000001	0.000000	0.000000	0.000000	11.062900	-45.091702	104.723000	-103.482002	-14.039700	-141.766006	-0.000000	0.000001	0.000000	0.046533	-0.696757	0.000566	-0.000000	0.000000	-0.000001
1.098880	-1.348400	-8.137510	-2.588270	13.532000	0.606022	1.265760	-13.628600	-0.294732	0.000000	0.000000	0.000001	-0.948038	15.440000	0.252427	0.326661	-17.193899	-0.173586	-0.000000	0.000000	0.000000	0.000000	-0.000000	-0.000021	0.000000	0.000000	0.000000	-4.399260	-40.981899	-96.680000	109.855003	-23.091700	125.154999	-0.000000	-0.000001	0.000001	0.000000	0.000000	0.000000	21.848900	-43.275700	118.178001	-97.295303	-15.856300	-124.044998	-0.000000	-0.000001	-0.000000	-0.173198	-1.717540	-0.005192	0.000000	0.000000	-0.000001
0.939858	-1.529320	-8.286420	-2.733240	14.482300	0.684030	1.815500	-14.680700	-0.210584	-0.000000	0.000000	0.000000	-1.430190	16.632999	0.409471	1.533950	-18.712200	0.052474	0.000000	-0.000000	-0.000000	-0.000000	0.000000	0.000003	0.000000	0.000000	0.000000	-0.880506	-35.432098	-90.762199	112.935997	-37.319500	119.191002	-0.000000	-0.000001	0.000001	0.000000	0.000000	0.000000	18.757900	-38.504002	116.252998	-100.540001	-22.604799	-122.016998	-0.000000	-0.000001	-0.000000	0.056316	-1.896330	0.001862	0.000000	-0.000000	0.000000
0.752082	-1.253530	-7.749330	-2.678020	13.964400	0.646710	2.046220	-14.011400	-0.133807	0.000000	-0.000000	-0.000000	-0.965120	15.614900	0.259816	1.127520	-17.156099	0.058401	-0.000000	-0.000000	0.000000	-0.000000	0.000000	-0.000052	0.000000	0.000000	0.000000	2.755410	-33.403198	-82.933998	117.705002	-47.662701	120.392998	0.000000	0.000001	0.000000	0.000000	0.000000	0.000000	5.468880	-29.494301	100.071999	-113.251999	-32.084301	-132.593002	-0.000000	0.000000	-0.000000	0.083085	-2.220560	0.003217	0.000000	-0.000000	0.000001
0.928016	-1.446650	-7.642681	-2.731640	13.751200	0.649798	1.639080	-13.501600	-0.236820	-0.000000	0.000000	0.000000	-1.762910	16.298300	0.494894	2.258890	-18.033199	0.175470	0.000000	-0.000000	-0.000001	0.000000	0.000000	-0.000042	0.000000	0.000000	0.000000	3.076260	-32.254299	-81.927902	121.971001	-46.161800	125.985001	0.000000	0.000001	0.000001	0.000000	0.000000	0.000000	0.268405	-26.489300	91.299103	-118.930000	-40.677200	-133.712997	-0.000000	0.000001	0.000000	-0.118606	-2.118040	-0.004383	-0.000000	-0.000000	0.000000
0.489348	-0.713085	-7.917610	-2.265620	13.278000	0.520626	2.247420	-13.737800	0.010058	-0.000000	0.000000	-0.000000	-0.775802	15.594300	0.208579	1.721210	-17.844101	0.298460	0.000000	-0.000000	-0.000000	-0.000000	-0.000000	0.000004	0.000000	0.000000	0.000000	3.893470	-32.494400	-80.302696	124.725998	-45.660000	129.279007	-0.000000	0.000000	0.000001	0.000000	0.000000	0.000000	-0.743394	-27.051901	89.504700	-119.403000	-44.554100	-132.210007	0.000000	-0.000000	-0.000000	-0.295942	-1.897820	-0.009803	-0.000000	0.000000	0.000000
0.106000	-0.742033	-8.544590	-1.569530	13.997400	0.379736	1.968180	-15.251000	0.117114	-0.000000	-0.000000	-0.000000	-0.241875	15.947900	0.066475	1.689180	-18.878401	0.471374	-0.000000	0.000000	0.000000	-0.000000	-0.000000	-0.000043	0.000000	0.000000	0.000000	-3.328030	-37.933601	-95.338303	113.394997	-31.447100	123.708000	-0.000000	0.000000	0.000000	0.000000	0.000000	0.000000	2.950890	-32.453201	95.584099	-112.656998	-37.442902	-128.667999	0.000000	0.000000	0.000000	0.028906	-1.929270	0.000972	-0.000000	0.000000	0.000000
0.086405	-1.773220	-7.625903	-1.479060	14.889100	0.380135	2.050240	-15.093400	0.161661	0.000000	0.000000	-0.000000	0.298436	17.212400	-0.088299	0.734928	-19.476700	0.340108	0.000000	-0.000000	-0.000000	-0.000000	0.000000	0.000004	0.000000	0.000000	0.000000	-1.967930	-41.248299	-92.424797	114.795998	-24.782000	131.044998	0.000000	-0.000002	-0.000000	0.000000	0.000000	0.000000	9.299050	-40.056000	103.348999	-105.974998	-23.437599	-131.589996	0.000001	0.000000	-0.000001	0.328811	-2.134060	0.012242	0.000000	-0.000000	-0.000000
0.567742	-0.950241	-8.543549	-2.768540	13.007900	0.623627	3.024740	-13.934200	0.078808	0.000000	-0.000000	-0.000000	-1.580650	16.459299	0.447966	2.878680	-19.784100	0.461349	-0.000000	0.000000	-0.000000	-0.000010	-0.000001	-0.000017	0.000000	0.000000	0.000000	7.234900	-41.938599	-77.161797	120.073997	-20.289301	142.169998	0.000000	-0.000001	-0.000001	0.000000	0.000000	0.000000	4.909060	-46.069901	96.862801	-108.442001	-18.959200	-142.171005	0.000000	0.000000	0.000001	-0.011954	-0.812204	-0.000171	0.000000	-0.000000	0.000001
-0.125000	-1.416480	-11.325202	-1.874400	13.502400	0.437805	2.678060	-14.030800	0.207408	0.000000	-0.000000	0.000000	-0.733458	14.649500	0.185518	2.958030	-16.669300	0.645240	-0.000000	0.000000	-0.000000	0.000000	-0.000000	-0.000036	0.000000	0.000000	0.000000	22.250700	-37.305199	-51.566299	121.908997	-16.575899	147.000000	-0.000000	0.000000	0.000000	0.000000	0.000000	0.000000	-3.993080	-48.391899	86.147102	-108.847000	-10.204100	-159.781006	0.000001	-0.000000	-0.000000	0.429755	0.153300	-0.001149	0.000000	0.000000	-0.000000
-0.300472	-1.504210	-12.278700	-1.463540	14.196200	0.359011	2.390330	-14.848300	0.248964	0.000000	-0.000000	0.000000	-0.014637	13.629900	0.003463	1.953010	-14.833800	0.496522	0.000000	-0.000000	-0.000000	-0.000000	-0.000000	0.000002	0.000000	0.000000	0.000000	32.098202	-30.500900	-32.822601	117.168999	-11.899100	147.011002	0.000000	-0.000000	-0.000001	0.000000	0.000000	0.000000	-19.817600	-46.690701	66.939301	-110.192001	-2.868120	-179.445007	-0.000001	0.000000	-0.000000	0.460915	0.630909	-0.005076	-0.000000	-0.000000	0.000000
-0.139364	-1.511280	-12.490700	-1.685360	13.082400	0.381604	2.381510	-12.786000	0.163745	-0.000000	0.000000	-0.000000	-0.173010	13.112800	0.039267	1.783970	-14.253700	0.397837	-0.000000	0.000000	0.000000	0.000000	0.000000	0.000027	0.000000	0.000000	0.000000	36.830601	-20.666700	-17.456900	110.132004	-11.759300	137.207001	0.000000	0.000000	0.000000	0.000000	0.000000	0.000000	-28.559299	-39.584900	54.310600	-110.693001	5.420810	160.481995	0.000000	0.000000	0.000000	0.546573	0.682066	-0.006507	0.000000	-0.000000	0.000000
0.298705	-0.879015	-13.134605	-1.584350	11.930000	0.327604	1.490310	-11.582600	-0.012020	-0.000000	0.000000	-0.000000	-0.372000	12.312900	0.079342	1.363880	-13.643800	0.235999	-0.000000	0.000000	-0.000000	-0.000000	0.000000	-0.000050	0.000000	0.000000	0.000000	40.244999	-11.847000	-5.198540	100.691002	-10.242000	120.831001	-0.000000	0.000001	-0.000000	0.000000	0.000000	0.000000	-32.045601	-32.838600	46.973000	-110.422997	11.996100	146.548004	0.000000	-0.000001	0.000000	0.592098	0.809915	-0.008369	-0.000000	0.000000	0.000000
0.367334	-0.368083	-13.483900	-1.616290	12.296400	0.344322	1.735550	-13.214500	0.035728	-0.000000	-0.000000	0.000000	-0.062440	11.926400	0.012918	0.981066	-14.119500	0.224426	0.000000	-0.000000	0.000000	-0.000000	-0.000000	-0.000036	0.000000	0.000000	0.000000	39.708801	-3.622910	4.596050	92.973801	-12.854400	97.641502	-0.000000	-0.000001	0.000000	0.000000	0.000000	0.000000	-33.022999	-25.625500	41.021900	-110.022003	14.968600	139.914993	0.000000	-0.000001	0.000000	0.601360	1.104320	-0.011589	0.000000	-0.000000	0.000000
0.663280	-0.070312	-14.012300	-2.219000	12.020600	0.462368	2.258230	-14.039700	0.021312	0.000000	-0.000000	-0.000000	-0.942931	11.639500	0.190264	2.211840	-14.803100	0.329199	-0.000000	-0.000000	0.000000	0.000000	0.000000	-0.000047	0.000000	0.000000	0.000000	36.332298	3.096800	13.653000	88.700203	-17.831100	87.015602	-0.000001	-0.000002	-0.000000	0.000000	0.000000	0.000000	-31.246799	-19.193701	37.281601	-111.821999	13.372300	143.141998	-0.000000	0.000001	-0.000001	0.710767	1.224170	-0.015186	-0.000000	0.000000	0.000000
0.730906	0.150479	-14.903000	-2.137890	11.914400	0.441572	1.608090	-13.699400	-0.114573	-0.000000	0.000000	-0.000000	-1.200670	11.362400	0.236590	2.309490	-14.706800	0.287493	0.000000	0.000000	0.000001	-0.000000	0.000000	0.000009	0.000000	0.000000	0.000000	32.979698	7.875140	21.586201	87.272598	-24.089800	85.534401	-0.000000	0.000000	0.000000	0.000000	0.000000	0.000000	-27.565100	-16.565001	38.608398	-113.139000	13.524300	144.229004	-0.000000	-0.000000	0.000000	0.472883	1.396160	-0.011520	0.000000	-0.000000	-0.000002
1.038620	0.460173	-14.422600	-2.373600	11.104900	0.457432	1.557580	-12.983900	-0.173371	0.000000	0.000000	0.000000	-1.803850	10.589900	0.331623	3.076730	-14.358900	0.323331	-0.000000	0.000000	0.000000	0.000000	0.000000	-0.000004	0.000000	0.000000	0.000000	32.548599	7.407010	21.234600	86.592400	-23.535900	84.073898	0.000000	0.000001	0.000000	0.000000	0.000000	0.000000	-27.167700	-14.939400	37.090900	-113.624001	11.525000	147.371002	0.000001	-0.000000	-0.000001	0.309977	1.389950	-0.007519	0.000000	-0.000000	-0.000000
1.181490	0.512195	-13.943495	-3.017960	10.922100	0.572344	2.360750	-13.129000	-0.136869	-0.000000	0.000000	-0.000000	-2.379810	11.010400	0.454772	3.700950	-15.413900	0.362846	0.000000	0.000000	0.000000	0.000000	-0.000000	-0.000076	0.000000	0.000000	0.000000	32.452301	4.597100	17.406200	89.995399	-21.085199	90.673897	0.000000	-0.000001	-0.000000	0.000000	0.000000	0.000000	-28.705799	-19.407200	40.241100	-111.850998	14.579800	141.830994	-0.000000	-0.000000	0.000000	0.518103	1.454040	-0.013146	0.000000	-0.000000	0.000001
1.010180	0.433532	-13.385104	-2.802050	10.798900	0.525410	2.516490	-13.242900	-0.054049	-0.000000	-0.000000	-0.000000	-1.698740	10.446000	0.308091	2.669050	-14.185700	0.244703	0.000000	0.000000	-0.000000	0.000000	0.000000	-0.000006	0.000000	0.000000	0.000000	33.047401	0.217210	10.778200	95.115799	-17.973801	102.317001	0.000000	0.000001	0.000000	0.000000	0.000000	0.000000	-31.230700	-23.464100	41.142502	-109.154999	14.180500	139.490005	-0.000000	-0.000000	0.000001	0.457932	1.454860	-0.011626	0.000000	0.000000	-0.000000
1.148590	0.021897	-12.394502	-2.744930	10.432700	0.497429	2.076280	-11.857500	-0.128076	-0.000000	0.000000	-0.000000	-1.773840	11.453900	0.352366	2.497900	-15.602900	0.204253	0.000000	0.000000	-0.000000	-0.000000	-0.000000	-0.000022	0.000000	0.000000	0.000000	32.935001	-6.291380	0.852757	103.207001	-15.720600	120.910004	0.000001	0.000001	0.000000	0.000000	0.000000	0.000000	-31.575899	-28.749300	44.739799	-109.877998	12.218200	144.791000	-0.000000	-0.000000	-0.000001	0.303167	1.572350	-0.008318	0.000000	-0.000000	-0.000000
1.065770	-0.810054	-11.799502	-2.862650	11.466100	0.569527	2.164950	-11.725300	-0.130182	0.000000	0.000000	-0.000000	-1.590610	12.388600	0.341344	1.928440	-14.715200	0.095216	-0.000000	0.000000	0.000000	0.000000	-0.000000	-0.000059	0.000000	0.000000	0.000000	30.681200	-14.483100	-12.916400	110.279999	-13.277300	135.662003	0.000001	-0.000001	0.000000	0.000000	0.000000	0.000000	-28.089001	-33.132500	51.420502	-112.480003	6.831670	158.279007	-0.000000	0.000001	-0.000000	0.232669	1.515900	-0.006154	-0.000000	0.000000	-0.000000
0.761451	-0.427212	-13.011996	-2.912920	10.761300	0.544316	2.642770	-11.252200	-0.042721	0.000000	0.000000	0.000000	-2.074360	11.251400	0.404877	3.297370	-13.656000	0.298190	0.000000	-0.000000	0.000000	0.000009	-0.000038	-0.000008	0.000000	0.000000	0.000000	28.048100	-21.987400	-26.759501	117.780998	-13.309800	145.617996	0.000000	0.000001	-0.000000	0.000000	0.000000	0.000000	-19.522800	-39.624298	65.124397	-113.070999	0.399280	173.136993	-0.000000	0.000000	0.000001	0.059900	1.446280	-0.001510	0.000000	-0.000000	0.000000
-0.049308	-1.355580	-12.084100	-2.099030	12.361000	0.449502	2.864100	-12.391500	0.174620	0.000000	-0.000000	0.000000	-0.556781	12.881600	0.124103	2.059370	-14.884900	0.389649	0.000000	0.000000	0.000001	-0.000000	0.000000	-0.000049	0.000000	0.000000	0.000000	23.461500	-25.888800	-37.804501	126.279999	-25.148701	142.302994	-0.000000	-0.000001	0.000000	0.000000	0.000000	0.000000	-9.101460	-42.590302	79.210701	-112.654999	-6.779460	-170.186996	0.000000	-0.000000	0.000001	-0.100429	0.959861	0.001684	-0.000000	-0.000000	-0.000001
0.432956	-1.744670	-13.794400	-2.460730	14.013700	0.596230	2.200360	-14.407200	-0.046560	0.000000	-0.000000	0.000000	-1.397610	13.642400	0.329716	2.350120	-15.069400	0.257907	-0.000000	-0.000000	-0.000000	-0.000000	-0.000000	0.000005	0.000000	0.000000	0.000000	17.437000	-29.300501	-51.860699	128.977997	-29.491600	142.242004	0.000001	0.000001	0.000001	0.000000	0.000000	0.000000	8.665420	-49.012001	101.793999	-104.526001	-12.276700	-148.871002	0.000001	0.000000	-0.000001	-0.165135	-0.345083	-0.000993	-0.000000	0.000000	0.000000
0.288176	-2.176991	-12.034300	-2.412240	15.860100	0.659616	2.559610	-16.389900	0.067496	-0.000000	0.000000	0.000001	-1.370390	15.708400	0.371100	2.681510	-17.173201	0.402292	0.000000	-0.000000	-0.000000	0.000000	-0.000000	0.000006	0.000000	0.000000	0.000000	5.846930	-36.359699	-78.493896	119.968002	-26.382700	136.235001	-0.000000	0.000001	0.000000	0.000000	0.000000	0.000000	16.547501	-44.684700	111.948997	-102.220001	-18.336300	-132.289001	0.000000	-0.000000	0.000001	0.177706	-1.255440	0.003892	-0.000000	-0.000000	-0.000001
0.441025	-2.358060	-11.670600	-2.923430	15.926900	0.802875	3.330700	-15.245500	0.136621	0.000000	-0.000000	-0.000000	-1.182020	16.159000	0.329014	2.084880	-16.662500	0.272282	-0.000000	0.000000	0.000000	-0.000000	0.000000	-0.000007	0.000000	0.000000	0.000000	3.567950	-31.483601	-81.554604	121.841003	-34.681900	132.367996	-0.000000	0.000001	-0.000001	0.000000	0.000000	0.000000	7.015590	-36.610901	101.508003	-109.824997	-35.013802	-127.132004	-0.000000	-0.000001	0.000001	0.092846	-1.939340	0.003141	-0.000000	0.000000	-0.000001
0.345925	-2.382540	-11.021601	-2.906740	15.896100	0.796787	3.324930	-15.106700	0.137969	-0.000000	0.000000	0.000000	-1.316860	16.610800	0.376525	2.448400	-17.236700	0.351618	0.000000	-0.000000	-0.000000	0.000000	-0.000000	0.000008	0.000000	0.000000	0.000000	2.715880	-30.016100	-82.953201	124.014999	-37.962002	132.929001	0.000001	0.000001	0.000000	0.000000	0.000000	0.000000	2.059240	-33.101398	94.512299	-112.435997	-45.084099	-124.581001	-0.000001	0.000001	0.000001	-0.042489	-2.063880	-0.001532	-0.000000	0.000000	-0.000000
0.317312	-2.237260	-9.578850	-2.440610	15.884400	0.668371	2.633380	-15.785900	0.077799	0.000000	-0.000000	0.000000	-1.277550	16.835400	0.370076	2.680520	-18.029100	0.451244	-0.000000	-0.000000	-0.000000	-0.000000	0.000001	-0.000002	0.000000	0.000000	0.000000	2.353360	-30.650101	-83.619797	123.587997	-40.384300	130.923996	0.000000	0.000000	0.000000	0.000000	0.000000	0.000000	-1.335040	-30.944700	88.860497	-115.870003	-49.562599	-126.500000	-0.000001	-0.000001	0.000001	0.189090	-1.858000	0.006129	0.000000	-0.000000	-0.000000
0.395124	-2.131430	-8.450180	-2.379520	14.203100	0.584163	2.891530	-12.873900	0.130288	-0.000000	0.000000	0.000000	-0.927887	16.529699	0.264027	2.355870	-17.610100	0.443696	-0.000000	-0.000000	0.000000	0.000000	-0.000000	0.000018	0.000000	0.000000	0.000000	1.444520	-31.957701	-85.693199	121.999001	-40.070202	129.212006	0.000000	0.000000	0.000000	0.000000	0.000000	0.000000	-2.582120	-30.023300	86.527298	-116.504997	-50.443501	-126.801003	0.000000	0.000000	-0.000000	0.073851	-1.801460	0.002320	0.000000	0.000000	0.000001
0.472299	-2.156610	-10.401300	-2.971320	15.857500	0.812587	3.035330	-16.415899	0.050060	-0.000000	0.000000	0.000000	-1.530320	16.798100	0.442371	2.615380	-18.161501	0.358601	0.000000	-0.000000	0.000000	0.000000	-0.000000	-0.000069	0.000000	0.000000	0.000000	-1.475790	-34.010799	-92.520401	116.589996	-33.707802	126.823997	0.000000	-0.000001	0.000000	0.000000	0.000000	0.000000	-0.571174	-31.517200	90.272598	-114.921997	-48.746498	-125.792999	-0.000001	0.000000	0.000001	-0.144425	-1.924440	-0.004852	0.000000	-0.000000	-0.000000
0.492032	-1.994342	-10.896705	-2.810050	15.429700	0.748201	3.033470	-15.860500	0.088749	-0.000000	0.000000	0.000000	-1.449380	16.161100	0.403511	2.682100	-17.650299	0.391185	-0.000000	0.000000	0.000000	-0.000000	-0.000000	0.000023	0.000000	0.000000	0.000000	-5.962160	-37.541901	-100.739998	112.494003	-21.437099	132.987000	0.000000	-0.000000	0.000000	0.000000	0.000000	0.000000	4.861150	-34.889400	98.559303	-111.322998	-36.432701	-128.011002	0.000000	-0.000001	0.000001	-0.086409	-1.887320	-0.002849	0.000000	-0.000000	-0.000001
0.496380	-2.019660	-11.025304	-2.113340	14.475500	0.528497	1.783010	-13.866000	-0.063087	-0.000000	0.000000	-0.000000	-1.127310	16.156799	0.313742	2.031070	-17.964300	0.292486	-0.000000	-0.000000	-0.000000	0.000000	-0.000000	0.000009	0.000000	0.000000	0.000000	-1.268080	-38.254902	-91.954102	116.717003	-19.372400	141.132996	-0.000001	-0.000000	0.000001	0.000000	0.000000	0.000000	10.931000	-42.673599	105.366997	-106.936996	-23.936300	-133.085007	0.000000	0.000000	-0.000001	0.062592	-1.365420	0.001491	-0.000000	0.000000	-0.000001
0.902420	-2.341300	-11.513700	-3.374880	14.406900	0.840615	2.925150	-13.205200	-0.078476	0.000000	-0.000000	-0.000000	-1.837770	16.098400	0.509765	2.004420	-17.545401	0.071958	0.000000	-0.000000	-0.000000	-0.000000	-0.000000	0.000045	0.000000	0.000000	0.000000	7.268660	-34.146500	-74.711998	120.969002	-17.751600	146.815994	-0.000000	0.000001	0.000000	0.000000	0.000000	0.000000	4.782930	-48.119999	96.895203	-107.362000	-16.764700	-144.753006	-0.000000	-0.000001	-0.000000	0.159508	-0.468576	0.001304	-0.000000	0.000000	-0.000001
0.553423	-2.620020	-12.041103	-3.737600	14.779400	0.954735	3.138360	-14.117100	-0.115969	0.000000	-0.000000	0.000000	-2.686690	15.095900	0.700195	3.400030	-15.588100	0.216626	0.000000	0.000000	0.000000	0.000000	-0.000000	0.000041	0.000000	0.000000	0.000000	18.300400	-30.332100	-51.205399	122.290001	-15.795200	148.440002	-0.000000	-0.000000	-0.000001	0.000000	0.000000	0.000000	-9.823980	-46.227600	78.829201	-110.657997	-9.281000	-164.223007	0.000001	-0.000000	-0.000000	0.129054	0.312444	-0.000702	-0.000000	-0.000000	-0.000001
0.723527	-2.069002	-12.198606	-3.082110	13.542200	0.722379	2.295650	-12.841900	-0.155752	0.000000	0.000000	0.000000	-2.381610	15.143200	0.622501	3.436160	-17.267099	0.337605	-0.000000	-0.000000	0.000000	0.000000	-0.000000	-0.000058	0.000000	0.000000	0.000000	27.232201	-23.691401	-30.026699	118.724998	-12.644800	147.582001	0.000001	0.000002	0.000002	0.000000	0.000000	0.000000	-22.400000	-40.208199	61.707401	-111.408997	-0.704784	174.753006	0.000000	-0.000000	0.000000	0.536487	0.724300	-0.006780	-0.000000	-0.000000	-0.000001
0.408252	-2.099452	-12.030303	-2.606250	13.506900	0.609128	2.226880	-12.740900	-0.067768	0.000000	0.000000	-0.000000	-2.006400	15.141800	0.524298	3.477280	-17.366400	0.459919	-0.000000	0.000000	-0.000000	-0.000000	0.000000	0.000060	0.000000	0.000000	0.000000	32.241600	-14.621700	-12.284200	111.194000	-13.042900	137.320007	0.000000	-0.000001	0.000000	0.000000	0.000000	0.000000	-29.147400	-32.020199	49.573399	-109.417999	7.083310	154.559998	-0.000000	-0.000000	0.000001	0.512818	0.696636	-0.006233	-0.000000	0.000000	0.000001
0.703807	-1.711650	-12.822700	-2.773100	13.196500	0.633556	2.407480	-13.166200	-0.066599	-0.000000	-0.000000	0.000000	-1.660370	14.203000	0.407505	2.418060	-16.438601	0.228783	-0.000000	-0.000000	-0.000000	0.000000	-0.000000	-0.000028	0.000000	0.000000	0.000000	32.961102	-4.757310	3.159780	103.122002	-15.233000	121.316002	-0.000001	-0.000001	-0.000000	0.000000	0.000000	0.000000	-32.149200	-25.432699	41.723999	-107.197998	11.665100	141.119003	0.000000	-0.000001	-0.000000	0.379270	0.549817	-0.003639	-0.000000	-0.000000	0.000001
0.605837	-1.028540	-13.704597	-2.785630	12.479900	0.602430	2.596270	-12.748600	-0.027264	0.000000	-0.000000	0.000000	-1.812730	12.844300	0.403114	2.819340	-15.147400	0.274902	-0.000000	0.000000	0.000000	0.000000	0.000000	-0.000036	0.000000	0.000000	0.000000	34.218899	1.985780	12.906500	92.707497	-15.188600	97.380203	0.000000	-0.000001	-0.000000	0.000000	0.000000	0.000000	-31.983299	-19.647400	36.950298	-105.638000	12.594300	135.352997	-0.000001	-0.000001	-0.000000	0.544820	0.864026	-0.008214	-0.000000	-0.000000	0.000000
0.460612	-1.062120	-15.001805	-2.321330	12.864400	0.517071	2.003020	-13.219500	-0.059475	-0.000000	-0.000000	-0.000000	-1.804800	13.507100	0.421645	3.544740	-16.589100	0.511152	0.000000	-0.000000	0.000000	-0.000000	0.000000	-0.000049	0.000000	0.000000	0.000000	34.519501	7.307690	19.886900	85.408302	-16.951500	78.982101	0.000000	-0.000001	0.000000	0.000000	0.000000	0.000000	-28.419300	-15.520800	36.461700	-106.001999	12.320100	135.496002	0.000000	0.000001	-0.000000	0.425467	0.951096	-0.007063	-0.000000	-0.000000	-0.000001
0.196046	-1.514060	-15.735200	-1.885120	13.846900	0.451366	1.966520	-13.650800	0.032133	0.000000	-0.000000	0.000001	-1.149050	13.915200	0.276417	3.104000	-16.442600	0.563100	-0.000000	0.000000	0.000000	-0.000000	0.000000	0.000012	0.000000	0.000000	0.000000	32.057201	9.083460	23.803801	84.489799	-21.279600	78.766296	-0.000000	0.000000	-0.000000	0.000000	0.000000	0.000000	-25.707899	-14.098900	37.936699	-106.873001	12.164100	137.108002	-0.000000	-0.000001	-0.000000	0.129637	0.916228	-0.002075	0.000000	0.000000	0.000003
0.211080	-1.232360	-15.828900	-2.108630	13.754800	0.501591	2.467090	-13.522700	0.097956	0.000000	0.000000	0.000001	-0.899471	13.672700	0.212643	2.571390	-15.996000	0.467867	0.000000	0.000000	-0.000000	-0.000000	0.000000	-0.000000	0.000000	0.000000	0.000000	32.720600	6.927020	20.501801	83.379097	-16.820801	73.534500	0.000000	-0.000000	-0.000000	0.000000	0.000000	0.000000	-25.716400	-15.787600	40.045799	-106.689003	13.175600	135.667007	0.000000	0.000000	0.000000	0.097880	1.045210	-0.001781	-0.000000	-0.000000	0.000000
-0.039072	-0.912128	-15.139901	-1.400270	13.103300	0.317521	1.768620	-13.284200	0.093011	-0.000000	0.000000	0.000000	-0.422728	12.794900	0.093630	2.498430	-15.048100	0.541852	0.000000	0.000000	-0.000000	0.000000	-0.000000	0.000002	0.000000	0.000000	0.000000	32.492298	3.835770	16.291401	86.316803	-14.170000	79.191200	-0.000000	0.000000	0.000000	0.000000	0.000000	0.000000	-27.659700	-18.604500	40.783901	-105.583000	14.505700	132.429001	0.000000	-0.000001	-0.000000	0.245037	1.102650	-0.004715	-0.000000	0.000000	-0.000000
-0.173197	-1.656270	-15.011701	-1.283660	14.521500	0.321935	1.627830	-14.387600	0.095695	-0.000000	0.000000	-0.000001	-0.471758	14.025600	0.114350	2.522890	-15.481800	0.551477	0.000000	-0.000000	-0.000000	0.000000	-0.000000	-0.000007	0.000000	0.000000	0.000000	32.246799	0.608483	11.555500	91.662300	-13.275900	94.018501	-0.000000	-0.000001	-0.000000	0.000000	0.000000	0.000000	-27.127800	-22.205099	44.941002	-106.236000	14.420900	134.800003	-0.000000	0.000002	0.000001	0.361303	0.880809	-0.005554	-0.000000	0.000000	0.000001
-0.095431	-2.027970	-14.956303	-1.762850	15.337900	0.466405	2.104860	-15.045000	0.105065	0.000000	0.000000	0.000001	-0.428549	14.838400	0.109726	1.942840	-16.554800	0.435616	0.000000	0.000000	-0.000000	0.000000	-0.000000	-0.000053	0.000000	0.000000	0.000000	33.885101	-3.499350	4.986180	95.428802	-11.744400	105.120003	-0.000001	-0.000002	0.000000	0.000000	0.000000	0.000000	-25.983299	-24.454100	48.314602	-108.206001	8.992810	147.580994	0.000000	-0.000001	0.000000	0.304306	0.838232	-0.004452	-0.000000	-0.000000	-0.000003
0.030951	-2.005180	-14.462007	-1.594750	14.871100	0.409433	1.277170	-14.472000	-0.066024	-0.000000	0.000000	-0.000000	-0.735680	14.394200	0.182942	2.253720	-15.678800	0.416566	-0.000000	0.000000	-0.000000	-0.000010	0.000038	0.000036	0.000000	0.000000	0.000000	33.520199	-8.864860	-3.154600	101.581001	-14.111600	117.986000	0.000001	-0.000000	0.000000	0.000000	0.000000	0.000000	-24.966801	-30.350700	53.828098	-109.088997	4.622840	159.169006	0.000000	0.000000	-0.000001	0.484079	0.772097	-0.006522	0.000000	0.000000	0.000000
-0.171232	-2.158650	-14.836409	-1.890500	14.245400	0.465374	1.793570	-13.119600	-0.008811	-0.000000	-0.000000	-0.000001	-1.266040	15.192900	0.331849	3.244460	-17.165800	0.597183	-0.000000	0.000000	0.000001	-0.000000	-0.000000	0.000002	0.000000	0.000000	0.000000	32.892899	-14.243400	-11.570300	109.830002	-17.192101	129.593002	0.000001	-0.000000	-0.000000	0.000000	0.000000	0.000000	-19.330200	-37.968102	64.985199	-108.515999	0.231589	171.572998	-0.000000	0.000000	0.000001	0.480037	0.737325	-0.006179	0.000000	-0.000000	-0.000000
-0.239344	-1.790140	-13.495100	-1.079050	14.224300	0.265144	1.002750	-13.419000	-0.010042	-0.000000	0.000000	0.000000	-0.844340	14.712600	0.214423	3.246900	-17.016300	0.711568	0.000000	0.000000	-0.000000	-0.000009	-0.000002	-0.000037	0.000000	0.000000	0.000000	28.082701	-21.462000	-26.082300	118.165001	-21.092600	136.830002	-0.000000	-0.000001	0.000000	0.000000	0.000000	0.000000	-10.642600	-40.518799	76.998703	-109.169998	-6.187610	-170.468994	0.000000	0.000000	-0.000001	0.239470	0.666040	-0.002783	0.000000	-0.000000	0.000000
-0.162921	-2.043460	-10.244700	-0.448420	14.436900	0.111812	0.785300	-14.162200	0.085878	0.000000	-0.000000	0.000001	0.856600	14.568000	-0.215461	0.765672	-15.740500	0.432708	-0.000000	-0.000000	-0.000000	-0.000000	0.000000	0.000093	0.000000	0.000000	0.000000	20.197201	-28.908300	-46.238400	120.553001	-26.518499	135.009003	0.000000	0.000000	0.000000	0.000000	0.000000	0.000000	-0.980222	-43.209099	89.673599	-106.884003	-10.507900	-156.151993	0.000001	0.000000	0.000000	0.216768	-0.142530	0.000540	-0.000000	0.000000	-0.000000
0.450187	-2.469740	-8.887032	-2.382770	14.389800	0.592491	2.276100	-13.622800	-0.007516	0.000000	0.000000	-0.000000	-0.878417	17.046400	0.257537	1.650660	-18.820801	0.261585	-0.000000	-0.000000	-0.000000	0.000000	-0.000000	0.000009	0.000000	0.000000	0.000000	7.507000	-36.074100	-74.626198	115.504997	-22.987600	133.007004	0.000000	0.000001	0.000000	0.000000	0.000000	0.000000	9.471830	-44.449100	102.859001	-102.262001	-14.337800	-139.373993	0.000001	-0.000000	-0.000000	0.092876	-0.744957	0.001206	0.000000	0.000000	-0.000000
0.489398	-2.366740	-7.975332	-2.351040	14.968500	0.607579	1.907870	-14.281700	-0.089649	-0.000000	-0.000000	0.000000	-0.772599	16.904600	0.224683	1.260540	-18.001699	0.161104	0.000000	-0.000000	0.000000	-0.000000	-0.000000	-0.000018	0.000000	0.000000	0.000000	-1.746580	-37.477402	-92.297203	111.888000	-23.607700	128.039001	0.000000	0.000001	-0.000000	0.000000	0.000000	0.000000	15.551900	-41.896301	110.996002	-99.051201	-20.389999	-122.482002	0.000000	0.000001	0.000000	0.031790	-1.598810	0.000885	-0.000000	-0.000000	-0.000000
0.431263	-2.408460	-8.612160	-2.880600	14.756500	0.734311	2.722200	-13.834500	-0.015151	0.000000	0.000000	0.000000	-1.314900	17.197100	0.388837	1.881710	-18.077101	0.194117	-0.000000	0.000000	0.000000	-0.000000	0.000000	-0.000015	0.000000	0.000000	0.000000	2.011180	-31.474400	-84.341698	118.583000	-38.522400	125.930000	-0.000000	-0.000001	-0.000001	0.000000	0.000000	0.000000	6.300300	-32.522400	100.844002	-109.398003	-32.281700	-127.880997	0.000000	0.000000	-0.000001	0.014276	-1.737740	0.000431	-0.000000	-0.000000	-0.000000
0.245429	-2.548849	-8.407362	-2.626280	15.889100	0.719490	2.635660	-15.638100	0.029584	0.000000	0.000000	0.000000	-1.652810	17.775299	0.504721	2.940340	-18.982800	0.444549	0.000000	-0.000000	-0.000000	-0.000000	0.000000	0.000046	0.000000	0.000000	0.000000	3.347350	-28.139500	-80.076302	124.179001	-43.914700	129.701996	-0.000000	-0.000001	0.000000	0.000000	0.000000	0.000000	0.216991	-27.601299	91.309898	-117.452003	-40.704601	-132.274002	0.000001	-0.000000	-0.000001	0.204234	-1.718700	0.006124	-0.000000	-0.000000	0.000001
0.402971	-2.526350	-8.869414	-3.027860	15.923000	0.831407	2.669080	-15.906000	-0.066472	0.000000	-0.000000	-0.000000	-1.664170	17.630699	0.504183	2.431250	-18.659401	0.270443	-0.000000	0.000000	0.000000	-0.000000	0.000000	0.000039	0.000000	0.000000	0.000000	4.257870	-26.477100	-76.995796	127.160004	-45.980099	132.005997	0.000000	0.000000	0.000001	0.000000	0.000000	0.000000	-1.533790	-26.163601	88.171898	-120.805000	-43.893501	-134.276993	-0.000001	-0.000000	-0.000001	-0.027327	-2.030860	-0.000969	-0.000000	0.000001	-0.000000
0.491334	-2.462070	-9.482270	-3.708880	16.054600	1.027040	3.745150	-16.148399	0.050360	0.000000	0.000000	-0.000000	-2.122910	17.299700	0.631565	2.841050	-18.281900	0.255419	0.000000	0.000000	0.000000	-0.000000	0.000000	0.000049	0.000000	0.000000	0.000000	3.973460	-28.633699	-78.991402	125.233002	-44.808701	130.404007	0.000001	0.000001	-0.000000	0.000000	0.000000	0.000000	-1.913360	-26.904400	87.637299	-118.986000	-46.899101	-130.880997	0.000001	0.000000	0.000000	0.016455	-2.120940	0.000607	0.000000	0.000000	0.000001
0.472559	-2.085871	-10.957102	-3.596970	15.322100	0.951659	3.407810	-15.491600	-0.016345	0.000000	-0.000000	-0.000000	-1.949220	16.595699	0.556939	2.201580	-17.652000	0.101144	-0.000000	-0.000000	-0.000000	0.000000	-0.000000	0.000001	0.000000	0.000000	0.000000	-5.461780	-36.594398	-100.070999	111.210999	-26.216999	125.373001	-0.000000	0.000000	-0.000000	0.000000	0.000000	0.000000	0.612550	-28.948700	92.431198	-116.112999	-43.352699	-129.432007	0.000000	-0.000001	-0.000000	-0.055906	-1.974980	-0.001927	0.000000	-0.000000	0.000000
0.347087	-2.032650	-11.277298	-2.788150	15.548600	0.747944	2.681930	-15.742700	-0.001128	0.000000	0.000000	-0.000000	-1.006930	15.667500	0.271966	1.272830	-16.880600	0.088063	-0.000000	-0.000000	0.000000	-0.000000	0.000000	0.000002	0.000000	0.000000	0.000000	-6.221240	-40.024799	-100.566002	109.945999	-19.811501	130.320999	0.000000	0.000001	-0.000000	0.000000	0.000000	0.000000	10.451900	-38.781101	105.710999	-103.914001	-31.082600	-121.525002	0.000000	0.000000	-0.000000	-0.010822	-1.692800	-0.000322	0.000000	-0.000000	-0.000001
-0.364819	-1.681360	-11.720501	-2.054460	14.811500	0.525426	3.006770	-14.999000	0.264145	0.000000	0.000000	0.000000	-0.474437	16.136600	0.131877	1.975890	-18.221001	0.475407	-0.000000	0.000000	0.000000	-0.000000	0.000000	0.000045	0.000000	0.000000	0.000000	1.897210	-41.927799	-86.599297	115.533997	-21.218000	136.182007	0.000000	0.000001	-0.000001	0.000000	0.000000	0.000000	15.536900	-44.656399	110.713997	-101.405998	-22.749500	-125.278999	-0.000000	-0.000001	0.000001	-0.113802	-1.380660	-0.002744	-0.000000	-0.000000	-0.000000
-0.593693	-2.006860	-12.034698	-0.629451	14.522700	0.157866	1.487980	-13.466200	0.204608	0.000000	-0.000000	-0.000000	0.788513	15.349200	-0.208715	0.824188	-16.650000	0.454106	0.000000	0.000000	-0.000000	0.000000	-0.000000	0.000035	0.000000	0.000000	0.000000	11.667300	-38.675800	-69.113197	121.399002	-21.927401	141.623993	0.000000	-0.000000	0.000000	0.000000	0.000000	0.000000	12.372100	-48.663300	106.059998	-103.879997	-17.578199	-137.459000	-0.000000	-0.000000	0.000001	-0.276529	-0.624511	-0.003017	-0.000000	0.000000	0.000000
-1.052670	-1.999400	-14.102100	-0.020217	14.831400	0.005194	1.132420	-14.317900	0.275228	0.000000	-0.000000	-0.000000	1.516650	14.783200	-0.387058	0.140242	-15.500000	0.429451	0.000000	-0.000000	-0.000000	-0.000000	-0.000000	-0.000019	0.000000	0.000000	0.000000	23.750000	-33.449402	-46.475601	123.803001	-20.878799	144.000000	0.000000	0.000000	-0.000001	0.000000	0.000000	0.000000	6.682280	-52.347500	99.137100	-106.148003	-11.647700	-153.177994	-0.000000	0.000001	-0.000001	0.115609	0.482060	-0.000970	0.000000	-0.000000	0.000001
-1.217310	-1.309940	-14.525200	0.670715	14.369600	-0.166441	0.879003	-14.283200	0.377228	-0.000000	-0.000000	-0.000001	2.058610	13.927600	-0.495682	0.273598	-15.713500	0.615510	-0.000000	0.000000	0.000000	0.000000	0.000000	0.000011	0.000000	0.000000	0.000000	33.903301	-29.373600	-30.023100	119.544998	-16.805201	143.078003	0.000000	0.000000	-0.000002	0.000000	0.000000	0.000000	-9.613460	-49.649601	79.889900	-111.032997	-8.062940	-167.320999	-0.000000	-0.000000	0.000000	0.197451	0.901450	-0.003110	0.000000	0.000000	0.000002
-1.016250	-1.521320	-14.543505	0.208791	14.360300	-0.051767	1.030440	-14.207100	0.302567	0.000000	0.000000	0.000000	1.272710	13.943200	-0.306703	1.176140	-15.869400	0.659709	-0.000000	0.000000	0.000000	-0.000000	0.000000	-0.000006	0.000000	0.000000	0.000000	39.125000	-20.576000	-15.969000	114.483002	-14.350800	139.824005	0.000001	0.000001	0.000000	0.000000	0.000000	0.000000	-21.993000	-42.599899	63.400501	-113.376999	-2.673610	178.787994	0.000000	0.000000	-0.000002	0.494674	0.698512	-0.006028	-0.000000	0.000000	0.000000
-0.776849	-1.582750	-14.060596	-0.392378	14.167500	0.096056	1.409150	-14.296600	0.254039	0.000000	-0.000000	0.000000	0.665947	13.914900	-0.160136	1.517700	-15.675000	0.584934	0.000000	-0.000000	0.000000	0.000000	-0.000000	-0.000062	0.000000	0.000000	0.000000	39.249901	-12.145200	-5.935800	107.094002	-11.451300	133.095993	-0.000000	-0.000001	0.000000	0.000000	0.000000	0.000000	-29.363800	-34.040298	50.769199	-113.834000	3.408710	164.972000	0.000000	-0.000001	-0.000001	0.449657	0.627857	-0.004926	0.000000	-0.000000	0.000000
0.023464	-1.030960	-14.431997	-1.622340	12.888200	0.361969	2.115440	-13.321200	0.123022	0.000000	0.000000	0.000000	0.068974	12.798600	-0.015264	0.882219	-14.938400	0.244760	-0.000000	0.000000	-0.000000	-0.000000	0.000000	0.000004	0.000000	0.000000	0.000000	37.623699	-1.612860	7.262160	97.175697	-14.891000	108.468002	-0.000000	0.000000	0.000000	0.000000	0.000000	0.000000	-31.861401	-25.923401	42.582600	-111.950996	8.934980	151.604996	-0.000000	-0.000000	-0.000001	0.300229	0.830291	-0.004348	0.000000	-0.000000	-0.000002
0.175185	-0.937512	-14.800399	-2.296940	13.042200	0.518627	2.689170	-13.822600	0.107862	0.000000	0.000000	0.000000	-0.901871	12.839200	0.200442	2.276610	-15.613300	0.376127	-0.000000	0.000000	0.000000	-0.000000	0.000000	0.000087	0.000000	0.000000	0.000000	35.793098	5.243810	16.614100	85.390404	-18.594601	79.257401	-0.000000	0.000000	0.000000	0.000000	0.000000	0.000000	-29.604700	-19.190300	39.126701	-111.795998	13.387200	143.261993	0.000000	-0.000001	-0.000001	0.504452	0.891719	-0.007850	0.000000	-0.000000	0.000000
-0.187023	-0.726462	-15.133707	-1.703900	11.968500	0.353500	1.947240	-11.893300	0.057775	-0.000000	0.000000	0.000001	-0.678757	12.195000	0.143443	2.490790	-14.802900	0.467013	0.000000	-0.000000	-0.000000	-0.000000	0.000000	0.000179	0.000000	0.000000	0.000000	30.977699	11.350000	27.565201	82.201897	-29.868299	77.804199	0.000000	-0.000000	-0.000000	0.000000	0.000000	0.000000	-27.526300	-12.219400	33.300400	-111.139000	11.692200	143.404007	-0.000000	0.000001	0.000000	0.615568	0.999345	-0.010737	-0.000000	0.000000	0.000000
-0.548426	0.010017	-15.432906	-0.442175	11.443300	0.087746	1.121800	-11.711400	0.139725	0.000000	-0.000000	0.000000	0.110598	11.956700	-0.022895	2.673140	-15.723700	0.754267	-0.000000	-0.000000	-0.000000	0.000000	0.000000	-0.000041	0.000000	0.000000	0.000000	31.220400	13.194300	29.664600	78.732399	-29.866199	72.348801	-0.000000	0.000000	-0.000001	0.000000	0.000000	0.000000	-25.262800	-9.135970	31.297800	-111.711998	11.201600	144.253998	0.000001	0.000000	0.000000	0.458053	1.433700	-0.011458	-0.000000	-0.000000	0.000002
-0.065761	0.083048	-14.952700	-1.052130	10.785400	0.196957	1.249670	-11.438200	0.042852	-0.000000	0.000000	0.000001	-0.151366	11.107500	0.029212	1.979140	-14.767500	0.466754	-0.000000	-0.000000	0.000000	-0.000010	0.000038	0.000000	0.000000	0.000000	0.000000	31.027901	11.081700	27.197901	80.181702	-26.217100	73.017502	0.000000	-0.000000	0.000000	0.000000	0.000000	0.000000	-24.479900	-8.597190	31.257500	-111.825996	9.176260	147.662003	0.000001	0.000000	0.000001	0.499098	1.449390	-0.012626	-0.000000	-0.000000	0.000000
0.308751	0.067332	-14.548498	-1.733250	11.453100	0.344278	1.517460	-12.761400	-0.040056	-0.000000	-0.000000	0.000000	-0.756104	11.232000	0.147297	2.267890	-14.658500	0.386303	0.000000	-0.000000	-0.000000	0.000000	0.000000	-0.000000	0.000000	0.000000	0.000000	31.244699	8.176040	23.176600	85.484100	-23.258699	81.744102	-0.000000	-0.000001	-0.000001	0.000000	0.000000	0.000000	-24.578100	-10.217300	33.686901	-114.164001	10.049100	149.376999	0.000001	0.000000	0.000001	0.436079	1.351070	-0.010281	0.000000	0.000000	0.000000
0.401841	-0.022247	-14.651102	-1.845890	10.998900	0.352307	1.527290	-12.157500	-0.059966	-0.000000	0.000000	0.000000	-1.327740	11.928200	0.274486	3.219590	-16.479401	0.544967	0.000000	0.000000	-0.000000	-0.000000	-0.000000	-0.000049	0.000000	0.000000	0.000000	33.164799	4.041700	16.295401	89.972900	-20.003599	90.270401	-0.000002	-0.000002	0.000000	0.000000	0.000000	0.000000	-25.888000	-16.034100	39.997398	-112.957001	12.340800	145.828003	-0.000000	-0.000000	0.000001	0.301822	1.440110	-0.007582	0.000000	-0.000000	-0.000000
0.032651	0.070504	-14.439904	-1.306780	11.040500	0.250305	1.592360	-12.876300	0.069016	0.000000	-0.000000	0.000000	0.246792	11.373000	-0.048655	0.973707	-15.553400	0.325988	0.000000	-0.000000	0.000000	0.000000	-0.000040	0.000132	0.000000	0.000000	0.000000	35.369801	-2.332430	6.637410	95.587799	-15.202400	104.013000	0.000001	-0.000000	0.000000	0.000000	0.000000	0.000000	-25.460899	-20.674299	45.519798	-114.299004	11.388800	149.845001	0.000000	-0.000000	-0.000001	0.281885	1.418990	-0.006980	-0.000000	-0.000000	0.000002
-0.161900	0.013006	-13.699400	-0.714060	11.364400	0.140763	1.224430	-13.407100	0.121578	-0.000000	0.000000	-0.000000	0.823141	10.759400	-0.153626	0.570802	-14.174300	0.337841	-0.000000	0.000000	-0.000000	-0.000009	0.000038	0.000024	0.000000	0.000000	0.000000	37.444099	-11.666900	-5.848570	100.920998	-10.056000	121.625000	0.000000	0.000000	-0.000000	0.000000	0.000000	0.000000	-26.030899	-26.523100	49.742298	-112.994003	9.207380	153.238007	-0.000000	-0.000000	-0.000001	0.428251	1.603690	-0.011984	-0.000000	-0.000000	-0.000001
-0.263213	-0.299996	-13.667300	-1.015210	11.447500	0.201481	1.396080	-12.741300	0.088440	-0.000000	0.000000	-0.000000	0.164692	11.388000	-0.032547	1.362680	-14.447600	0.380328	0.000000	0.000000	-0.000000	-0.000000	-0.000000	-0.000091	0.000000	0.000000	0.000000	34.876900	-19.762100	-17.767799	107.546997	-11.633800	132.848999	-0.000000	-0.000000	0.000000	0.000000	0.000000	0.000000	-23.064501	-32.810200	57.604401	-112.431000	5.255300	161.544006	0.000000	-0.000000	0.000001	0.006531	1.413860	-0.000162	0.000000	-0.000000	0.000000
-0.529245	-1.096650	-12.588900	-0.932413	12.525500	0.202210	1.598660	-13.148500	0.156591	-0.000000	-0.000000	0.000000	0.753475	12.682700	-0.165460	0.516078	-15.372800	0.331710	-0.000000	-0.000000	-0.000000	-0.000000	0.000000	-0.000019	0.000000	0.000000	0.000000	26.200199	-25.250000	-33.403599	116.540001	-17.550400	138.690994	0.000000	-0.000001	-0.000000	0.000000	0.000000	0.000000	-18.585699	-37.195202	65.334801	-112.197998	-0.228628	174.175995	0.000001	-0.000000	-0.000000	0.056188	1.115560	-0.001092	-0.000000	-0.000000	-0.000000
0.054824	-1.905100	-12.210200	-2.555380	13.675700	0.604508	2.375030	-14.056600	-0.026211	-0.000000	-0.000000	-0.000000	-1.079610	14.036100	0.261845	1.673720	-16.110600	0.173796	-0.000000	-0.000000	0.000000	0.000008	-0.000038	-0.000011	0.000000	0.000000	0.000000	17.346201	-29.857700	-52.292400	117.078003	-19.438299	138.037003	-0.000000	0.000000	0.000001	0.000000	0.000000	0.000000	-11.356400	-41.371399	76.016800	-110.622002	-5.580630	-172.268997	0.000001	-0.000001	0.000002	0.126978	1.017790	-0.002255	0.000000	0.000000	0.000001
-0.120816	-2.113100	-12.702500	-2.146360	13.973300	0.518520	1.687290	-13.514100	-0.092439	0.000000	0.000000	0.000000	-0.935788	14.366000	0.232216	1.773060	-15.708600	0.234614	-0.000000	0.000000	-0.000000	0.000000	-0.000000	0.000021	0.000000	0.000000	0.000000	11.437500	-32.411900	-65.694801	118.566002	-21.493999	138.677994	-0.000000	0.000002	0.000000	0.000000	0.000000	0.000000	-0.998049	-44.028801	89.965599	-108.361000	-11.584100	-156.044006	0.000001	-0.000001	-0.000001	0.239307	0.073105	-0.000305	-0.000000	-0.000000	-0.000000
-0.392048	-2.557941	-12.188599	-2.541740	16.081699	0.704522	3.247090	-16.181999	0.224310	-0.000000	-0.000000	-0.000000	-0.711888	16.343901	0.200351	1.987570	-17.902500	0.401031	-0.000000	0.000000	0.000000	0.000000	0.000000	0.000041	0.000000	0.000000	0.000000	4.779590	-34.672100	-80.045601	118.311996	-21.185600	139.925003	0.000000	0.000002	-0.000001	0.000000	0.000000	0.000000	9.302760	-46.061001	102.803001	-105.414001	-13.611300	-146.779999	0.000001	-0.000000	-0.000001	0.258182	-0.898676	0.004047	0.000000	0.000000	0.000000
-0.090343	-2.049798	-11.374496	-2.145280	15.475600	0.572679	2.133490	-16.014299	0.018204	0.000000	0.000000	0.000001	-0.821212	15.981500	0.226126	2.046610	-17.826599	0.384899	-0.000000	-0.000000	-0.000000	-0.000000	0.000000	0.000010	0.000000	0.000000	0.000000	2.127090	-34.660999	-85.248199	119.137001	-22.021601	140.514999	0.000001	0.000002	-0.000001	0.000000	0.000000	0.000000	10.845200	-43.670601	105.068001	-106.908997	-16.777700	-142.722000	0.000001	-0.000001	-0.000002	0.088718	-1.112370	0.001720	0.000000	0.000000	0.000000
