1.374270	0.191313	-14.912500	-5.169530	10.994700	0.988515	5.053210	-12.885000	-0.004729	-0.000000	-0.000000	0.000000	-4.189150	11.662700	0.848288	5.359850	-14.706600	0.319238	-0.000000	-0.000000	-0.000001	0.000000	0.000000	-0.000014	0.000000	0.000000	0.000000	34.315399	11.087800	24.615999	74.063499	-19.725700	57.504200	0.000000	0.000000	0.000001	0.000000	0.000000	0.000000	-33.620098	-10.463600	25.399000	-98.935997	11.150500	119.807999	-0.000000	0.000000	0.000000	0.288806	1.619870	-0.008166	-0.000000	-0.000000	0.000002
0.617823	-0.058901	-16.467001	-3.185960	12.338100	0.681454	4.004410	-13.692400	0.211175	0.000000	-0.000000	-0.000000	-1.962120	12.269900	0.417147	4.093070	-15.636400	0.586693	-0.000000	0.000000	0.000000	0.000000	0.000000	0.000024	0.000000	0.000000	0.000000	36.095600	10.362900	22.645500	78.001099	-19.189400	64.268097	0.000000	-0.000000	0.000000	0.000000	0.000000	0.000000	-31.565800	-15.111600	32.828999	-100.791000	11.821200	124.886002	-0.000000	0.000000	-0.000000	0.147351	1.287350	-0.003313	-0.000000	0.000000	0.000002
0.511521	0.015918	-16.462000	-2.579690	12.602600	0.563229	3.226860	-14.616600	0.179006	-0.000000	0.000000	0.000000	-1.459950	11.954600	0.302479	3.368530	-15.301200	0.512191	-0.000000	0.000000	0.000001	-0.000000	-0.000000	0.000002	0.000000	0.000000	0.000000	37.396702	5.253430	15.943300	84.725800	-15.840300	76.262299	0.000000	-0.000002	0.000000	0.000000	0.000000	0.000000	-32.461899	-20.423700	37.427299	-102.726997	11.650200	130.873001	-0.000001	-0.000001	-0.000000	0.397826	1.355050	-0.009406	0.000000	0.000000	0.000000
0.286554	-1.450670	-16.185001	-2.698070	15.207600	0.708247	3.592070	-16.924500	0.287796	-0.000000	-0.000000	-0.000000	-1.154480	13.529900	0.270137	2.824320	-15.530400	0.455793	-0.000000	0.000000	0.000001	-0.000000	0.000000	0.000054	0.000000	0.000000	0.000000	40.533298	-2.395710	5.929680	90.963898	-11.153000	91.042900	-0.000001	-0.000001	0.000000	0.000000	0.000000	0.000000	-30.276699	-28.206699	46.208698	-104.813004	10.268700	140.007004	0.000000	-0.000001	0.000000	0.360264	0.742402	-0.004670	0.000000	0.000000	0.000001
-0.180618	-2.219150	-15.166007	-1.596170	15.987500	0.439742	2.314870	-16.101400	0.216453	-0.000000	0.000000	0.000000	-0.485319	15.017900	0.125768	2.455140	-15.955400	0.546229	-0.000000	0.000000	0.000001	-0.000000	-0.000000	0.000032	0.000000	0.000000	0.000000	40.579498	-12.132700	-5.585740	100.803001	-9.576530	121.624001	0.000000	0.000001	-0.000000	0.000000	0.000000	0.000000	-27.144300	-34.642700	53.788101	-107.121002	6.249660	153.994995	0.000000	-0.000000	-0.000000	0.409261	0.409271	-0.002924	0.000000	-0.000000	-0.000000
0.118049	-2.231781	-14.738417	-2.115590	15.141200	0.552823	2.428930	-14.734700	0.098379	0.000000	0.000000	0.000001	-0.987954	14.890700	0.253905	2.497740	-15.718800	0.418100	0.000000	-0.000000	-0.000001	-0.000000	0.000000	0.000089	0.000000	0.000000	0.000000	36.688801	-22.294500	-19.698099	111.000999	-10.220800	141.104004	0.000000	0.000001	0.000000	0.000000	0.000000	0.000000	-21.272301	-42.571301	64.252998	-107.274002	-0.284329	172.723007	-0.000000	-0.000000	0.000001	0.341352	0.354029	-0.002110	-0.000000	0.000000	-0.000000
0.104418	-2.228611	-13.992703	-2.801030	15.948700	0.770230	3.535150	-17.134800	0.248087	0.000000	-0.000000	0.000000	-1.497670	15.268500	0.394487	3.233570	-16.758900	0.515931	-0.000000	0.000000	-0.000000	-0.000000	0.000000	0.000039	0.000000	0.000000	0.000000	29.539600	-29.853600	-35.238201	119.355003	-16.247900	143.751007	0.000000	0.000001	-0.000000	0.000000	0.000000	0.000000	-9.443900	-46.788799	79.646103	-107.646004	-8.946870	-162.912003	0.000000	0.000001	-0.000000	0.200689	-0.052589	0.000183	-0.000000	0.000000	-0.000000
-0.679681	-2.532159	-11.505999	-1.321010	16.877899	0.383606	3.085980	-17.521400	0.548656	-0.000000	-0.000000	0.000000	0.126605	17.042999	-0.037096	2.322210	-18.487301	0.775153	0.000000	0.000000	0.000000	-0.000000	0.000000	-0.000027	0.000000	0.000000	0.000000	19.527500	-39.050800	-56.888199	116.976997	-21.305901	135.623993	-0.000000	-0.000000	0.000002	0.000000	0.000000	0.000000	9.191810	-48.875401	102.184998	-102.643997	-11.663800	-146.889999	0.000000	0.000001	-0.000001	-0.037916	-1.009530	-0.000668	0.000000	0.000000	0.000000
-1.293050	-2.278508	-13.046500	0.154810	16.967199	-0.045161	2.049460	-18.091400	0.682692	-0.000000	0.000000	-0.000000	1.567120	18.023199	-0.484961	1.508770	-19.894600	1.021330	-0.000000	0.000000	-0.000000	-0.000000	0.000000	0.000044	0.000000	0.000000	0.000000	7.543680	-42.145599	-77.531303	112.251999	-22.234200	128.973999	0.000001	-0.000001	-0.000000	0.000000	0.000000	0.000000	20.434601	-45.658100	116.400002	-99.575897	-17.880501	-127.848999	0.000000	0.000000	-0.000001	-0.299844	-1.634980	-0.008556	0.000000	-0.000000	-0.000000
-1.868630	-2.887760	-14.812103	1.053490	18.541901	-0.335020	1.348100	-18.127199	0.730537	0.000000	-0.000000	-0.000001	1.765250	19.102400	-0.577829	2.416730	-20.277399	1.417720	0.000000	0.000000	-0.000000	-0.000000	0.000001	-0.000055	0.000000	0.000000	0.000000	3.582780	-37.645599	-83.688698	112.804001	-29.404699	123.964996	-0.000000	0.000001	0.000000	0.000000	0.000000	0.000000	13.245900	-37.851601	110.329002	-104.647003	-31.596201	-122.367996	-0.000001	-0.000000	0.000000	-0.315717	-2.142990	-0.011809	0.000000	-0.000000	0.000000
-2.145390	-2.499630	-16.755608	1.167260	18.591400	-0.372169	1.660990	-18.355200	0.872043	0.000000	-0.000000	-0.000000	2.441450	18.286600	-0.766456	1.573110	-19.101601	1.275100	0.000000	0.000000	0.000000	0.000000	0.000000	0.000022	0.000000	0.000000	0.000000	-1.425140	-40.421200	-93.200798	107.318001	-23.758600	120.217003	0.000001	0.000002	-0.000002	0.000000	0.000000	0.000000	10.194800	-35.138599	107.317001	-107.351997	-36.153500	-123.088997	-0.000000	0.000001	0.000001	-0.256575	-2.378650	-0.010652	0.000000	0.000000	0.000001
-1.942130	-1.974120	-14.437500	1.702740	18.157801	-0.530759	1.223470	-19.150700	0.932792	-0.000000	-0.000000	-0.000000	2.775000	16.945499	-0.809373	1.318250	-18.350201	1.252480	-0.000000	0.000000	-0.000000	0.000000	-0.000000	-0.000027	0.000000	0.000000	0.000000	-3.459600	-42.181499	-96.068802	107.189003	-20.386400	123.620003	0.000000	-0.000000	0.000000	0.000000	0.000000	0.000000	15.579800	-39.228500	112.848999	-102.727997	-26.778099	-123.142998	-0.000000	-0.000000	0.000000	-0.205023	-1.798030	-0.006435	-0.000000	0.000000	-0.000000
-2.226772	-1.648460	-14.134394	1.676930	16.667700	-0.481122	2.154460	-18.069700	1.168030	0.000000	-0.000000	-0.000000	3.080880	16.047501	-0.852436	1.462200	-17.780899	1.353070	-0.000000	0.000000	-0.000000	0.000010	-0.000037	-0.000040	0.000000	0.000000	0.000000	4.827550	-41.413700	-82.066704	114.879997	-22.883200	133.095001	0.000001	0.000000	-0.000001	0.000000	0.000000	0.000000	17.169901	-45.048801	112.915001	-103.083000	-19.946400	-131.953995	0.000001	0.000000	-0.000001	-0.294442	-1.272670	-0.006540	-0.000000	-0.000000	-0.000000
-2.412391	-2.357091	-15.137000	1.978670	16.894100	-0.575236	2.028760	-17.186501	1.160520	0.000000	0.000000	-0.000000	3.235380	16.809200	-0.936553	1.767080	-18.234200	1.525260	0.000000	-0.000000	0.000001	0.000010	-0.000037	-0.000053	0.000000	0.000000	0.000000	19.622101	-37.993500	-56.582600	119.313004	-23.797501	136.365005	-0.000001	0.000000	0.000000	0.000000	0.000000	0.000000	7.746370	-48.219398	101.036003	-105.255997	-14.694600	-145.675003	0.000000	-0.000000	-0.000000	-0.048926	-0.431509	-0.000368	0.000000	0.000000	0.000001
-1.991581	-2.816561	-15.290201	1.463470	16.753700	-0.421923	1.556960	-16.464199	0.839098	-0.000000	0.000000	-0.000000	2.510410	16.809500	-0.726394	1.887030	-18.254101	1.346050	0.000000	-0.000000	-0.000000	-0.000000	-0.000000	-0.000033	0.000000	0.000000	0.000000	32.986599	-31.784700	-33.583698	116.552002	-19.917700	135.712997	-0.000000	-0.000000	0.000000	0.000000	0.000000	0.000000	-9.068390	-47.813801	80.453697	-107.262001	-8.280910	-164.468002	-0.000001	-0.000000	0.000000	0.171890	0.188227	-0.000563	-0.000000	0.000000	-0.000000
-1.480010	-2.353741	-14.435202	0.780515	15.497900	-0.208556	1.536280	-15.893000	0.626961	-0.000000	0.000000	0.000000	1.595930	15.400800	-0.423919	2.436190	-17.192600	1.176600	-0.000000	0.000000	0.000000	-0.000010	0.000038	-0.000048	0.000000	0.000000	0.000000	40.221600	-22.763201	-17.618200	109.117996	-15.256800	130.014008	0.000000	0.000001	0.000000	0.000000	0.000000	0.000000	-26.350599	-38.690201	56.689899	-109.160004	-2.700590	177.485001	-0.000000	-0.000000	0.000000	0.426325	0.388440	-0.002890	0.000000	0.000000	-0.000000
-1.083210	-1.693220	-15.596298	-0.189363	15.661100	0.051133	2.150820	-17.470699	0.591171	0.000000	-0.000000	0.000000	0.499350	15.064100	-0.129769	3.348340	-17.970301	1.183390	0.000000	-0.000000	0.000000	-0.000000	-0.000000	-0.000054	0.000000	0.000000	0.000000	42.649300	-7.889540	-0.239666	100.804001	-14.297400	116.231003	0.000000	0.000000	-0.000001	0.000000	0.000000	0.000000	-32.236000	-29.126900	44.672501	-107.272003	3.588240	157.770004	-0.000001	-0.000000	0.000001	0.284391	0.717996	-0.003565	0.000000	-0.000000	-0.000001
-0.740040	-0.951178	-16.338200	-0.657555	15.232500	0.172782	2.708200	-18.337601	0.652677	0.000000	-0.000000	-0.000001	0.534013	13.282900	-0.122687	2.885940	-16.220400	0.952338	-0.000000	-0.000000	-0.000001	-0.000000	-0.000000	0.000076	0.000000	0.000000	0.000000	40.825298	4.805380	14.098500	90.941002	-17.716900	92.513702	-0.000000	-0.000002	-0.000000	0.000000	0.000000	0.000000	-33.910702	-20.615801	36.210999	-102.375999	8.153270	136.591003	0.000000	0.000000	0.000000	0.257188	1.095210	-0.004914	0.000000	0.000000	-0.000001
-0.702054	-0.585868	-16.509399	-0.797254	14.099100	0.194277	3.112910	-17.218599	0.692923	0.000000	-0.000000	-0.000001	0.821366	12.272600	-0.174551	2.267540	-15.451900	0.818689	-0.000000	0.000000	0.000001	-0.000000	0.000000	0.000102	0.000000	0.000000	0.000000	38.519001	12.214600	23.128599	83.571899	-20.555599	77.212700	-0.000000	0.000000	-0.000000	0.000000	0.000000	0.000000	-34.412498	-14.705100	29.861200	-99.446404	11.023100	122.394997	-0.000000	0.000000	-0.000000	0.118667	1.303570	-0.002697	-0.000000	0.000000	0.000001
-0.276983	-0.127654	-15.616299	-0.979221	13.538900	0.229237	2.949890	-17.400999	0.597683	-0.000000	-0.000000	-0.000001	0.323043	11.936000	-0.066840	2.740390	-16.324499	0.859834	-0.000000	-0.000000	-0.000001	0.000000	0.000000	-0.000064	0.000000	0.000000	0.000000	37.125999	13.833600	25.694201	81.089996	-20.899200	72.510300	-0.000000	0.000000	-0.000000	0.000000	0.000000	0.000000	-35.130798	-11.413200	25.528200	-98.697601	11.865800	118.231003	0.000000	-0.000001	0.000000	0.150859	1.351030	-0.003558	0.000000	0.000000	0.000000
0.077386	-0.347081	-15.094409	-1.264740	12.370900	0.270974	2.230860	-15.362600	0.263740	0.000000	0.000000	-0.000000	0.155404	11.275000	-0.030413	1.634390	-14.658200	0.452276	-0.000000	0.000000	0.000001	0.000010	-0.000037	0.000082	0.000000	0.000000	0.000000	36.900398	12.163500	24.077400	82.971901	-19.702999	75.695000	-0.000000	0.000000	-0.000001	0.000000	0.000000	0.000000	-35.070400	-11.819700	26.010000	-98.220299	10.851600	118.654999	-0.000000	-0.000000	0.000000	0.350289	1.508530	-0.009218	0.000000	0.000000	-0.000002
-0.323733	0.139571	-14.967408	-0.800087	11.731900	0.162664	2.559310	-14.899900	0.456773	-0.000000	0.000000	0.000000	0.601493	11.609900	-0.121081	2.089930	-16.335300	0.754011	-0.000000	0.000000	0.000000	-0.000000	0.000000	-0.000119	0.000000	0.000000	0.000000	35.743900	7.748700	19.803200	90.167297	-17.584600	91.728600	0.000000	0.000002	0.000000	0.000000	0.000000	0.000000	-33.252399	-14.868500	30.949499	-101.839996	10.031200	130.141006	0.000000	-0.000002	-0.000001	0.358703	1.809200	-0.011323	-0.000000	0.000000	-0.000000
-0.296422	-0.484177	-14.186706	-0.569025	12.235300	0.120605	2.145040	-15.014500	0.411722	0.000000	-0.000000	0.000000	0.674322	11.828100	-0.138216	1.994090	-15.691700	0.718288	0.000000	0.000000	-0.000000	-0.000000	0.000000	-0.000081	0.000000	0.000000	0.000000	36.169201	1.322100	11.446400	97.972504	-15.937500	110.459000	0.000001	-0.000001	-0.000000	0.000000	0.000000	0.000000	-32.471500	-21.968100	38.682999	-104.037003	12.699500	132.733994	0.000001	0.000001	0.000000	0.432204	1.608000	-0.012128	-0.000000	0.000000	-0.000000
-0.150544	-0.524548	-13.091900	-0.624368	12.242900	0.132416	1.923310	-15.313500	0.346845	0.000000	-0.000000	0.000000	0.489996	12.264100	-0.104077	2.012270	-16.031700	0.688351	0.000000	-0.000000	-0.000000	0.000000	-0.000000	0.000061	0.000000	0.000000	0.000000	36.787601	-8.938650	-2.385820	106.147003	-11.484900	131.828003	-0.000001	0.000001	-0.000001	0.000000	0.000000	0.000000	-32.397900	-31.581301	45.854401	-106.767998	10.879200	143.119995	0.000000	0.000000	0.000000	0.537567	1.197090	-0.011230	0.000000	-0.000000	-0.000002
0.251653	-0.541822	-12.252698	-1.583570	11.516200	0.316236	2.784810	-14.998200	0.319156	-0.000000	-0.000000	-0.000000	-0.518465	12.410800	0.111440	2.880360	-16.631399	0.679820	-0.000000	-0.000000	0.000000	0.000000	-0.000000	0.000032	0.000000	0.000000	0.000000	33.672798	-19.226500	-17.809200	114.490997	-12.640500	142.324997	0.000001	0.000000	0.000000	0.000000	0.000000	0.000000	-29.542801	-39.885502	53.344501	-108.191002	2.930710	163.785004	0.000001	0.000001	-0.000000	0.350207	1.296460	-0.007923	0.000000	0.000000	0.000000
0.947865	-1.088100	-10.839413	-2.845570	12.001800	0.592148	3.213430	-15.384000	0.114095	-0.000000	-0.000000	-0.000000	-1.820710	12.809300	0.403760	3.382510	-16.912600	0.467635	0.000000	-0.000000	0.000000	0.000007	-0.000038	0.000015	0.000000	0.000000	0.000000	25.437599	-28.367100	-38.081600	121.053001	-15.346500	146.742996	0.000000	0.000001	0.000000	0.000000	0.000000	0.000000	-18.168301	-45.467499	68.378998	-110.337997	-5.404980	-173.395996	-0.000000	0.000000	0.000001	0.011293	1.272240	-0.000249	-0.000000	-0.000000	-0.000001
1.299071	-0.691599	-10.078001	-3.101480	9.936120	0.535714	3.111120	-12.473800	0.012137	0.000000	-0.000000	0.000000	-1.985770	12.866700	0.442410	3.112630	-17.078199	0.345624	0.000000	-0.000000	-0.000000	-0.000000	-0.000000	0.000140	0.000000	0.000000	0.000000	18.401100	-33.508999	-53.830101	123.630997	-23.814301	141.177994	-0.000000	-0.000001	-0.000000	0.000000	0.000000	0.000000	0.304222	-51.426201	91.194099	-106.586998	-11.667900	-153.608994	0.000000	0.000000	0.000001	-0.171140	0.646858	0.001932	-0.000000	-0.000000	0.000001
0.858011	-1.709610	-8.617350	-2.634140	11.838900	0.540787	2.964200	-13.424900	0.089644	0.000000	-0.000000	-0.000000	-1.154840	15.346300	0.305673	2.080060	-18.940399	0.313698	0.000000	-0.000000	-0.000000	-0.000000	0.000000	0.000071	0.000000	0.000000	0.000000	3.816980	-42.302101	-82.902100	112.446999	-21.398500	130.266006	0.000001	0.000000	0.000000	0.000000	0.000000	0.000000	15.402400	-48.780300	109.146004	-101.446999	-15.747500	-135.154007	0.000000	-0.000000	-0.000001	-0.343978	-0.883301	-0.005303	-0.000000	-0.000000	-0.000000
0.912140	-1.558620	-9.639499	-2.879930	13.679800	0.681636	3.680200	-16.325001	0.247938	-0.000000	0.000000	-0.000000	-1.208350	15.294200	0.318784	2.323890	-18.514299	0.367859	-0.000000	0.000000	0.000000	0.000000	-0.000000	-0.000004	0.000000	0.000000	0.000000	-2.346070	-40.870499	-93.467201	109.375999	-24.362200	122.809998	-0.000001	-0.000001	-0.000001	0.000000	0.000000	0.000000	16.243099	-42.714901	111.846001	-101.959000	-25.164900	-123.194000	0.000000	-0.000000	0.000000	-0.272371	-1.432900	-0.006811	-0.000000	-0.000000	-0.000001
0.664924	-2.215561	-9.512690	-2.622790	14.899800	0.674838	3.530650	-16.899900	0.289591	0.000000	0.000000	0.000000	-1.230740	17.486401	0.369865	2.947590	-20.679600	0.626547	-0.000000	0.000000	0.000000	0.000000	-0.000000	-0.000051	0.000000	0.000000	0.000000	-1.688180	-34.595299	-92.748802	113.504997	-29.238001	125.760002	-0.000001	0.000001	0.000001	0.000000	0.000000	0.000000	5.403010	-34.405800	99.252800	-108.706001	-36.881199	-124.190002	0.000000	-0.000000	0.000000	-0.317925	-1.954600	-0.010843	-0.000000	0.000000	0.000000
0.639158	-1.788450	-11.685904	-2.907940	14.327700	0.720211	3.674020	-16.655500	0.245524	0.000000	-0.000000	0.000000	-1.810260	16.020399	0.499757	3.693860	-19.443501	0.650630	0.000000	0.000000	0.000001	-0.000000	0.000000	-0.000088	0.000000	0.000000	0.000000	-0.514266	-33.451099	-90.822899	115.153999	-27.975599	129.554993	-0.000001	-0.000000	0.000000	0.000000	0.000000	0.000000	13.571200	-39.295799	109.792000	-103.277000	-30.029100	-121.220001	-0.000001	-0.000001	0.000001	-0.451705	-1.940280	-0.015295	0.000000	-0.000000	0.000001
1.640860	-1.683860	-8.614460	-3.819920	13.503000	0.893193	3.321350	-15.461900	-0.104730	-0.000000	0.000000	-0.000001	-2.871670	16.388700	0.810876	3.655110	-20.203600	0.310913	0.000000	0.000000	0.000000	0.000000	-0.000000	0.000033	0.000000	0.000000	0.000000	-5.299040	-41.303902	-98.240799	110.946999	-20.170700	130.858002	-0.000000	0.000001	-0.000001	0.000000	0.000000	0.000000	13.907000	-45.637100	108.057999	-102.317001	-22.845800	-126.672997	-0.000001	-0.000001	0.000001	-0.160468	-0.949608	-0.002660	-0.000000	-0.000000	-0.000001
1.906791	-1.293230	-7.155355	-4.502020	12.035300	0.940591	4.096360	-14.800600	-0.078304	0.000000	-0.000000	-0.000000	-3.226720	15.842300	0.881732	3.808910	-20.375000	0.245417	0.000000	0.000000	-0.000000	-0.000000	-0.000000	-0.000061	0.000000	0.000000	0.000000	0.453138	-43.328701	-88.252502	115.402000	-17.863899	139.929993	-0.000000	-0.000001	0.000000	0.000000	0.000000	0.000000	5.272530	-52.707100	96.570602	-104.160004	-17.696400	-138.151001	-0.000000	-0.000000	0.000001	-0.203613	0.183507	0.000652	0.000000	-0.000000	-0.000000
1.424480	-1.260140	-10.776800	-4.932400	11.353700	0.973294	5.382240	-14.560000	0.137411	0.000000	-0.000000	0.000000	-3.765020	13.887300	0.904847	5.053530	-18.219900	0.437397	-0.000000	-0.000000	-0.000001	0.000007	-0.000038	0.000016	0.000000	0.000000	0.000000	16.860600	-38.747700	-60.484699	120.533997	-14.858800	148.453003	-0.000000	0.000001	0.000001	0.000000	0.000000	0.000000	-10.400400	-53.391899	78.911400	-107.424004	-12.286500	-155.098007	-0.000000	0.000000	0.000000	-0.231417	0.561345	0.002268	-0.000000	0.000000	0.000001
0.364140	-0.774030	-13.190599	-2.672270	12.100000	0.560510	4.048250	-16.037399	0.396614	-0.000000	0.000000	0.000000	-1.599200	12.767800	0.353478	4.042470	-17.415800	0.743531	-0.000000	0.000000	-0.000000	0.000000	0.000000	-0.000086	0.000000	0.000000	0.000000	34.009102	-28.989100	-29.312500	118.834000	-13.466300	146.513000	0.000001	0.000001	0.000000	0.000000	0.000000	0.000000	-25.122999	-48.446499	61.539501	-109.218002	-4.140460	-177.348007	0.000000	-0.000000	0.000000	0.029492	0.876213	-0.000451	0.000000	0.000000	-0.000002
-0.105517	-0.350772	-13.769208	-0.768469	11.939800	0.159002	2.403920	-15.422300	0.439441	0.000000	0.000000	-0.000000	-0.149448	13.048700	0.033752	3.345190	-18.466600	1.014410	0.000000	-0.000000	-0.000000	-0.000000	-0.000000	0.000051	0.000000	0.000000	0.000000	40.972599	-15.253600	-8.845230	111.147003	-14.047800	135.850998	0.000000	-0.000001	0.000000	0.000000	0.000000	0.000000	-36.416100	-37.661701	45.165001	-107.779999	3.463090	160.235992	0.000000	0.000000	-0.000000	0.464249	1.340220	-0.010856	-0.000000	-0.000000	0.000001
-0.148876	-0.942016	-14.836098	-1.439560	13.462800	0.335187	3.133220	-16.756500	0.499819	0.000000	-0.000000	-0.000000	-0.322000	13.389700	0.074538	3.368900	-17.801600	0.934968	0.000000	-0.000000	-0.000000	-0.000000	0.000000	-0.000034	0.000000	0.000000	0.000000	40.391998	-1.352810	7.246500	104.295998	-16.600500	122.801003	0.000000	0.000000	-0.000001	0.000000	0.000000	0.000000	-37.214100	-25.772301	37.159000	-107.203003	6.990210	148.639999	0.000000	-0.000000	0.000001	0.261043	0.828483	-0.003774	0.000000	-0.000000	-0.000000
0.015020	-0.611376	-15.576196	-1.417360	12.752800	0.312983	2.819890	-15.976000	0.395720	-0.000000	-0.000000	-0.000000	-0.300354	12.161000	0.063320	3.234660	-16.067699	0.814656	0.000000	-0.000000	-0.000001	0.000000	0.000000	0.000152	0.000000	0.000000	0.000000	40.525101	8.733280	18.380899	95.585999	-16.330400	106.172997	0.000000	-0.000000	-0.000001	0.000000	0.000000	0.000000	-36.451900	-16.428200	29.862101	-105.027000	7.437600	141.690002	0.000001	-0.000001	0.000001	0.420337	1.218310	-0.008935	0.000000	0.000000	-0.000000
0.032526	-0.513731	-15.823699	-1.787320	12.948100	0.400612	3.137230	-16.488800	0.396104	-0.000000	-0.000000	0.000000	-0.834947	12.363700	0.178794	3.959510	-16.992500	0.919632	0.000000	0.000000	0.000001	0.000001	-0.000040	0.000057	0.000000	0.000000	0.000000	39.901402	14.185700	24.141701	90.286400	-18.253300	93.414497	0.000000	-0.000000	-0.000000	0.000000	0.000000	0.000000	-33.631401	-10.304900	25.330900	-104.803001	7.445350	139.731995	-0.000000	-0.000001	0.000000	0.281039	1.398060	-0.006855	-0.000000	-0.000000	0.000000
-0.266078	-1.152000	-15.970897	-1.796680	15.050700	0.466669	3.735900	-18.263000	0.627239	-0.000000	-0.000000	0.000000	-0.342895	13.439400	0.079667	3.295330	-16.881901	0.860798	0.000000	-0.000000	-0.000000	0.000011	-0.000037	-0.000046	0.000000	0.000000	0.000000	38.783901	15.281200	25.927999	90.027397	-19.926001	92.683502	-0.000000	0.000001	-0.000000	0.000000	0.000000	0.000000	-30.574200	-7.145510	23.383101	-105.661003	5.767510	144.369003	-0.000000	-0.000001	-0.000000	0.071698	1.003040	-0.001255	-0.000000	0.000000	0.000000
-0.235766	-0.653451	-15.480504	-1.563370	13.789100	0.372727	3.799710	-16.666000	0.654594	-0.000000	-0.000000	-0.000000	-0.000131	12.845000	0.000042	2.838750	-16.431000	0.803523	-0.000000	0.000000	-0.000001	0.000010	-0.000037	0.000051	0.000000	0.000000	0.000000	39.653801	12.105600	22.264799	90.369598	-16.869400	93.287201	0.000000	-0.000000	-0.000000	0.000000	0.000000	0.000000	-31.564600	-9.052510	25.283701	-105.299004	8.681390	138.134003	0.000000	0.000000	-0.000000	0.397017	1.398480	-0.009689	-0.000000	-0.000000	-0.000001
-0.242948	-0.792392	-15.130409	-1.243560	13.422700	0.288730	3.178660	-16.238701	0.550813	-0.000000	0.000000	-0.000000	0.052833	12.252700	-0.011198	2.945860	-15.436300	0.798493	0.000000	-0.000000	0.000000	0.000000	-0.000000	-0.000035	0.000000	0.000000	0.000000	42.948002	6.951000	15.506400	91.862701	-11.597900	97.669601	-0.000000	-0.000001	-0.000000	0.000000	0.000000	0.000000	-32.782501	-13.909700	30.299900	-107.400002	11.158800	138.634995	-0.000000	0.000000	-0.000000	0.299345	1.409850	-0.007363	-0.000000	0.000000	-0.000000
-0.117371	-1.226060	-14.276896	-1.504730	14.356300	0.373188	3.131450	-17.078899	0.491668	-0.000000	0.000000	0.000000	-0.129359	13.357500	0.029893	2.825370	-16.487801	0.766664	-0.000000	-0.000000	-0.000000	-0.000010	0.000038	-0.000084	0.000000	0.000000	0.000000	42.203602	-0.082213	8.409080	98.784203	-9.189760	120.183998	0.000000	0.000001	0.000001	0.000000	0.000000	0.000000	-32.398102	-19.102200	36.091202	-108.767998	12.281600	140.526993	0.000001	0.000000	-0.000002	0.444106	1.403910	-0.010879	-0.000000	0.000000	0.000000
0.213238	-1.124040	-13.080500	-1.730310	13.282900	0.397714	2.767230	-15.950900	0.297713	-0.000000	-0.000000	-0.000000	-0.832689	13.112800	0.188969	3.138280	-16.158800	0.648015	0.000000	0.000000	-0.000000	0.000000	0.000000	0.000145	0.000000	0.000000	0.000000	42.365799	-12.097300	-4.804350	104.718002	-3.963070	144.421005	0.000000	-0.000000	-0.000000	0.000000	0.000000	0.000000	-34.175098	-28.246201	41.753502	-109.241997	10.010000	147.080994	-0.000000	-0.000000	0.000000	0.302036	1.210290	-0.006381	-0.000000	-0.000000	0.000000
0.427762	-1.831410	-12.868899	-2.898740	13.602600	0.682298	3.741110	-15.744800	0.250674	-0.000000	-0.000000	-0.000000	-1.720220	14.617500	0.434254	3.727380	-18.283899	0.647415	0.000000	-0.000000	0.000000	-0.000000	0.000000	-0.000015	0.000000	0.000000	0.000000	38.329201	-22.306000	-18.270000	112.000999	-3.820230	155.460007	-0.000000	-0.000000	0.000000	0.000000	0.000000	0.000000	-29.548901	-38.402500	52.701599	-109.930000	7.154420	156.028000	-0.000000	-0.000001	0.000000	0.317113	0.537783	-0.002977	-0.000000	0.000000	0.000000
1.084560	-2.575409	-11.759301	-4.305290	14.935000	1.111570	4.452320	-17.057100	0.085865	0.000000	-0.000000	-0.000001	-2.981400	15.224800	0.783643	4.135860	-17.975500	0.388650	0.000000	-0.000000	-0.000000	-0.000000	0.000000	0.000063	0.000000	0.000000	0.000000	31.298000	-33.352699	-36.445702	115.241997	-5.217680	157.102997	0.000001	0.000000	0.000001	0.000000	0.000000	0.000000	-21.685600	-46.770802	64.720901	-108.531998	0.614231	172.190002	0.000000	0.000000	-0.000000	0.268056	0.740337	-0.003464	-0.000000	0.000000	-0.000000
0.885047	-2.640899	-9.421037	-4.109580	14.893900	1.058020	4.306070	-16.643801	0.095893	-0.000000	0.000000	0.000001	-2.989890	16.139099	0.831839	4.541750	-18.865601	0.540064	-0.000000	-0.000000	-0.000000	-0.000006	0.000038	0.000018	0.000000	0.000000	0.000000	21.743401	-40.347301	-54.250900	116.082001	-13.930300	143.625000	0.000000	-0.000001	-0.000002	0.000000	0.000000	0.000000	-9.537820	-50.823898	79.446999	-107.386002	-6.685680	-166.966003	0.000000	0.000000	0.000000	0.185781	0.495674	-0.001607	-0.000000	0.000000	0.000000
0.127516	-2.412370	-6.356319	-2.203830	14.556900	0.554176	3.353830	-16.873400	0.354381	0.000000	-0.000000	0.000000	-0.805758	17.050200	0.236279	3.058510	-19.884800	0.778632	0.000000	-0.000000	-0.000000	0.000000	-0.000000	-0.000021	0.000000	0.000000	0.000000	8.302220	-49.154999	-77.103897	110.290001	-18.806400	128.406006	-0.000000	-0.000001	0.000000	0.000000	0.000000	0.000000	4.814090	-50.130600	96.139801	-106.522003	-11.795900	-151.865997	-0.000000	-0.000000	-0.000001	-0.221261	-0.482508	-0.001864	-0.000000	-0.000000	-0.000001
-0.195724	-2.320492	-8.600270	-1.246200	14.109600	0.303850	2.367180	-15.593900	0.311478	0.000000	-0.000000	0.000000	-0.462051	17.359600	0.137875	3.299870	-19.828199	0.970432	-0.000000	0.000000	0.000000	-0.000000	0.000000	0.000033	0.000000	0.000000	0.000000	0.648905	-48.874699	-88.414597	107.056000	-22.586000	118.695999	-0.000000	-0.000001	0.000000	0.000000	0.000000	0.000000	20.560600	-49.066101	114.992996	-99.981598	-16.539200	-130.535004	-0.000000	0.000000	0.000001	-0.301012	-1.512380	-0.007945	-0.000000	0.000000	-0.000000
-0.392721	-2.345880	-10.889300	-1.208770	14.691600	0.306616	2.928130	-15.957500	0.483692	-0.000000	-0.000000	-0.000000	-0.073737	16.947901	0.021506	2.967980	-18.694000	0.929372	-0.000000	0.000000	-0.000001	0.000000	-0.000000	0.000068	0.000000	0.000000	0.000000	6.262730	-39.627499	-78.562202	115.997002	-35.200199	123.730003	0.000000	0.000000	-0.000000	0.000000	0.000000	0.000000	15.759000	-41.341599	111.844002	-102.940002	-25.685101	-124.426003	0.000001	0.000000	-0.000002	-0.583633	-2.123420	-0.021629	0.000000	0.000000	-0.000000
-0.252342	-1.672400	-11.393600	-1.217350	14.709700	0.309168	2.746780	-16.872101	0.455569	-0.000000	0.000000	0.000000	-0.384281	16.362200	0.108271	3.335200	-19.132299	0.973028	0.000000	-0.000000	-0.000000	-0.000000	-0.000000	0.000002	0.000000	0.000000	0.000000	6.420780	-35.262199	-76.882797	122.597000	-37.837700	130.677994	0.000000	0.000001	-0.000001	0.000000	0.000000	0.000000	9.455970	-37.473598	104.723999	-106.728996	-32.674900	-124.420998	-0.000001	0.000001	-0.000001	-0.529111	-2.120170	-0.019577	0.000000	-0.000000	-0.000001
-0.367297	-2.115430	-11.447899	-1.432760	16.117500	0.397830	3.068920	-18.532000	0.538059	-0.000000	-0.000000	0.000001	-0.260766	16.314899	0.073261	2.901000	-18.804001	0.854953	0.000000	-0.000000	-0.000001	-0.000000	0.000000	0.000065	0.000000	0.000000	0.000000	1.234750	-41.361301	-87.634102	114.552002	-31.270300	124.830002	-0.000000	0.000001	-0.000000	0.000000	0.000000	0.000000	12.394500	-39.350101	108.198997	-104.464996	-30.989201	-122.438004	-0.000000	0.000000	-0.000000	-0.573456	-2.206930	-0.022084	0.000000	-0.000000	0.000000
-0.663724	-1.643689	-9.593684	-0.726542	14.463200	0.181485	3.368890	-16.358101	0.751160	-0.000000	0.000000	0.000000	1.086120	16.601400	-0.310334	1.856750	-19.501400	0.968015	-0.000000	0.000000	-0.000000	-0.000000	-0.000000	0.000040	0.000000	0.000000	0.000000	-2.792460	-46.742699	-93.730797	108.790001	-26.305500	119.299004	0.000001	-0.000001	-0.000000	0.000000	0.000000	0.000000	19.226101	-44.560200	114.884003	-101.432999	-25.479799	-122.115997	-0.000000	-0.000001	0.000000	-0.219834	-2.251930	-0.008641	-0.000000	-0.000000	0.000001
0.110021	-1.648530	-8.663570	-1.357160	14.126300	0.331300	2.783640	-16.667500	0.420982	-0.000000	0.000000	0.000000	-0.091563	16.569099	0.026126	2.504560	-19.838100	0.820590	0.000000	0.000000	0.000000	-0.000000	0.000000	-0.000000	0.000000	0.000000	0.000000	1.122310	-46.992901	-87.650497	111.071999	-24.903299	124.123001	0.000000	-0.000000	-0.000001	0.000000	0.000000	0.000000	19.546900	-49.695999	113.696999	-99.680397	-20.717100	-124.430000	-0.000000	-0.000000	0.000001	-0.096755	-1.328850	-0.002245	-0.000000	0.000000	0.000000
-0.040114	-1.531860	-9.996041	-1.164500	13.313900	0.268212	2.368560	-15.785800	0.336109	0.000000	-0.000000	-0.000001	-0.205534	15.513300	0.054984	2.841020	-18.894400	0.856392	-0.000000	-0.000000	-0.000001	0.000000	-0.000000	-0.000036	0.000000	0.000000	0.000000	13.454900	-45.924599	-69.266098	116.596001	-25.236900	131.449005	0.000001	0.000000	-0.000001	0.000000	0.000000	0.000000	14.410200	-54.663399	107.103996	-102.302002	-17.614100	-134.968994	0.000000	-0.000000	-0.000000	-0.482069	-0.824766	-0.006940	-0.000000	-0.000000	0.000000
-0.393942	-0.695504	-12.305002	-0.559994	12.831100	0.124374	2.589980	-16.129499	0.568043	0.000000	-0.000000	0.000000	0.376471	14.061100	-0.091459	3.025900	-18.553801	1.080150	0.000000	0.000000	0.000000	0.000000	-0.000000	0.000011	0.000000	0.000000	0.000000	27.920900	-39.687401	-46.038898	122.386002	-24.155500	138.985992	-0.000001	0.000000	0.000001	0.000000	0.000000	0.000000	-0.128282	-57.239601	90.930901	-105.511002	-12.421500	-151.684006	-0.000001	-0.000000	0.000000	-0.138807	0.208216	0.000502	-0.000000	-0.000000	0.000002
-0.864231	-0.862764	-13.515501	0.340564	12.716200	-0.074953	1.637210	-15.453100	0.524928	-0.000000	-0.000000	0.000000	0.909012	12.789900	-0.201236	2.821140	-16.591499	1.060030	0.000000	-0.000000	0.000000	0.000000	0.000000	0.000044	0.000000	0.000000	0.000000	37.823700	-30.738800	-27.425600	122.059998	-21.312401	140.867004	0.000000	-0.000000	0.000000	0.000000	0.000000	0.000000	-20.131399	-51.297699	67.887802	-109.823997	-6.847700	-170.544998	-0.000000	-0.000000	0.000002	0.298515	0.549768	-0.002863	-0.000000	-0.000000	0.000000
-0.518296	-0.757311	-14.200700	-0.568195	13.813200	0.135677	2.548350	-17.965099	0.616031	-0.000000	0.000000	0.000000	0.738407	11.940300	-0.152767	2.209210	-15.151900	0.766881	0.000000	0.000000	-0.000000	-0.000000	-0.000000	-0.000012	0.000000	0.000000	0.000000	43.801399	-20.828600	-13.311300	116.614998	-18.157700	137.947998	0.000000	0.000000	-0.000000	0.000000	0.000000	0.000000	-31.866100	-45.028500	53.172199	-109.132004	0.658421	169.684998	0.000001	0.000000	-0.000000	0.354517	0.829642	-0.005132	0.000000	0.000000	-0.000000
-0.494152	-1.076540	-14.604800	-0.793183	13.982000	0.191670	2.573600	-17.392799	0.539375	-0.000000	0.000000	-0.000000	0.618259	12.597600	-0.134839	2.208840	-15.766300	0.764678	-0.000000	0.000000	0.000000	0.000000	-0.000000	0.000004	0.000000	0.000000	0.000000	45.503101	-10.287400	-2.174890	107.521004	-17.403299	126.291000	-0.000000	-0.000001	0.000001	0.000000	0.000000	0.000000	-37.486801	-34.727699	42.626701	-107.603996	6.115180	153.203003	-0.000000	0.000000	0.000000	0.258135	0.747492	-0.003367	0.000000	-0.000000	-0.000000
-0.538145	-1.248240	-14.751801	-0.683076	13.703600	0.161877	1.968110	-15.743400	0.353990	-0.000000	-0.000000	-0.000000	0.291676	13.208400	-0.066597	2.465160	-16.102501	0.763020	0.000000	-0.000000	-0.000001	-0.000000	0.000000	0.000111	0.000000	0.000000	0.000000	44.114700	-1.423360	6.747850	98.998802	-17.673700	110.728996	-0.000001	-0.000000	0.000001	0.000000	0.000000	0.000000	-38.208801	-24.875401	35.563499	-106.190002	9.378570	142.156006	0.000000	-0.000000	-0.000001	0.244030	0.863168	-0.003672	-0.000000	0.000000	-0.000002
-0.342435	-1.465370	-14.854601	-1.255490	14.090900	0.305722	2.506180	-15.867200	0.352322	0.000000	-0.000000	0.000001	-0.038380	13.863500	0.009211	2.300230	-16.614700	0.647355	0.000000	0.000000	0.000000	0.000000	0.000000	-0.000011	0.000000	0.000000	0.000000	41.926899	5.207620	14.099500	89.366302	-19.663401	88.970901	0.000000	0.000001	0.000000	0.000000	0.000000	0.000000	-37.602600	-17.505800	29.906200	-103.383003	8.427590	136.998001	0.000000	-0.000000	0.000000	0.443045	0.914802	-0.007071	-0.000000	0.000000	-0.000001
-0.472501	-1.556190	-15.089995	-1.378110	13.919200	0.331585	2.861680	-15.318400	0.402698	0.000000	0.000000	0.000000	-0.095093	13.820100	0.022730	2.370920	-16.331400	0.641017	-0.000000	-0.000000	-0.000000	0.000009	0.000002	-0.000004	0.000000	0.000000	0.000000	40.494598	10.474100	20.115101	83.352402	-22.627199	77.433899	-0.000000	-0.000001	-0.000000	0.000000	0.000000	0.000000	-35.157799	-12.456100	26.670900	-102.651001	7.363820	136.330994	0.000000	-0.000000	-0.000001	0.705574	0.993086	-0.012229	0.000000	0.000000	-0.000000
-0.278560	-1.357619	-15.207300	-1.899220	14.350100	0.470925	3.193520	-16.525999	0.385080	-0.000000	0.000000	0.000000	-0.388056	14.019000	0.094053	2.528800	-17.357300	0.642362	-0.000000	-0.000000	-0.000000	-0.000000	0.000000	0.000071	0.000000	0.000000	0.000000	36.526600	13.310100	25.526899	81.272903	-27.080999	75.584198	0.000000	-0.000002	-0.000001	0.000000	0.000000	0.000000	-32.433899	-9.747570	25.514900	-103.919998	6.512220	140.182007	0.000000	0.000002	-0.000000	0.667683	1.160470	-0.013524	0.000000	-0.000000	0.000001
0.206916	-1.240210	-15.709900	-2.439630	13.255300	0.559755	3.267740	-14.951500	0.230443	0.000000	0.000000	0.000000	-1.085250	13.562300	0.254572	2.971850	-17.358299	0.572078	-0.000000	0.000000	0.000000	0.000000	0.000000	0.000122	0.000000	0.000000	0.000000	33.562698	14.332000	28.955099	82.705902	-30.216499	79.156998	0.000000	0.000002	0.000000	0.000000	0.000000	0.000000	-30.688601	-9.318530	26.384600	-105.786003	5.305990	146.246002	0.000000	0.000001	0.000001	0.349776	1.056010	-0.006447	-0.000000	-0.000000	-0.000001
0.147816	-0.790514	-15.191201	-2.246600	12.826900	0.498974	3.370380	-14.734100	0.300107	-0.000000	0.000000	-0.000000	-0.719235	12.555000	0.156324	2.543990	-16.028200	0.508731	0.000000	0.000000	0.000000	-0.000000	0.000000	-0.000142	0.000000	0.000000	0.000000	34.644901	12.041300	25.536800	85.154198	-26.638700	82.434097	0.000000	-0.000000	-0.000000	0.000000	0.000000	0.000000	-31.809500	-11.050800	27.704201	-104.488998	6.926360	140.787003	-0.000000	-0.000001	0.000000	0.393250	1.276700	-0.008760	0.000000	0.000000	-0.000001
-0.414025	-0.932494	-14.590301	-1.255380	12.295300	0.267386	2.822760	-13.957700	0.385087	0.000000	-0.000000	0.000000	0.424562	11.879300	-0.087387	1.658070	-14.478400	0.518617	0.000000	-0.000000	-0.000000	0.000010	-0.000038	0.000147	0.000000	0.000000	0.000000	37.595200	8.144020	19.208799	89.286400	-21.518200	89.526703	-0.000000	-0.000000	-0.000000	0.000000	0.000000	0.000000	-32.706001	-14.329600	30.815599	-103.960999	9.089940	136.447998	0.000001	0.000000	0.000001	0.462217	1.211160	-0.009771	0.000000	0.000000	0.000001
-0.252689	-0.911935	-14.090302	-0.694698	12.645000	0.152135	1.687400	-14.925300	0.260035	-0.000000	-0.000000	0.000000	0.294430	12.129500	-0.061816	1.974850	-15.111800	0.590169	0.000000	-0.000000	-0.000000	-0.000009	0.000038	-0.000071	0.000000	0.000000	0.000000	38.601799	2.575300	12.285200	95.640701	-17.703199	103.982002	0.000000	-0.000000	-0.000000	0.000000	0.000000	0.000000	-33.651100	-19.979799	35.692902	-104.740997	10.189200	137.559006	-0.000000	-0.000001	-0.000000	0.411398	1.285360	-0.009228	0.000000	-0.000000	-0.000000
0.056627	-0.559298	-13.424300	-1.039900	11.917800	0.214819	1.934900	-14.938300	0.236501	-0.000000	0.000000	-0.000000	0.270309	11.233900	-0.052613	1.512550	-14.653500	0.449832	-0.000000	0.000000	0.000000	-0.000000	0.000000	0.000087	0.000000	0.000000	0.000000	40.123901	-5.638580	2.234850	100.863998	-13.070300	118.783997	0.000000	-0.000000	0.000000	0.000000	0.000000	0.000000	-34.360100	-27.235001	40.894001	-104.900002	10.329200	139.658997	-0.000000	0.000000	0.000000	0.415236	1.271600	-0.009216	0.000000	0.000000	-0.000000
-0.256984	-0.875375	-12.646400	-0.854822	11.444800	0.169641	2.332780	-14.225600	0.367437	-0.000000	0.000000	0.000000	0.141353	11.839100	-0.028988	2.454370	-15.596800	0.697520	-0.000000	0.000000	-0.000000	0.000000	0.000000	-0.000032	0.000000	0.000000	0.000000	40.136200	-15.984800	-9.978400	105.069000	-9.562970	131.800995	0.000001	-0.000000	0.000000	0.000000	0.000000	0.000000	-31.651199	-32.764999	47.345200	-107.147003	6.781480	152.095001	-0.000001	-0.000001	0.000002	0.439564	1.006450	-0.007720	0.000000	0.000000	0.000000
-0.829026	-1.394049	-13.414900	0.137414	12.306900	-0.029277	1.635530	-14.308300	0.437503	-0.000000	0.000000	-0.000000	1.112010	11.971400	-0.230672	1.809050	-13.858500	0.694419	0.000000	-0.000000	0.000000	0.000009	-0.000038	0.000058	0.000000	0.000000	0.000000	39.738998	-25.167500	-20.309999	109.325996	-9.907480	138.675003	-0.000000	0.000001	0.000000	0.000000	0.000000	0.000000	-23.336700	-40.100601	60.749298	-109.222000	2.830080	165.598999	0.000000	0.000000	-0.000001	0.563095	1.104630	-0.010855	-0.000000	-0.000000	0.000000
-0.917222	-1.366790	-13.623200	0.091736	12.962100	-0.020601	2.092110	-15.299100	0.575847	-0.000000	-0.000000	0.000000	1.317790	13.077200	-0.298241	1.880510	-16.375999	0.892908	-0.000000	-0.000000	0.000000	0.000000	-0.000000	-0.000036	0.000000	0.000000	0.000000	32.921200	-30.541201	-32.108601	116.853996	-16.098600	140.649002	-0.000000	-0.000000	-0.000000	0.000000	0.000000	0.000000	-14.888600	-47.067699	73.062897	-107.209999	-2.888850	-178.526001	0.000000	0.000000	-0.000000	0.182336	1.137960	-0.003621	0.000000	0.000000	0.000002
-0.209524	-1.907480	-13.691800	-1.038310	13.678600	0.245568	2.012700	-16.483000	0.284839	0.000000	-0.000000	-0.000000	-0.151891	12.444300	0.032739	2.509390	-14.559700	0.593850	-0.000000	0.000000	0.000000	-0.000000	0.000000	0.000086	0.000000	0.000000	0.000000	23.196800	-35.400200	-48.940102	117.596001	-20.242800	137.386002	0.000000	-0.000000	0.000001	0.000000	0.000000	0.000000	-4.567190	-50.166100	85.844597	-105.018997	-10.854500	-154.983994	-0.000001	0.000000	-0.000001	-0.139841	0.798629	0.001951	0.000000	0.000000	-0.000001
-0.126426	-1.812760	-11.815494	-1.428980	13.005600	0.321661	2.632290	-15.137300	0.323833	0.000000	0.000000	0.000000	-0.398307	13.248300	0.091293	2.743110	-15.799900	0.641650	0.000000	-0.000000	0.000000	-0.000000	0.000000	0.000022	0.000000	0.000000	0.000000	10.878300	-43.777000	-72.544899	113.390999	-19.039400	134.108994	0.000000	0.000000	0.000001	0.000000	0.000000	0.000000	8.384550	-51.337502	100.925003	-102.507004	-14.704300	-140.841003	0.000000	0.000000	-0.000002	0.053727	-0.194481	0.000182	-0.000000	0.000000	0.000001
-0.029328	-1.949710	-10.917900	-1.582310	13.375100	0.366087	3.030390	-15.500700	0.398542	0.000000	-0.000000	-0.000000	-0.442671	14.611200	0.111641	2.861970	-17.437000	0.729633	0.000000	-0.000000	-0.000000	-0.000000	0.000000	-0.000003	0.000000	0.000000	0.000000	-0.765764	-47.226398	-90.840698	107.422997	-18.718901	124.627998	-0.000000	0.000000	0.000000	0.000000	0.000000	0.000000	20.078699	-50.095501	114.459999	-97.280602	-18.319700	-122.747002	-0.000000	-0.000001	-0.000000	-0.393497	-1.034090	-0.007101	0.000000	-0.000000	-0.000000
-0.409054	-2.034770	-11.342498	-1.272780	14.423100	0.317086	3.087500	-16.158899	0.516357	0.000000	-0.000000	0.000000	0.216971	15.653200	-0.058530	2.469410	-18.246300	0.839132	0.000000	0.000000	-0.000001	-0.000000	-0.000000	-0.000013	0.000000	0.000000	0.000000	1.172180	-41.479801	-87.734398	109.016998	-31.318100	116.223000	-0.000000	-0.000001	-0.000001	0.000000	0.000000	0.000000	11.322800	-41.484100	106.212997	-104.877998	-29.357800	-124.650002	0.000000	0.000001	-0.000001	-0.417368	-1.731360	-0.012612	-0.000000	-0.000000	0.000001
-0.779686	-2.387720	-12.096302	-0.283159	15.440600	0.075368	2.063900	-16.374599	0.505032	-0.000000	0.000000	-0.000000	0.787013	16.388901	-0.222094	2.349530	-17.897900	0.954925	0.000000	-0.000000	-0.000000	0.000008	-0.000038	-0.000058	0.000000	0.000000	0.000000	4.075170	-34.454601	-81.477303	116.498001	-36.528900	124.193001	-0.000001	-0.000001	0.000001	0.000000	0.000000	0.000000	7.487550	-36.520000	102.318001	-106.490997	-37.281200	-121.260002	0.000000	-0.000001	-0.000000	-0.407552	-1.824740	-0.012978	-0.000000	0.000000	-0.000000
-0.592682	-2.069290	-11.347700	0.312242	15.342700	-0.082604	1.323430	-17.019100	0.475594	-0.000000	0.000000	0.000000	1.084370	16.784201	-0.313150	2.287430	-19.628000	1.118210	-0.000000	0.000000	0.000000	-0.000000	-0.000000	-0.000041	0.000000	0.000000	0.000000	4.529850	-34.111198	-80.285599	118.338997	-38.992699	125.065002	-0.000000	0.000001	0.000001	0.000000	0.000000	0.000000	4.174660	-34.214802	97.751099	-111.018997	-39.315899	-125.877998	0.000000	0.000000	0.000000	-0.517112	-2.066700	-0.018650	-0.000000	0.000000	-0.000000
-0.344285	-2.358072	-10.808603	-0.316113	15.903400	0.086671	1.704580	-17.828600	0.428882	-0.000000	0.000000	0.000000	0.850345	16.743401	-0.244938	1.801270	-18.952600	0.850017	0.000000	0.000000	-0.000000	-0.000007	0.000038	0.000038	0.000000	0.000000	0.000000	-0.123760	-40.553001	-89.865799	110.186996	-31.448099	118.163002	0.000000	-0.000001	0.000001	0.000000	0.000000	0.000000	8.484180	-38.466999	103.079002	-106.696999	-33.237000	-124.205002	-0.000001	-0.000001	0.000000	-0.232831	-1.786370	-0.007260	0.000000	0.000000	0.000000
0.129324	-2.448790	-9.041130	-0.684749	14.798900	0.174919	1.795870	-16.299801	0.318256	-0.000000	-0.000000	-0.000000	0.853828	16.856800	-0.247602	1.008960	-19.346399	0.605121	0.000000	0.000000	0.000000	0.000000	-0.000000	0.000081	0.000000	0.000000	0.000000	-0.184084	-44.638500	-89.677597	109.977997	-26.054800	121.452003	0.000001	-0.000001	-0.000001	0.000000	0.000000	0.000000	12.505300	-45.599300	106.453003	-101.862999	-23.984501	-124.957001	-0.000000	0.000001	0.000001	-0.302292	-1.288570	-0.006798	-0.000000	0.000000	-0.000000
0.126488	-2.042719	-9.561890	-0.942834	13.923500	0.226937	1.946890	-15.973400	0.283955	0.000000	-0.000000	-0.000000	0.576768	15.876500	-0.157740	1.227530	-18.329399	0.560654	0.000000	0.000000	0.000000	0.000000	0.000000	0.000059	0.000000	0.000000	0.000000	11.347200	-42.355999	-70.924698	115.730003	-26.527700	129.214996	-0.000000	0.000000	-0.000000	0.000000	0.000000	0.000000	10.380100	-51.729500	102.928001	-103.278000	-18.297501	-135.610992	0.000000	-0.000000	0.000000	-0.016427	-0.602406	-0.000174	-0.000000	-0.000000	-0.000000
0.733224	-1.574470	-10.881403	-2.310140	12.357900	0.494676	2.849050	-14.481600	0.148150	0.000000	0.000000	0.000001	-1.038660	14.554100	0.261044	2.409910	-18.038799	0.435014	0.000000	0.000000	0.000000	0.000007	-0.000038	0.000118	0.000000	0.000000	0.000000	22.540100	-38.755699	-52.199299	116.681000	-20.742300	135.544998	-0.000000	0.000000	-0.000000	0.000000	0.000000	0.000000	-6.591840	-53.200600	83.297897	-105.394997	-13.179100	-150.341003	0.000000	-0.000000	0.000000	0.091888	0.788934	-0.001266	-0.000000	0.000000	0.000001
1.175900	-1.221600	-11.517400	-3.524810	12.086700	0.738959	3.670700	-15.030400	0.058118	-0.000000	0.000000	0.000000	-2.317560	13.548800	0.543226	3.497810	-17.610800	0.376655	0.000000	-0.000000	0.000000	0.000000	0.000000	0.000095	0.000000	0.000000	0.000000	33.322601	-32.736000	-33.572102	110.971001	-13.983000	134.878998	-0.000000	-0.000000	-0.000000	0.000000	0.000000	0.000000	-25.585300	-46.923100	60.350601	-107.934998	-7.494310	-168.778000	-0.000000	0.000001	-0.000001	0.087054	0.929275	-0.001413	-0.000000	0.000000	-0.000000
0.952768	-1.119350	-11.678700	-3.408070	11.742200	0.694403	4.053910	-15.042800	0.186160	0.000000	-0.000000	-0.000000	-2.268460	12.871100	0.505617	3.960370	-17.016800	0.511967	0.000000	0.000000	0.000000	0.000000	-0.000000	0.000066	0.000000	0.000000	0.000000	40.597801	-22.079800	-16.342199	101.296997	-12.765700	116.924004	0.000001	0.000000	-0.000000	0.000000	0.000000	0.000000	-37.407799	-36.859100	43.541302	-106.664001	-0.206984	168.824005	0.000001	0.000000	-0.000001	0.147855	0.647747	-0.001671	-0.000000	0.000000	-0.000000
0.792839	-1.014420	-12.296899	-3.399900	12.059500	0.711094	4.392970	-15.289300	0.281696	0.000000	-0.000000	-0.000000	-2.324330	12.939400	0.520700	4.511990	-16.952900	0.655406	-0.000000	0.000000	-0.000000	-0.000000	0.000000	-0.000102	0.000000	0.000000	0.000000	42.574299	-8.866270	-1.169860	91.777702	-14.706600	92.260696	0.000000	-0.000001	-0.000001	0.000000	0.000000	0.000000	-40.054600	-25.721100	34.331299	-104.064003	4.762610	149.324005	-0.000000	0.000001	-0.000002	0.061508	0.620670	-0.000666	-0.000000	-0.000000	-0.000000
0.307237	-0.796140	-13.442400	-2.740030	11.989000	0.569593	4.412190	-15.297800	0.457075	-0.000000	-0.000000	-0.000000	-1.727820	12.477700	0.373431	4.516710	-16.364500	0.797846	0.000000	0.000000	0.000000	0.000000	-0.000000	-0.000018	0.000000	0.000000	0.000000	41.450500	2.808310	11.716600	81.803902	-19.705200	71.632301	0.000001	-0.000001	0.000001	0.000000	0.000000	0.000000	-37.520302	-17.057501	29.455500	-101.302002	7.442270	134.686005	-0.000001	-0.000000	-0.000000	0.350917	1.089550	-0.006671	0.000000	-0.000000	0.000001
0.032359	-1.272310	-15.513501	-2.092100	13.187900	0.477513	3.630780	-15.568200	0.427864	0.000000	-0.000000	0.000000	-0.742216	13.463000	0.172818	3.025050	-17.060400	0.676044	-0.000000	0.000000	-0.000001	0.000000	-0.000000	0.000028	0.000000	0.000000	0.000000	40.041599	12.918400	22.816700	73.069801	-25.160000	60.535999	0.000000	0.000000	0.000002	0.000000	0.000000	0.000000	-34.964500	-13.225100	27.722099	-98.534103	8.861650	123.247002	0.000001	0.000000	0.000000	0.511404	0.951169	-0.008488	0.000000	0.000000	-0.000002
0.127184	-1.422500	-16.479300	-2.572700	13.863900	0.616868	4.126170	-15.839900	0.444592	0.000000	0.000000	-0.000000	-0.814829	12.977300	0.183008	2.821880	-15.819300	0.553006	0.000000	-0.000000	-0.000001	0.000000	0.000000	-0.000053	0.000000	0.000000	0.000000	39.400002	17.405500	27.460199	67.496498	-27.145100	54.091999	0.000000	0.000001	0.000000	0.000000	0.000000	0.000000	-32.447701	-9.346960	25.056801	-98.435501	5.516680	128.453995	-0.000001	-0.000001	-0.000000	0.305924	1.018160	-0.005436	-0.000000	-0.000000	-0.000001
0.443214	-1.265640	-16.639900	-2.939730	13.413900	0.682505	4.157970	-15.260300	0.341817	0.000000	0.000000	0.000000	-1.525430	12.832900	0.338852	3.516850	-16.072901	0.562101	0.000000	-0.000000	-0.000000	0.000000	-0.000000	-0.000086	0.000000	0.000000	0.000000	38.214401	17.674601	28.616100	68.655800	-27.993000	56.338600	-0.000001	0.000000	-0.000001	0.000000	0.000000	0.000000	-32.851799	-10.148200	25.792000	-98.239799	6.749130	125.251999	-0.000000	-0.000001	-0.000001	0.119031	1.044510	-0.002167	-0.000000	-0.000000	-0.000001
0.187819	-1.102860	-16.171701	-2.132110	13.123600	0.484324	3.163400	-15.029100	0.281890	-0.000000	0.000000	-0.000000	-0.966947	12.311700	0.206210	3.121050	-15.333300	0.575747	0.000000	-0.000000	-0.000000	0.000000	-0.000000	0.000021	0.000000	0.000000	0.000000	39.030499	14.932800	25.452400	72.402901	-25.511101	59.921200	-0.000000	0.000000	0.000000	0.000000	0.000000	0.000000	-33.146099	-13.760200	29.894899	-99.166603	10.139000	123.036003	0.000000	0.000001	0.000000	-0.091496	1.147500	0.001834	0.000000	0.000000	0.000001
0.022209	-0.828147	-15.244901	-1.670490	12.747900	0.368725	2.864770	-15.229200	0.324570	0.000000	-0.000000	0.000000	-0.682910	11.863100	0.140406	3.429750	-15.395700	0.733631	-0.000000	-0.000000	-0.000000	0.000000	-0.000000	-0.000043	0.000000	0.000000	0.000000	39.075100	10.089600	20.553499	81.384499	-22.641701	73.469200	0.000001	0.000001	0.000001	0.000000	0.000000	0.000000	-33.824100	-16.504299	32.210499	-100.720001	8.978770	130.050995	-0.000000	-0.000001	0.000000	0.266348	1.304580	-0.006062	-0.000000	0.000000	-0.000000
-0.189374	-1.406510	-14.645405	-1.167120	13.381100	0.270145	2.127390	-15.747700	0.269234	-0.000000	-0.000000	-0.000001	-0.740240	12.490000	0.160108	3.805010	-15.187200	0.808193	0.000000	-0.000000	-0.000001	-0.000010	0.000038	-0.000099	0.000000	0.000000	0.000000	40.755402	2.986260	12.114000	89.481300	-16.628099	88.565804	0.000001	-0.000000	-0.000000	0.000000	0.000000	0.000000	-34.908699	-20.088400	34.645100	-102.782997	5.191740	144.369003	-0.000001	-0.000001	0.000000	0.455302	1.079610	-0.008580	0.000000	0.000000	0.000002
-0.242589	-1.651600	-13.979199	-0.987757	14.080100	0.240368	2.010600	-16.853300	0.305173	0.000000	-0.000000	-0.000000	-0.503566	12.955100	0.112942	3.384220	-15.644000	0.780862	-0.000000	0.000000	0.000000	-0.000009	0.000038	-0.000109	0.000000	0.000000	0.000000	40.816002	-3.845340	4.317620	98.622398	-16.354900	110.264000	-0.000001	-0.000002	-0.000002	0.000000	0.000000	0.000000	-33.959099	-28.753500	42.440701	-103.670998	6.687890	145.505005	-0.000001	-0.000001	0.000000	0.410958	0.806107	-0.005781	-0.000000	0.000000	-0.000001
0.274818	-1.949081	-13.056600	-1.887430	14.043200	0.458120	2.880690	-16.822001	0.303799	-0.000000	0.000000	0.000000	-0.928913	13.052300	0.209773	3.216940	-15.446600	0.616084	0.000000	0.000000	0.000000	-0.000000	-0.000000	-0.000023	0.000000	0.000000	0.000000	38.395599	-13.656500	-8.013000	107.008003	-12.292600	131.373001	0.000001	0.000000	0.000000	0.000000	0.000000	0.000000	-31.807100	-35.059502	48.534901	-106.684998	1.657800	164.164001	-0.000000	0.000001	-0.000000	0.256546	0.718677	-0.003217	0.000000	-0.000000	0.000000
0.152116	-1.628219	-12.980801	-2.412710	13.311000	0.555849	3.433580	-16.563499	0.309545	-0.000000	0.000000	-0.000000	-1.502160	12.724200	0.330981	3.767790	-15.633000	0.620776	0.000000	-0.000000	-0.000000	-0.000000	-0.000000	0.000155	0.000000	0.000000	0.000000	37.591999	-23.971201	-20.648100	112.463997	-11.789300	140.552002	-0.000000	-0.000000	0.000000	0.000000	0.000000	0.000000	-24.309700	-44.731998	61.256199	-106.101997	-1.850630	176.699005	0.000001	-0.000000	0.000001	0.098187	0.829324	-0.001420	-0.000000	-0.000000	-0.000000
0.009438	-1.564520	-12.915997	-1.793550	11.868600	0.369043	2.919040	-13.943000	0.280461	-0.000000	0.000000	-0.000000	-0.693473	11.826200	0.142182	2.862640	-14.192700	0.535689	-0.000000	0.000000	-0.000000	-0.000000	-0.000000	0.000034	0.000000	0.000000	0.000000	34.104401	-33.894100	-33.996399	114.598999	-14.377500	139.897995	0.000000	0.000000	0.000000	0.000000	0.000000	0.000000	-9.924370	-52.017399	79.602600	-104.954002	-5.859260	-168.375000	-0.000000	0.000000	-0.000001	-0.124960	1.046830	0.002282	0.000000	0.000000	-0.000000
-0.265241	-1.422100	-12.324801	-1.019760	12.515200	0.221051	2.877260	-15.441600	0.501183	-0.000000	0.000000	0.000000	0.227291	12.892300	-0.050666	2.461430	-16.346500	0.755619	0.000000	-0.000000	-0.000000	-0.000017	0.000076	-0.000056	0.000000	0.000000	0.000000	26.727800	-38.276901	-46.450298	117.619003	-23.263700	133.914001	0.000000	0.000000	-0.000000	0.000000	0.000000	0.000000	7.868780	-55.814098	99.949097	-100.570999	-11.414400	-145.179993	0.000000	-0.000001	0.000001	-0.423108	0.380719	0.002811	0.000000	0.000000	0.000002
0.540319	-1.724710	-11.333302	-1.690700	12.820200	0.375264	2.590530	-15.708500	0.255051	0.000000	-0.000000	-0.000000	-0.754702	13.644600	0.178049	2.743690	-17.250900	0.596379	0.000000	-0.000000	-0.000000	0.000000	0.000000	-0.000008	0.000000	0.000000	0.000000	12.058600	-43.823601	-70.683296	113.501999	-22.756399	129.598999	-0.000001	0.000000	-0.000001	0.000000	0.000000	0.000000	20.629299	-55.304100	113.942001	-94.900703	-15.177300	-122.443001	-0.000001	-0.000001	-0.000000	-0.477558	0.022111	0.000185	-0.000000	0.000000	-0.000000
0.088170	-2.731739	-9.480989	-2.019420	14.517300	0.506418	3.244190	-16.028099	0.356024	-0.000000	0.000000	0.000000	-0.834085	15.333200	0.220581	3.160710	-16.589100	0.673081	0.000000	-0.000000	0.000000	-0.000006	0.000038	-0.000104	0.000000	0.000000	0.000000	1.227830	-44.923302	-87.511002	107.505997	-24.606100	118.016998	-0.000000	0.000000	0.000001	0.000000	0.000000	0.000000	22.795601	-50.238602	117.265999	-94.464798	-19.422800	-114.623001	0.000000	0.000001	-0.000000	-0.128464	-1.375430	-0.003084	-0.000000	0.000000	-0.000000
0.275553	-3.174500	-11.117500	-2.255590	15.640300	0.608440	2.751310	-16.705200	0.166516	0.000000	-0.000000	-0.000000	-1.668200	16.775200	0.481643	4.076030	-18.095400	0.770361	0.000000	0.000000	0.000000	-0.000008	0.000038	-0.000009	0.000000	0.000000	0.000000	-0.078331	-40.613701	-89.799301	107.753998	-30.351500	114.788002	0.000000	-0.000000	-0.000001	0.000000	0.000000	0.000000	10.276400	-42.062901	104.677002	-101.419998	-33.805302	-116.457001	0.000000	0.000001	-0.000001	-0.136794	-1.837400	-0.004388	-0.000000	0.000000	-0.000001
0.137989	-3.521199	-12.578997	-2.985160	17.132200	0.880094	3.724340	-17.937599	0.268493	0.000000	-0.000000	-0.000000	-1.747490	17.593700	0.528363	3.664510	-18.759399	0.643025	-0.000000	-0.000000	0.000000	-0.000000	0.000000	0.000047	0.000000	0.000000	0.000000	2.663760	-32.722500	-84.087997	115.285004	-35.247002	123.593002	-0.000000	0.000001	-0.000001	0.000000	0.000000	0.000000	3.903970	-35.768799	97.274200	-106.598999	-42.531200	-118.898003	0.000001	-0.000000	-0.000001	-0.146457	-2.352770	-0.006014	-0.000000	0.000000	-0.000001
0.076869	-2.414011	-13.149100	-2.281700	14.893100	0.586734	3.243370	-15.694300	0.280900	0.000000	-0.000000	-0.000000	-1.359530	15.785600	0.369918	3.579120	-17.826099	0.695499	-0.000000	-0.000000	-0.000000	-0.000000	-0.000000	0.000034	0.000000	0.000000	0.000000	4.322280	-31.184700	-80.126701	118.912003	-38.673599	126.273003	0.000001	-0.000000	-0.000001	0.000000	0.000000	0.000000	3.360120	-35.671101	96.580002	-108.876999	-45.184101	-120.504997	0.000003	-0.000000	-0.000000	0.136472	-2.179800	0.005189	0.000000	-0.000000	0.000000
-0.441488	-3.525192	-12.477502	-1.767890	16.965099	0.516009	3.345980	-17.731800	0.504182	-0.000000	-0.000000	-0.000000	-0.705720	17.390900	0.210951	3.254860	-18.546600	0.821572	0.000000	-0.000000	-0.000000	0.000000	-0.000000	0.000024	0.000000	0.000000	0.000000	4.861000	-28.734900	-77.688499	120.893997	-40.674801	127.494003	-0.000001	0.000000	0.000001	0.000000	0.000000	0.000000	1.694030	-33.670399	94.167000	-109.896004	-46.452599	-121.167000	-0.000001	-0.000000	-0.000000	-0.049448	-2.252380	-0.001946	0.000000	-0.000000	0.000000
-0.526674	-2.872900	-13.414900	-1.501110	16.353399	0.422720	3.618230	-17.776899	0.665196	-0.000000	-0.000000	-0.000000	-0.303749	16.767900	0.087606	3.129350	-18.843700	0.917457	-0.000000	0.000000	0.000000	0.000000	-0.000000	-0.000123	0.000000	0.000000	0.000000	5.664530	-30.770201	-77.020302	120.372002	-37.333000	128.684998	0.000001	-0.000000	-0.000001	0.000000	0.000000	0.000000	4.392920	-32.725800	98.681801	-110.267998	-40.834301	-124.096001	-0.000001	-0.000001	0.000001	-0.078602	-1.717400	-0.002357	-0.000000	0.000000	-0.000002
-0.407582	-2.098161	-12.758705	-0.593966	15.444900	0.158197	2.579220	-17.643999	0.608449	-0.000000	0.000000	-0.000000	1.194590	15.003700	-0.309289	0.813479	-16.973499	0.574520	0.000000	-0.000000	-0.000000	-0.000009	0.000038	-0.000130	0.000000	0.000000	0.000000	3.322680	-39.495998	-84.074699	112.331001	-28.122999	124.016998	-0.000000	0.000000	0.000000	0.000000	0.000000	0.000000	13.793500	-40.864101	109.778999	-102.112999	-29.956200	-119.791000	0.000000	-0.000000	-0.000000	-0.270498	-1.300750	-0.006142	0.000000	-0.000000	0.000001
0.701687	-2.224070	-8.909485	-0.676674	15.212800	0.177540	1.639370	-18.170000	0.307614	-0.000000	0.000000	-0.000000	0.964764	15.139100	-0.252014	0.263449	-17.776699	0.364793	0.000000	0.000000	-0.000000	0.000006	-0.000038	-0.000012	0.000000	0.000000	0.000000	4.179230	-42.565701	-82.420197	113.664001	-23.493900	129.794006	0.000000	0.000001	-0.000000	0.000000	0.000000	0.000000	11.996400	-46.109402	105.702003	-102.820999	-22.840300	-127.932999	-0.000001	-0.000001	0.000001	-0.064100	-0.603101	-0.000676	-0.000000	-0.000000	0.000001
1.573400	-2.139820	-6.812660	-3.188410	13.212100	0.729448	3.550390	-16.272600	0.125101	-0.000000	0.000000	-0.000000	-1.609120	15.278500	0.424126	2.381370	-17.947701	0.255510	-0.000000	0.000000	-0.000000	-0.000000	-0.000000	-0.000033	0.000000	0.000000	0.000000	9.982690	-41.980301	-72.456596	115.053001	-17.862499	137.757004	0.000001	0.000000	0.000000	0.000000	0.000000	0.000000	1.857460	-49.099400	92.696602	-106.417000	-17.469400	-142.106995	-0.000000	-0.000000	-0.000000	0.168142	0.342524	-0.001005	0.000000	-0.000000	0.000000
0.814308	-1.754790	-10.241398	-3.164350	12.843500	0.704083	4.352640	-16.889000	0.368292	-0.000000	0.000000	0.000001	-1.764770	13.408100	0.409350	3.528580	-16.083700	0.502126	0.000000	-0.000000	-0.000001	-0.000007	0.000038	-0.000063	0.000000	0.000000	0.000000	24.485100	-33.794701	-45.169498	117.144997	-16.195200	141.332993	0.000000	0.000000	-0.000000	0.000000	0.000000	0.000000	-10.689000	-49.037300	77.996696	-108.400002	-9.862480	-161.080002	0.000001	-0.000001	-0.000001	0.274896	0.804712	-0.003861	-0.000000	-0.000000	-0.000000
0.335068	-1.877880	-10.690600	-2.135300	12.809700	0.473643	3.782690	-15.471900	0.453766	-0.000000	0.000000	0.000000	-0.444466	13.492400	0.103711	2.371320	-16.143801	0.539352	0.000000	0.000000	0.000000	0.000007	-0.000038	-0.000016	0.000000	0.000000	0.000000	34.106499	-24.556601	-24.037001	108.789001	-14.349700	130.641998	0.000000	-0.000000	0.000000	0.000000	0.000000	0.000000	-26.006599	-40.646198	57.505100	-109.725998	-0.941426	174.591995	-0.000000	0.000000	0.000000	0.121680	0.775889	-0.001647	0.000000	0.000000	-0.000000
0.724224	-1.550290	-11.268199	-2.842750	12.859200	0.633172	4.163830	-16.153999	0.387463	-0.000000	0.000000	0.000001	-1.296320	13.081000	0.293447	3.253190	-16.046700	0.550418	0.000000	-0.000000	0.000000	-0.000000	-0.000000	0.000049	0.000000	0.000000	0.000000	38.003101	-13.880400	-8.352190	97.146004	-12.402100	107.461998	-0.000001	0.000001	-0.000000	0.000000	0.000000	0.000000	-34.096699	-26.851400	40.672001	-107.737999	2.983740	159.757996	-0.000000	-0.000000	-0.000001	0.261361	1.210380	-0.005520	0.000000	0.000000	-0.000001
0.056602	-1.643720	-13.237200	-1.752490	13.514900	0.409722	3.463300	-16.136200	0.489096	-0.000000	0.000000	-0.000000	-0.535025	13.291100	0.123050	3.200040	-15.710100	0.725972	0.000000	0.000000	-0.000000	-0.000000	0.000000	0.000049	0.000000	0.000000	0.000000	41.405701	-1.214180	7.278760	83.961700	-15.626200	72.825401	0.000000	-0.000001	-0.000000	0.000000	0.000000	0.000000	-33.067799	-19.582199	35.822498	-104.601997	9.836120	138.186005	0.000000	0.000001	-0.000001	0.216339	1.412280	-0.005332	-0.000000	0.000000	0.000001
-0.147683	-1.440591	-14.284906	-1.482700	13.894700	0.356176	3.578160	-16.574200	0.610379	0.000000	0.000000	-0.000000	0.040632	13.134100	-0.009185	2.615350	-15.727000	0.720097	-0.000000	0.000000	0.000000	-0.000010	0.000038	-0.000079	0.000000	0.000000	0.000000	41.558800	7.942510	17.047300	73.194603	-14.618200	49.719601	-0.000000	-0.000000	-0.000001	0.000000	0.000000	0.000000	-32.500801	-12.697800	29.097799	-102.382004	11.340800	128.923996	-0.000000	0.000000	0.000001	0.194123	1.599320	-0.005417	0.000000	-0.000000	0.000001
0.026881	-0.807160	-15.321200	-1.351710	13.393100	0.313162	3.398170	-16.357401	0.586920	0.000000	-0.000000	0.000000	0.204704	11.824900	-0.041940	2.546830	-14.270300	0.677648	0.000000	-0.000000	-0.000000	0.000010	-0.000038	0.000106	0.000000	0.000000	0.000000	40.554100	13.890600	23.434299	64.842300	-18.322800	42.171200	0.000000	-0.000000	0.000001	0.000000	0.000000	0.000000	-29.979401	-7.708020	24.674200	-103.010002	8.411020	133.820999	0.000000	0.000000	-0.000000	0.283809	1.986870	-0.009839	0.000000	0.000000	-0.000002
0.341899	-0.368837	-15.975900	-1.577760	12.409800	0.339157	3.071720	-15.315900	0.404433	0.000000	-0.000000	-0.000001	-0.265950	11.034300	0.050912	3.109140	-14.524300	0.714821	-0.000000	-0.000000	0.000000	0.000011	-0.000037	0.000073	0.000000	0.000000	0.000000	40.098801	16.815901	26.441299	61.655899	-18.648500	38.805901	0.000000	0.000000	0.000000	0.000000	0.000000	0.000000	-32.869999	-8.488110	23.588200	-99.850700	11.086000	121.504997	0.000000	-0.000002	0.000000	-0.269724	2.095970	0.009866	0.000000	-0.000000	-0.000001
0.201884	-1.155090	-15.356801	-1.632820	13.445200	0.379799	3.229770	-15.835300	0.448088	-0.000000	0.000000	-0.000001	-0.260872	12.072900	0.054609	2.890730	-14.862300	0.676468	0.000000	-0.000000	0.000001	-0.000020	0.000035	0.000016	0.000000	0.000000	0.000000	35.845798	14.667000	27.476999	69.850899	-22.056101	52.932999	0.000001	-0.000001	0.000001	0.000000	0.000000	0.000000	-31.997999	-9.831870	25.999201	-101.263000	11.182100	125.558998	0.000000	-0.000000	0.000001	-0.526279	2.073070	0.019041	-0.000000	-0.000000	0.000002
-0.096144	-2.146518	-14.648600	-1.601950	14.755100	0.408106	3.534980	-16.178400	0.553518	-0.000000	0.000000	0.000000	-0.060232	13.662200	0.014237	2.668800	-15.210000	0.685252	-0.000000	-0.000000	-0.000000	0.000000	0.000000	0.000012	0.000000	0.000000	0.000000	35.704498	9.865440	22.257299	77.195801	-19.721399	62.788799	-0.000000	-0.000001	-0.000001	0.000000	0.000000	0.000000	-31.290501	-13.062500	30.644199	-102.375000	10.554100	130.501007	0.000001	-0.000001	-0.000000	-0.416931	1.695350	0.012336	-0.000000	0.000000	-0.000003
-0.025931	-1.852271	-14.101699	-1.413520	14.311100	0.349443	3.408150	-15.823200	0.556040	-0.000000	-0.000000	0.000000	0.171667	13.510900	-0.040135	2.426710	-15.322700	0.685799	-0.000000	0.000000	-0.000000	0.000000	-0.000000	-0.000143	0.000000	0.000000	0.000000	37.294800	3.190410	13.431000	84.978699	-15.175000	75.897003	-0.000001	0.000002	0.000000	0.000000	0.000000	0.000000	-32.814800	-18.452400	35.056801	-104.042999	9.022410	138.207001	-0.000000	0.000000	0.000001	-0.601976	1.731270	0.018189	0.000000	0.000000	0.000000
0.000418	-1.623420	-12.309300	-1.202000	12.995100	0.270336	3.291410	-14.849200	0.543579	-0.000000	-0.000000	-0.000000	0.419890	12.594800	-0.091554	2.474430	-14.394300	0.717560	-0.000000	-0.000000	-0.000000	-0.000008	0.000038	-0.000085	0.000000	0.000000	0.000000	38.988998	-7.256600	0.145214	92.635399	-8.467530	96.799103	0.000000	-0.000000	0.000000	0.000000	0.000000	0.000000	-32.272701	-24.183901	40.608101	-105.988998	7.239000	147.272003	0.000001	0.000000	-0.000000	-0.105692	1.430860	0.002638	-0.000000	-0.000000	0.000001
0.498727	-0.815605	-11.189500	-1.573640	11.698300	0.319190	3.167020	-14.956700	0.419771	0.000000	-0.000000	-0.000000	0.117707	11.833300	-0.024094	1.968410	-14.834400	0.533677	0.000000	0.000000	-0.000000	-0.000000	0.000000	0.000030	0.000000	0.000000	0.000000	39.703400	-18.311600	-12.760000	98.444397	-3.551850	125.888000	-0.000002	-0.000001	0.000001	0.000000	0.000000	0.000000	-31.972401	-31.072100	45.797401	-107.262001	3.589590	159.250000	-0.000001	-0.000000	0.000002	-0.220110	1.601840	0.006154	-0.000000	0.000000	0.000001
0.565630	-0.899375	-10.897794	-2.129340	10.927000	0.403859	3.803060	-14.194000	0.419987	-0.000000	0.000000	0.000000	-0.614014	11.853700	0.126179	2.849100	-15.353900	0.595553	0.000000	0.000000	-0.000000	-0.000000	0.000000	0.000073	0.000000	0.000000	0.000000	36.928799	-28.815300	-26.090900	103.014000	-2.301470	144.737000	-0.000001	-0.000001	-0.000001	0.000000	0.000000	0.000000	-27.389799	-36.428001	53.981701	-110.504997	-1.574030	175.203003	-0.000001	0.000001	-0.000002	0.097620	1.564710	-0.002664	0.000000	0.000000	-0.000000
0.867572	-1.354150	-10.978897	-2.789950	11.448300	0.554184	4.039320	-14.460300	0.325897	-0.000000	0.000000	0.000000	-1.304090	12.726600	0.287345	3.093750	-16.551701	0.519120	0.000000	0.000000	0.000000	0.000000	-0.000000	-0.000002	0.000000	0.000000	0.000000	30.134501	-35.514999	-39.690201	108.293999	-7.454280	142.501999	-0.000001	-0.000000	0.000000	0.000000	0.000000	0.000000	-19.927601	-44.646801	66.096901	-107.670998	-5.846580	-171.783997	0.000000	0.000000	-0.000001	0.129972	1.594580	-0.003618	0.000000	0.000000	-0.000000
0.371003	-1.456109	-12.318200	-2.257730	11.950900	0.467716	4.088640	-14.838900	0.481590	-0.000000	0.000000	0.000000	-0.623440	12.315800	0.132953	2.849370	-15.283600	0.590798	-0.000000	-0.000000	-0.000000	-0.000000	0.000000	0.000004	0.000000	0.000000	0.000000	23.926300	-35.404598	-47.733799	113.746002	-20.097200	131.953003	-0.000000	0.000000	-0.000000	0.000000	0.000000	0.000000	-7.445900	-48.374599	82.094704	-107.336998	-9.936340	-159.776001	-0.000000	0.000000	0.000001	-0.112051	1.380210	0.002699	-0.000000	-0.000000	-0.000001
-0.319861	-1.592150	-11.596900	-0.559218	12.618600	0.122221	2.922720	-15.115800	0.620178	-0.000000	0.000000	0.000000	0.779833	13.152100	-0.177401	2.432930	-16.026600	0.882180	-0.000000	0.000000	-0.000000	0.000000	-0.000000	-0.000046	0.000000	0.000000	0.000000	14.934500	-40.445099	-64.729897	113.364998	-23.560200	128.399994	-0.000001	-0.000001	0.000000	0.000000	0.000000	0.000000	5.917970	-48.958199	98.271896	-106.127998	-12.497200	-150.722000	-0.000000	0.000000	0.000001	-0.231550	0.686156	0.002774	-0.000000	-0.000000	-0.000000
0.341095	-2.066510	-7.777888	0.242167	13.310400	-0.055707	1.321980	-15.518000	0.416824	-0.000000	0.000000	0.000000	1.807450	14.145300	-0.441798	0.434005	-16.735800	0.629936	0.000000	-0.000000	-0.000000	0.000000	-0.000000	0.000080	0.000000	0.000000	0.000000	-2.054610	-45.148701	-92.410797	106.599998	-18.681299	122.792999	0.000000	-0.000000	-0.000001	0.000000	0.000000	0.000000	8.816370	-45.692001	101.712997	-105.462997	-15.851400	-142.139999	-0.000000	0.000001	0.000001	-0.447261	0.217460	0.001699	0.000000	0.000000	0.000000
0.719066	-2.337630	-8.156674	-2.400510	12.934400	0.537667	3.414510	-14.455200	0.268354	0.000000	0.000000	-0.000000	-1.075370	15.731700	0.291646	2.986010	-17.815599	0.597102	0.000000	0.000000	0.000000	-0.000006	0.000039	-0.000009	0.000000	0.000000	0.000000	-8.425470	-42.044601	-103.196999	106.109001	-16.313801	126.860001	0.000001	0.000001	0.000001	0.000000	0.000000	0.000000	13.987200	-42.265900	108.963997	-104.210999	-17.723200	-136.026001	-0.000000	-0.000001	0.000001	-0.211169	-0.795788	-0.002933	-0.000000	-0.000000	-0.000000
0.779470	-2.223850	-9.842260	-3.274590	12.866500	0.729910	4.212920	-13.968200	0.246381	0.000000	0.000000	-0.000000	-1.878010	15.350100	0.497273	3.725210	-17.596600	0.578877	0.000000	-0.000000	-0.000000	0.000000	-0.000000	-0.000072	0.000000	0.000000	0.000000	-8.968890	-40.785801	-104.779999	105.428001	-17.871901	123.455002	0.000001	-0.000000	-0.000000	0.000000	0.000000	0.000000	14.833800	-40.220798	110.863998	-102.119003	-19.756800	-129.302002	0.000000	-0.000001	-0.000001	-0.393197	-0.795482	-0.005458	0.000000	0.000000	0.000001
0.425558	-2.511650	-9.566210	-2.615700	14.063500	0.635989	3.717410	-15.616200	0.317720	0.000000	-0.000000	-0.000000	-1.355800	15.941200	0.372405	3.567650	-18.279499	0.710432	-0.000000	-0.000000	0.000000	0.000000	-0.000000	-0.000025	0.000000	0.000000	0.000000	-12.832000	-39.854900	-111.503998	103.446999	-13.918400	126.135002	-0.000000	0.000001	0.000000	0.000000	0.000000	0.000000	15.004900	-38.065800	111.777000	-101.384003	-18.845900	-128.710999	0.000001	-0.000001	-0.000000	-0.371828	-1.036830	-0.006728	-0.000000	-0.000000	-0.000001
