1.135700	0.713482	-13.328100	-4.582410	7.005880	0.560097	6.908090	-7.288330	0.299561	-0.000000	0.000000	0.000000	-1.955880	8.997060	0.305980	4.620310	-11.950100	0.557077	-0.000000	-0.000000	0.000000	0.000000	0.000000	0.000010	0.000000	0.000000	0.000000	36.728901	7.763500	19.007099	83.578903	-16.658701	74.459396	0.000000	0.000000	0.000000	0.000000	0.000000	0.000000	-32.610401	-12.710100	28.759199	-103.175003	20.471800	119.277000	-0.000001	0.000001	0.000000	-0.014754	1.502400	0.000385	-0.000000	-0.000000	0.000000
0.995329	1.305470	-13.604198	-3.878730	6.255450	0.423267	6.203730	-7.042540	0.288057	0.000000	-0.000000	-0.000000	-1.092650	8.426370	0.160129	3.743760	-12.010300	0.554504	-0.000000	-0.000000	-0.000000	-0.000000	-0.000000	0.000010	0.000000	0.000000	0.000000	35.782799	7.722110	19.505800	83.947998	-15.585700	74.757401	0.000000	0.000001	0.000000	0.000000	0.000000	0.000000	-30.183800	-12.838000	31.157200	-105.087997	21.305700	121.969002	-0.000000	0.000000	-0.000000	-0.133233	1.732650	0.004030	0.000000	0.000000	-0.000000
0.530837	1.176360	-12.654600	-3.115960	7.167010	0.389129	5.717690	-7.896240	0.361022	0.000000	0.000000	-0.000000	-0.573275	8.549700	0.085227	3.956910	-11.621300	0.683663	0.000000	0.000000	0.000000	0.000000	0.000000	-0.000011	0.000000	0.000000	0.000000	36.452999	4.566800	15.243100	89.100998	-14.388600	88.089302	-0.000000	0.000003	0.000000	0.000000	0.000000	0.000000	-30.197701	-13.892200	32.370899	-106.198997	20.525101	124.925003	-0.000000	-0.000001	-0.000000	0.025978	1.281490	-0.000580	-0.000000	-0.000000	-0.000001
0.543979	1.138440	-12.061097	-2.529050	7.338110	0.323225	4.471190	-8.181730	0.279451	0.000000	0.000000	-0.000000	-0.540415	9.109240	0.085556	4.098350	-12.427800	0.768119	-0.000000	0.000000	-0.000000	-0.000000	-0.000000	-0.000004	0.000000	0.000000	0.000000	37.945599	-1.587190	7.014940	96.418198	-10.276200	111.455002	-0.000000	-0.000000	0.000000	0.000000	0.000000	0.000000	-32.085499	-18.530800	35.574100	-108.658997	19.581400	130.692001	0.000000	-0.000000	0.000001	0.180459	1.276070	-0.004017	-0.000000	-0.000000	-0.000000
0.657823	2.268630	-11.519300	-2.513380	6.253410	0.273945	5.008030	-8.852090	0.386433	-0.000000	0.000000	0.000000	-0.636926	7.781780	0.086242	4.793890	-12.731000	0.918922	-0.000000	-0.000000	-0.000000	0.000005	0.000001	0.000044	0.000000	0.000000	0.000000	39.486801	-11.214000	-4.897210	103.304001	-4.061670	142.042007	0.000001	0.000000	-0.000000	0.000000	0.000000	0.000000	-33.517399	-25.330601	40.121498	-111.067001	18.908199	136.126999	0.000000	-0.000000	-0.000001	-0.164157	1.541450	0.004415	-0.000000	-0.000000	0.000000
0.123650	1.924270	-11.348302	-2.072520	7.077890	0.255478	5.287250	-10.159300	0.570410	-0.000000	-0.000000	-0.000000	0.235813	8.064500	-0.033087	4.077330	-12.533200	0.937163	-0.000000	-0.000000	-0.000000	-0.000005	-0.000001	0.000026	0.000000	0.000000	0.000000	38.745499	-21.333599	-17.174700	111.132004	-2.138200	159.251007	0.000000	-0.000001	-0.000001	0.000000	0.000000	0.000000	-31.714001	-34.518799	48.228802	-112.754997	15.288800	144.716995	0.000000	0.000000	-0.000001	-0.065106	1.283470	0.001458	-0.000000	-0.000000	0.000001
-0.144893	1.718190	-12.217898	-1.664340	6.716840	0.194720	5.025140	-8.856230	0.519761	0.000000	-0.000000	0.000000	0.420784	8.546880	-0.062539	4.207740	-13.043100	1.045690	0.000000	-0.000000	0.000000	0.000005	0.000001	0.000008	0.000000	0.000000	0.000000	37.779900	-30.973400	-27.977600	114.860001	-4.862280	157.626007	0.000001	0.000001	0.000001	0.000000	0.000000	0.000000	-26.599100	-44.053799	58.480400	-111.853996	8.801200	155.796997	-0.000001	-0.000001	0.000000	-0.218551	1.009890	0.003853	0.000000	0.000000	-0.000001
-0.853706	1.482420	-14.013504	-1.128110	7.603120	0.149277	4.995910	-9.273230	0.625800	0.000000	-0.000000	-0.000000	1.200050	9.058930	-0.188977	3.743550	-13.312600	1.137550	-0.000000	-0.000000	-0.000000	-0.000000	-0.000000	0.000008	0.000000	0.000000	0.000000	32.470600	-36.484600	-38.699600	118.630997	-11.683100	150.257996	-0.000000	0.000001	0.000002	0.000000	0.000000	0.000000	-10.633600	-50.616199	78.971802	-111.527000	1.906790	171.542999	0.000001	-0.000000	-0.000000	-0.288654	1.013170	0.005105	-0.000000	-0.000000	-0.000001
-1.255560	1.112620	-12.487899	0.581280	8.909890	-0.090032	3.378420	-10.361100	0.711990	-0.000000	0.000000	0.000000	2.747960	9.808820	-0.468497	2.357070	-13.654700	1.198610	0.000000	-0.000000	0.000000	-0.000000	0.000000	0.000033	0.000000	0.000000	0.000000	19.065701	-43.797699	-61.102798	117.399002	-16.776300	143.022995	-0.000000	-0.000000	0.000000	0.000000	0.000000	0.000000	3.902370	-49.643799	96.193298	-112.047997	-6.142500	-169.427994	0.000001	-0.000001	-0.000001	-0.001707	0.426105	0.000013	-0.000000	-0.000000	0.000001
-1.198840	0.666638	-12.329604	0.756855	8.420980	-0.110845	2.815190	-7.836680	0.486552	-0.000000	-0.000000	-0.000001	2.899680	10.830800	-0.545327	1.897620	-14.302600	1.174890	-0.000000	-0.000000	0.000000	-0.000000	0.000000	0.000020	0.000000	0.000000	0.000000	4.794660	-48.651100	-83.340599	110.280998	-17.219700	133.171005	0.000001	0.000001	-0.000001	0.000000	0.000000	0.000000	18.801701	-49.797199	113.628998	-105.389000	-11.203200	-150.925003	0.000000	-0.000000	-0.000001	-0.145442	-0.558790	-0.001418	0.000000	-0.000000	-0.000001
-1.253130	-0.056195	-10.409700	1.176790	11.159700	-0.227796	1.703300	-11.389800	0.564826	-0.000000	0.000000	0.000001	2.697500	13.051100	-0.609582	2.212540	-15.985400	1.335930	-0.000000	0.000000	-0.000000	-0.000005	-0.000001	-0.000001	0.000000	0.000000	0.000000	-4.190790	-46.342098	-96.395203	107.899002	-24.164900	120.738998	0.000000	0.000001	-0.000001	0.000000	0.000000	0.000000	20.659000	-44.324699	117.116997	-103.903999	-15.554000	-138.895996	0.000000	-0.000000	0.000001	-0.067102	-1.402010	-0.001644	-0.000000	-0.000000	-0.000000
-1.008520	0.793926	-10.314102	0.488761	10.669900	-0.090499	2.682660	-12.511100	0.685854	0.000000	-0.000000	0.000000	1.982980	12.153100	-0.417628	3.160650	-15.528200	1.368470	-0.000000	-0.000000	-0.000000	0.000005	0.000001	0.000000	0.000000	0.000000	0.000000	2.234960	-38.785999	-85.952698	115.792999	-36.886799	123.499001	0.000001	0.000000	-0.000001	0.000000	0.000000	0.000000	10.231900	-34.954899	106.819000	-112.407997	-23.537500	-139.906998	-0.000000	-0.000001	0.000000	-0.063452	-1.311290	-0.001452	-0.000000	0.000000	0.000001
-0.994494	0.884783	-10.702102	0.115663	10.186600	-0.020459	3.228370	-11.953300	0.692973	-0.000000	0.000000	0.000000	1.944470	11.837100	-0.399020	2.974060	-15.472100	1.304010	0.000000	-0.000000	0.000000	-0.000000	-0.000000	0.000005	0.000000	0.000000	0.000000	4.141610	-35.689098	-81.905403	119.753998	-40.017799	126.792999	0.000000	0.000001	-0.000001	0.000000	0.000000	0.000000	5.192300	-30.785299	100.328003	-117.186996	-27.101601	-142.026001	0.000001	-0.000001	-0.000000	0.103511	-1.368380	0.002472	-0.000000	-0.000000	-0.000000
-0.628260	0.722065	-7.962730	0.384812	10.213600	-0.068236	2.363610	-11.527100	0.548405	0.000000	-0.000000	-0.000000	2.262710	12.273000	-0.481222	2.035420	-16.196899	1.186490	-0.000000	0.000000	0.000000	-0.000000	0.000000	-0.000038	0.000000	0.000000	0.000000	0.538631	-40.325199	-88.653198	113.750999	-34.382301	122.106003	0.000000	-0.000001	0.000001	0.000000	0.000000	0.000000	7.043780	-36.479801	101.443001	-113.480003	-21.913099	-143.440002	0.000001	-0.000000	-0.000000	0.060041	-1.469630	0.001540	0.000000	-0.000000	-0.000000
0.303214	0.512723	-11.764200	-2.851600	9.878470	0.489605	4.753380	-10.822100	0.365163	-0.000000	0.000000	0.000001	-1.046750	13.251400	0.239962	4.559960	-17.225700	1.049870	0.000000	-0.000000	0.000000	0.000000	-0.000000	-0.000040	0.000000	0.000000	0.000000	4.664190	-43.299301	-82.640701	113.726997	-27.058201	127.427002	0.000000	-0.000001	0.000001	0.000000	0.000000	0.000000	11.722700	-49.263100	105.446999	-107.872002	-17.976999	-142.973999	-0.000000	-0.000001	0.000000	-0.307600	-0.783923	-0.004209	-0.000000	-0.000000	-0.000000
-0.344226	0.822216	-13.190595	-1.696960	8.986450	0.265142	4.328860	-9.887600	0.455835	0.000000	0.000000	0.000000	0.018838	11.194800	-0.003658	4.375640	-15.044300	1.142660	-0.000000	0.000000	-0.000000	-0.000000	-0.000000	0.000035	0.000000	0.000000	0.000000	17.315201	-45.120998	-64.311897	116.197998	-22.696899	134.222000	0.000000	0.000000	-0.000001	0.000000	0.000000	0.000000	3.720920	-53.030800	95.807899	-109.467003	-10.775500	-158.889999	-0.000001	0.000002	0.000002	-0.100305	0.370264	0.000649	-0.000000	0.000000	-0.000000
-0.362094	0.838074	-13.540100	-1.345620	8.697800	0.203523	4.096830	-9.230480	0.444132	0.000000	-0.000000	0.000000	0.717525	9.974400	-0.124290	3.595890	-13.209500	0.984953	0.000000	-0.000000	-0.000000	0.000005	0.000001	-0.000044	0.000000	0.000000	0.000000	31.356701	-39.307800	-42.208900	117.292000	-18.879299	138.815002	-0.000000	-0.000001	0.000001	0.000000	0.000000	0.000000	-15.362500	-50.905998	73.422401	-112.579002	-5.845680	-173.276993	0.000001	-0.000001	-0.000001	-0.041578	1.094970	0.000794	-0.000000	0.000000	0.000001
0.097620	0.269847	-13.203305	-2.267440	9.756700	0.384446	4.916940	-10.705400	0.498620	-0.000000	0.000000	-0.000000	-0.075637	10.198200	0.013390	3.957860	-12.749400	0.858276	-0.000000	-0.000000	-0.000000	-0.000000	-0.000000	-0.000033	0.000000	0.000000	0.000000	38.929901	-26.993999	-23.241899	112.059998	-11.820300	140.595001	-0.000000	-0.000000	0.000000	0.000000	0.000000	0.000000	-29.654200	-39.423000	53.210701	-114.662003	3.738970	165.483002	-0.000000	-0.000000	-0.000000	-0.117210	1.123400	0.002298	-0.000000	0.000000	0.000001
0.667422	-0.144718	-13.576097	-3.825520	10.330500	0.687001	5.464270	-10.254800	0.302884	0.000000	0.000000	0.000000	-1.835850	10.766700	0.343067	5.054880	-12.512100	0.705118	0.000000	0.000000	0.000000	-0.000000	-0.000000	0.000044	0.000000	0.000000	0.000000	40.188000	-12.867900	-6.839840	102.472000	-9.959130	125.956001	0.000000	-0.000001	0.000000	0.000000	0.000000	0.000000	-35.499599	-28.572599	40.672199	-111.580002	10.842000	148.011993	-0.000001	-0.000001	-0.000000	0.117065	1.025820	-0.002097	-0.000000	0.000000	0.000002
0.459510	-0.066337	-13.656599	-4.238030	10.436800	0.769071	6.567490	-10.369900	0.432202	-0.000000	0.000000	0.000000	-1.338240	11.589500	0.268893	4.349450	-13.855100	0.728269	-0.000000	0.000000	0.000001	0.000005	0.000001	-0.000036	0.000000	0.000000	0.000000	39.570599	-1.783180	6.500180	93.242897	-13.506500	98.431099	-0.000000	0.000000	-0.000000	0.000000	0.000000	0.000000	-36.749001	-20.716101	33.324600	-106.009003	16.180599	130.362000	0.000000	0.000000	-0.000000	0.109146	1.077670	-0.002053	-0.000000	-0.000000	0.000001
0.700016	0.638914	-14.149703	-4.169520	9.053860	0.657254	6.334830	-9.227420	0.355739	0.000000	0.000000	0.000000	-1.736860	10.220100	0.308257	4.796470	-12.533300	0.670565	0.000000	0.000000	0.000000	-0.000005	-0.000001	-0.000020	0.000000	0.000000	0.000000	36.459301	6.729580	17.898701	88.141098	-21.567600	86.672798	-0.000001	-0.000000	-0.000000	0.000000	0.000000	0.000000	-36.321301	-15.872800	29.152300	-104.617996	17.026600	125.661003	0.000001	0.000002	0.000001	0.015472	1.450700	-0.000391	-0.000000	0.000000	-0.000002
0.626803	0.711195	-13.998999	-3.762190	8.492810	0.556397	6.277270	-7.831000	0.348544	0.000000	0.000000	-0.000000	-1.426160	9.840290	0.243779	4.905240	-11.931400	0.724475	0.000000	0.000000	-0.000000	0.000000	0.000000	-0.000023	0.000000	0.000000	0.000000	35.406601	8.963490	21.187000	85.782997	-24.225000	82.608597	0.000000	0.000003	0.000001	0.000000	0.000000	0.000000	-35.196400	-14.036100	28.126400	-105.019997	17.033701	126.055000	0.000000	-0.000000	0.000000	0.110176	1.507780	-0.002899	-0.000000	-0.000000	-0.000000
0.311031	0.671373	-13.424699	-3.585600	8.829460	0.551065	6.449790	-8.225950	0.416240	-0.000000	0.000000	0.000000	-1.086130	10.245200	0.193197	4.852350	-12.231700	0.802721	0.000000	-0.000000	-0.000000	-0.000005	-0.000001	0.000022	0.000000	0.000000	0.000000	36.398499	7.026860	18.271299	87.012299	-21.331100	84.268600	0.000000	0.000002	0.000000	0.000000	0.000000	0.000000	-33.839901	-14.234100	29.439899	-106.455002	16.055201	129.988998	0.000000	0.000000	-0.000000	0.257077	1.448230	-0.006496	0.000000	-0.000000	0.000000
0.368336	1.158070	-13.151702	-3.285680	7.796080	0.446170	6.078600	-7.793590	0.383165	-0.000000	0.000000	0.000000	-0.376624	9.888340	0.064673	3.532520	-12.824800	0.702444	0.000000	-0.000000	-0.000000	-0.000000	-0.000000	0.000007	0.000000	0.000000	0.000000	37.217602	3.063890	13.045500	92.623802	-18.869301	96.579803	0.000000	0.000000	0.000000	0.000000	0.000000	0.000000	-34.573101	-18.806999	33.509399	-107.713997	17.433901	131.334000	0.000001	0.000000	0.000001	0.232907	1.708880	-0.006945	-0.000000	0.000000	-0.000000
0.244343	1.246370	-12.297500	-2.942340	7.596030	0.389277	5.913130	-7.877890	0.411095	0.000000	0.000000	-0.000000	-0.281869	9.500290	0.046524	3.786520	-12.616300	0.767251	-0.000000	0.000000	0.000000	0.000005	0.000001	0.000037	0.000000	0.000000	0.000000	38.514301	-3.431640	4.596800	99.392700	-15.109800	113.907997	0.000000	-0.000001	-0.000001	0.000000	0.000000	0.000000	-35.558998	-24.330799	37.344700	-110.262001	17.827000	135.858994	0.000000	-0.000001	0.000001	0.076215	1.644870	-0.002188	0.000000	0.000000	-0.000001
0.720392	1.482010	-11.761902	-3.747820	7.396170	0.483129	6.596940	-9.035900	0.452744	-0.000000	-0.000000	-0.000000	-0.486576	8.902830	0.075299	3.076150	-12.300100	0.553279	0.000000	-0.000000	-0.000000	0.000000	-0.000000	-0.000006	0.000000	0.000000	0.000000	39.803501	-11.788400	-5.543960	104.253998	-11.830500	127.603996	-0.000000	-0.000000	-0.000000	0.000000	0.000000	0.000000	-34.667400	-29.527599	42.001801	-112.706001	13.832700	145.358002	0.000000	-0.000001	-0.000001	-0.124907	1.601830	0.003491	0.000000	0.000000	-0.000001
0.622653	1.845070	-11.617900	-3.684020	6.734500	0.432608	6.451310	-8.862200	0.430582	0.000000	0.000000	0.000000	-0.963366	8.551050	0.143256	4.095940	-12.626500	0.687768	-0.000000	0.000000	-0.000000	-0.000000	0.000000	0.000025	0.000000	0.000000	0.000000	39.821098	-20.635500	-15.717700	110.387001	-12.068000	137.781006	0.000000	-0.000000	0.000000	0.000000	0.000000	0.000000	-31.181299	-39.333302	51.305901	-113.785004	11.318000	152.341995	0.000000	-0.000001	0.000000	-0.049351	1.679790	0.001446	0.000000	0.000000	0.000000
0.726055	2.237290	-12.312201	-3.588040	5.985420	0.374626	5.955410	-8.355590	0.347064	-0.000000	0.000000	-0.000000	-1.441930	7.588550	0.190456	5.001220	-12.043500	0.746222	-0.000000	-0.000000	0.000000	-0.000005	-0.000001	-0.000000	0.000000	0.000000	0.000000	37.034500	-28.169800	-25.930799	116.349998	-16.923201	139.473007	-0.000000	-0.000001	-0.000000	0.000000	0.000000	0.000000	-22.110300	-47.782001	64.777100	-113.777000	3.470910	167.815994	-0.000000	0.000000	-0.000000	-0.183963	1.794440	0.005758	-0.000000	0.000000	0.000002
0.159354	1.533120	-13.312403	-3.036440	6.751020	0.357275	5.858290	-7.961890	0.394107	-0.000000	-0.000000	-0.000000	-1.002130	8.456400	0.147383	5.213890	-12.616100	0.923898	0.000000	-0.000000	-0.000001	0.000000	-0.000000	-0.000003	0.000000	0.000000	0.000000	29.264299	-33.322300	-39.496399	120.380997	-23.642401	137.593994	0.000000	-0.000001	-0.000001	0.000000	0.000000	0.000000	-3.078360	-53.308300	87.908401	-111.043999	-3.380640	-175.968994	-0.000001	-0.000000	0.000001	-0.144426	1.272660	0.003208	0.000000	-0.000000	-0.000001
-0.194844	0.994965	-11.748000	-1.868430	8.513860	0.276715	4.947480	-9.559520	0.515255	0.000000	-0.000000	-0.000000	0.390228	9.590640	-0.065015	3.691010	-12.845300	0.907580	-0.000000	-0.000000	0.000000	0.000005	0.000001	0.000021	0.000000	0.000000	0.000000	18.431999	-39.503700	-59.319099	117.961998	-28.627001	130.817001	-0.000001	0.000001	-0.000000	0.000000	0.000000	0.000000	15.193200	-52.931400	108.791000	-107.487999	-9.560080	-157.582001	-0.000000	0.000000	-0.000000	-0.213683	0.427674	0.001593	0.000000	-0.000000	0.000001
-0.223526	1.030990	-9.904824	-0.834961	8.886330	0.128987	3.523000	-9.996310	0.468681	-0.000000	0.000000	-0.000000	0.905550	10.837800	-0.170286	3.364390	-14.159900	1.042410	-0.000000	0.000000	0.000000	-0.000000	0.000000	0.000018	0.000000	0.000000	0.000000	4.394140	-47.285000	-83.382301	111.787003	-27.141600	123.913002	-0.000000	-0.000001	0.000001	0.000000	0.000000	0.000000	23.163500	-49.947498	118.158997	-103.570000	-15.446600	-139.052002	-0.000000	0.000000	-0.000000	-0.368541	-0.890225	-0.005725	0.000000	-0.000000	-0.000001
-0.193112	0.715208	-10.234807	-1.116930	9.190660	0.178416	3.408530	-9.579550	0.383954	0.000000	0.000000	-0.000001	0.365358	12.807000	-0.080992	4.026470	-16.774401	1.267150	-0.000000	0.000000	-0.000000	-0.000005	-0.000001	-0.000051	0.000000	0.000000	0.000000	3.096630	-42.973598	-84.910500	114.196999	-36.791401	121.015999	0.000000	-0.000000	-0.000001	0.000000	0.000000	0.000000	12.399700	-39.585400	108.356003	-109.900002	-24.099400	-136.384003	0.000000	0.000000	0.000001	-0.295664	-1.224710	-0.006319	0.000000	-0.000000	-0.000000
-0.722052	0.956315	-10.621700	-0.538505	9.459990	0.088509	3.738620	-10.045600	0.560051	0.000000	-0.000000	-0.000000	1.239860	12.106000	-0.260065	3.549540	-15.630300	1.285720	0.000000	0.000000	0.000000	0.000000	-0.000000	-0.000001	0.000000	0.000000	0.000000	5.188310	-41.078300	-81.213501	119.088997	-40.259800	125.428001	0.000000	-0.000001	0.000001	0.000000	0.000000	0.000000	7.356350	-33.976398	102.911003	-114.834999	-28.145599	-138.417999	-0.000001	-0.000001	0.000001	-0.238759	-1.472790	-0.006136	-0.000000	0.000000	0.000000
-0.631697	0.833720	-11.085901	0.037332	10.859500	-0.007035	2.906330	-12.697300	0.647418	-0.000000	0.000000	0.000000	1.967660	12.502000	-0.426109	2.500080	-15.649300	1.194780	-0.000000	0.000000	-0.000000	-0.000000	0.000000	-0.000007	0.000000	0.000000	0.000000	0.220783	-46.158901	-89.784698	113.184998	-34.656399	120.946999	0.000001	-0.000000	0.000001	0.000000	0.000000	0.000000	4.878130	-32.619900	99.488297	-117.059998	-30.453800	-139.128998	0.000001	-0.000000	-0.000001	-0.304721	-1.411210	-0.007505	0.000000	0.000000	0.000001
-0.567656	-0.038322	-11.977600	-0.609433	11.716200	0.123753	3.388850	-12.179900	0.589536	-0.000000	0.000000	-0.000000	1.170310	12.527600	-0.253890	3.357180	-14.086200	1.097250	0.000000	-0.000000	0.000000	0.000000	-0.000000	0.000031	0.000000	0.000000	0.000000	0.701443	-48.214500	-89.216202	111.317001	-29.989799	121.196999	0.000001	-0.000001	-0.000001	0.000000	0.000000	0.000000	12.637300	-40.884701	108.546997	-110.102997	-24.683300	-136.451996	-0.000000	-0.000001	0.000000	-0.239811	-1.589680	-0.006652	-0.000000	-0.000000	-0.000002
0.453630	-0.280394	-13.031398	-2.491860	11.123400	0.481025	4.436730	-10.712200	0.370362	-0.000000	0.000000	0.000000	0.059081	12.475600	-0.012766	2.887800	-14.723800	0.749246	-0.000000	-0.000000	0.000000	-0.000005	-0.000001	-0.000014	0.000000	0.000000	0.000000	1.161100	-51.347198	-88.742699	109.528999	-22.242901	125.223000	0.000001	-0.000000	-0.000002	0.000000	0.000000	0.000000	20.204901	-49.726200	115.285004	-104.917000	-19.553400	-135.824997	-0.000000	0.000001	0.000001	-0.071590	-1.205110	-0.001506	0.000000	0.000000	0.000001
0.176785	-0.609553	-13.472800	-3.098130	10.509600	0.565627	5.008610	-8.837130	0.301610	0.000000	0.000000	-0.000000	-1.188360	13.851900	0.284542	4.717760	-16.752100	1.028470	0.000000	0.000000	-0.000000	-0.000000	0.000000	0.000053	0.000000	0.000000	0.000000	8.060590	-48.741600	-78.788696	111.592003	-20.490400	130.514008	-0.000000	-0.000000	0.000000	0.000000	0.000000	0.000000	20.863001	-54.190399	114.992996	-105.883003	-14.600200	-145.781998	-0.000000	-0.000000	0.000001	-0.058281	-0.874754	-0.000888	-0.000000	0.000000	0.000000
0.765124	-0.520923	-11.626300	-3.488140	9.930390	0.602256	5.072580	-8.624490	0.245512	0.000000	0.000000	0.000000	-1.353210	12.996300	0.304371	4.192570	-15.448300	0.766152	-0.000000	-0.000000	0.000000	0.000005	0.000001	-0.000017	0.000000	0.000000	0.000000	14.591000	-48.449699	-69.266899	113.844002	-17.537300	137.268005	-0.000000	-0.000000	0.000000	0.000000	0.000000	0.000000	12.201800	-55.640400	104.988998	-108.221001	-10.338900	-157.470993	-0.000001	0.000001	0.000001	-0.201625	-0.422485	-0.001487	-0.000000	-0.000000	-0.000001
0.126854	-0.957772	-14.149497	-2.972800	10.781200	0.556564	5.148280	-8.620580	0.334124	-0.000000	-0.000000	0.000000	-0.624530	13.091300	0.141455	3.813470	-14.473600	0.801868	0.000000	-0.000000	0.000000	-0.000000	-0.000000	-0.000011	0.000000	0.000000	0.000000	29.030600	-39.701900	-45.423199	119.458000	-19.731701	140.742996	-0.000000	0.000000	0.000000	0.000000	0.000000	0.000000	5.777790	-56.310699	98.048500	-109.916000	-7.393260	-166.242996	0.000000	-0.000000	-0.000001	-0.289702	0.160177	0.000810	-0.000000	0.000000	-0.000000
-0.228178	-0.172658	-14.839000	-1.658730	10.778600	0.310286	4.301290	-10.186600	0.472861	-0.000000	-0.000000	-0.000000	0.570008	11.779100	-0.116371	3.294220	-13.685900	0.912736	-0.000000	-0.000000	-0.000000	-0.000000	-0.000000	0.000029	0.000000	0.000000	0.000000	38.524101	-32.838402	-29.311001	118.447998	-18.287701	140.483002	-0.000000	0.000000	0.000000	0.000000	0.000000	0.000000	-4.393330	-54.759899	86.639000	-112.050003	-2.451990	-178.602997	-0.000000	-0.000000	-0.000000	-0.005582	0.623672	0.000065	-0.000000	-0.000000	-0.000002
-0.073078	0.432009	-15.174890	-2.119510	10.170200	0.374407	5.250740	-10.423400	0.573097	0.000000	-0.000000	-0.000001	0.356458	10.755300	-0.066526	3.946710	-13.413200	0.998539	-0.000000	0.000000	0.000000	0.000000	0.000000	0.000018	0.000000	0.000000	0.000000	42.889301	-24.935699	-18.384600	116.389000	-15.351600	141.399994	0.000000	0.000000	-0.000000	0.000000	0.000000	0.000000	-15.060800	-50.725300	73.940598	-114.999001	1.368500	172.720993	-0.000000	-0.000000	0.000001	0.022243	0.915717	-0.000355	0.000000	0.000000	0.000000
-0.281567	0.098463	-14.781699	-1.816470	9.856890	0.311052	5.094650	-9.458730	0.543725	0.000000	-0.000000	-0.000001	0.367956	10.854400	-0.069298	4.175120	-13.266000	1.043070	-0.000000	0.000000	0.000000	-0.000005	-0.000001	-0.000018	0.000000	0.000000	0.000000	44.280800	-17.148500	-9.899750	113.482002	-13.614900	140.128998	-0.000001	-0.000001	0.000000	0.000000	0.000000	0.000000	-24.391500	-44.973301	61.606300	-116.253998	6.714670	162.563004	-0.000000	0.000000	0.000001	0.124688	0.435330	-0.000948	-0.000000	-0.000000	0.000000
0.128058	0.338169	-13.994002	-2.453140	9.294660	0.396445	5.507420	-8.744540	0.469685	0.000000	-0.000000	0.000000	0.106407	10.729300	-0.019811	3.859060	-13.365300	0.917610	0.000000	-0.000000	-0.000000	-0.000000	-0.000000	0.000007	0.000000	0.000000	0.000000	41.941200	-9.968650	-2.983620	108.968002	-11.605700	136.962997	-0.000001	-0.000001	0.000000	0.000000	0.000000	0.000000	-32.197102	-37.423000	49.525700	-114.704002	11.852600	151.669006	-0.000000	-0.000001	0.000001	-0.003943	0.672561	0.000045	-0.000000	0.000000	0.000000
0.546393	0.354303	-13.290599	-3.703250	9.607440	0.618896	6.510080	-9.558570	0.475113	0.000000	0.000000	0.000000	-0.819256	10.844400	0.154144	4.113140	-13.516100	0.774079	0.000000	0.000000	0.000000	-0.000000	-0.000000	0.000018	0.000000	0.000000	0.000000	41.361801	-4.978840	2.678660	101.853996	-9.622430	126.815002	-0.000000	-0.000001	-0.000000	0.000000	0.000000	0.000000	-34.787998	-27.765400	40.800999	-113.026001	14.789400	143.931000	0.000000	0.000001	0.000000	-0.068489	0.819985	0.000980	0.000000	-0.000000	-0.000000
0.313273	0.188620	-12.959700	-3.674600	8.939240	0.571748	6.113280	-7.880900	0.340716	-0.000000	0.000000	0.000000	-0.624899	11.009700	0.119340	3.611640	-13.004900	0.675297	0.000000	-0.000000	-0.000000	0.000005	0.000001	0.000028	0.000000	0.000000	0.000000	38.984901	0.380138	9.227400	95.528702	-12.088000	107.123001	0.000000	0.000001	0.000000	0.000000	0.000000	0.000000	-35.341599	-22.115700	35.782700	-108.542999	17.039000	133.878998	0.000001	0.000001	-0.000000	-0.259297	0.750234	0.003393	-0.000000	0.000000	0.000000
0.738363	0.730020	-13.003900	-4.258920	9.281040	0.688098	6.792900	-9.539610	0.429498	-0.000000	0.000000	-0.000000	-1.293320	10.581600	0.237536	4.236820	-13.093100	0.672356	-0.000000	-0.000000	0.000000	0.000000	0.000000	-0.000032	0.000000	0.000000	0.000000	38.199100	4.182330	14.049800	90.167000	-14.265800	91.074203	0.000000	0.000000	-0.000000	0.000000	0.000000	0.000000	-33.906799	-16.802299	32.112099	-107.464996	15.338000	133.251999	0.000001	-0.000001	0.000000	-0.239454	0.933654	0.003903	-0.000000	0.000000	0.000001
1.020120	1.447870	-13.068296	-4.975420	7.917790	0.687065	7.908450	-9.263670	0.480234	0.000000	0.000000	0.000000	-1.843910	8.952890	0.287046	4.943640	-12.364100	0.669172	0.000000	0.000000	-0.000000	0.000000	0.000000	-0.000023	0.000000	0.000000	0.000000	39.133598	5.155610	14.851100	86.263298	-11.990500	78.770798	-0.000000	-0.000000	-0.000000	0.000000	0.000000	0.000000	-31.667299	-13.414400	30.388201	-109.109001	13.764900	137.294998	0.000001	0.000001	-0.000001	-0.318423	1.107310	0.006153	-0.000000	0.000000	-0.000000
0.642617	0.634994	-13.081700	-4.078060	8.941540	0.634883	6.485330	-9.421220	0.402418	0.000000	-0.000000	-0.000000	-1.588880	9.844370	0.271720	4.963680	-12.321900	0.726005	0.000000	0.000000	-0.000000	-0.000005	-0.000001	0.000037	0.000000	0.000000	0.000000	39.787399	5.736010	15.225400	85.089699	-12.661600	75.497101	-0.000000	0.000002	-0.000000	0.000000	0.000000	0.000000	-31.449400	-12.843000	29.901699	-108.551003	13.671200	136.546997	-0.000001	-0.000001	0.000000	-0.209935	0.915839	0.003356	0.000000	-0.000000	0.000000
0.795048	0.988525	-12.827105	-4.005920	8.385600	0.585131	6.383710	-9.564820	0.402465	-0.000000	0.000000	-0.000000	-1.820490	9.867930	0.312088	5.373430	-13.275800	0.823101	0.000000	0.000000	-0.000000	0.000000	0.000000	-0.000010	0.000000	0.000000	0.000000	37.984200	3.959740	13.874700	87.749100	-13.132300	83.560501	0.000000	0.000000	-0.000000	0.000000	0.000000	0.000000	-33.119598	-14.583900	30.425200	-107.105003	14.342900	133.550003	-0.000000	-0.000001	-0.000000	-0.106211	1.084120	0.002010	0.000000	-0.000000	-0.000001
0.730848	0.571286	-12.613301	-3.896460	8.546950	0.579959	5.667850	-8.656740	0.273235	-0.000000	0.000000	0.000000	-1.912460	10.050400	0.333866	5.271740	-12.500300	0.734270	0.000000	-0.000000	0.000000	-0.000000	-0.000000	0.000009	0.000000	0.000000	0.000000	38.800800	1.046410	10.101400	91.263100	-11.074500	94.100197	0.000000	-0.000001	-0.000000	0.000000	0.000000	0.000000	-34.071602	-17.354601	32.508598	-107.850998	15.601200	133.699997	-0.000001	-0.000001	0.000000	-0.180506	0.952208	0.003000	0.000000	0.000000	-0.000001
1.400460	0.946131	-12.770597	-4.714090	8.453190	0.694505	6.123570	-10.048000	0.254932	0.000000	0.000000	0.000000	-2.972990	9.486470	0.490414	6.111700	-13.008200	0.716359	0.000000	0.000000	0.000000	-0.000005	-0.000001	-0.000016	0.000000	0.000000	0.000000	39.641800	-2.883090	5.229120	96.009499	-8.731570	111.569000	0.000001	-0.000001	-0.000001	0.000000	0.000000	0.000000	-35.369801	-23.035200	36.519199	-108.335999	17.646900	132.992996	0.000000	-0.000001	0.000000	-0.107372	1.118830	0.002096	0.000000	0.000000	-0.000000
1.864010	1.310560	-12.782797	-5.086550	7.513900	0.666872	5.890710	-9.665900	0.142386	-0.000000	-0.000000	-0.000000	-3.334850	9.107570	0.528447	5.845010	-14.161300	0.624809	0.000000	-0.000000	0.000000	-0.000000	-0.000000	0.000018	0.000000	0.000000	0.000000	39.740398	-10.146600	-3.599950	101.103996	-2.963090	139.886993	-0.000001	0.000001	-0.000000	0.000000	0.000000	0.000000	-34.868599	-30.158199	42.318001	-110.275002	17.532400	137.395004	0.000000	0.000001	-0.000000	-0.201839	1.188600	0.004188	-0.000000	0.000000	0.000000
1.149470	1.453280	-12.464200	-4.093090	6.752000	0.482037	5.451810	-8.376990	0.202130	0.000000	0.000000	0.000000	-1.875500	9.288140	0.302806	4.470260	-14.991700	0.678019	0.000000	-0.000000	0.000000	0.000000	0.000000	0.000024	0.000000	0.000000	0.000000	40.431702	-18.802299	-13.383300	104.945999	-0.181116	157.526993	-0.000001	-0.000000	-0.000000	0.000000	0.000000	0.000000	-30.812201	-37.186699	50.757801	-111.332001	14.356600	144.746002	0.000000	0.000000	0.000000	-0.247136	1.343470	0.005792	-0.000000	-0.000000	0.000000
0.861704	1.165090	-12.968703	-3.328970	6.735280	0.390861	5.039350	-8.251990	0.248865	-0.000000	0.000000	0.000000	-1.608250	8.735610	0.244315	4.916150	-13.386100	0.770960	0.000000	-0.000000	0.000000	0.000005	0.000001	-0.000027	0.000000	0.000000	0.000000	38.758499	-26.705400	-23.026400	110.066002	-2.785010	157.022003	-0.000001	0.000000	-0.000000	0.000000	0.000000	0.000000	-23.361401	-45.901600	62.877701	-111.531998	8.842450	156.042007	0.000001	-0.000000	-0.000000	0.087457	1.288830	-0.001968	-0.000000	0.000000	0.000001
0.486665	0.667401	-12.859402	-2.504180	7.027400	0.306559	4.639420	-6.925570	0.259861	0.000000	0.000000	-0.000001	-0.417806	9.694070	0.070349	3.693120	-13.489300	0.766201	-0.000000	-0.000000	0.000000	-0.000005	-0.000001	-0.000031	0.000000	0.000000	0.000000	34.272800	-33.870899	-34.249199	115.078003	-9.310980	149.654007	0.000000	0.000001	0.000001	0.000000	0.000000	0.000000	-11.831800	-50.946899	77.456398	-110.067001	1.404120	172.237000	-0.000001	0.000000	0.000000	0.022034	1.099120	-0.000423	0.000000	-0.000000	-0.000000
0.676893	-0.229058	-12.478798	-3.575600	7.936390	0.494319	5.488060	-6.987310	0.236915	0.000000	0.000000	-0.000000	-1.500860	9.969650	0.259889	4.550710	-12.353300	0.657941	0.000000	0.000000	0.000000	-0.000005	-0.000001	0.000008	0.000000	0.000000	0.000000	23.601200	-38.768200	-51.475201	117.847000	-14.739600	145.574005	-0.000000	0.000000	-0.000000	0.000000	0.000000	0.000000	2.794880	-53.595501	94.610802	-106.931000	-6.771380	-165.440002	-0.000000	0.000000	0.000000	-0.060367	0.426438	0.000449	-0.000000	-0.000000	0.000001
0.262595	-0.881835	-9.050095	-2.801270	9.747460	0.474634	5.387170	-8.600430	0.393025	-0.000000	-0.000000	-0.000001	-0.280639	12.544800	0.060949	3.502550	-14.447300	0.806312	0.000000	-0.000000	0.000000	-0.000005	-0.000001	-0.000037	0.000000	0.000000	0.000000	9.540640	-45.568901	-75.198700	113.111000	-19.021099	134.259995	-0.000000	0.000000	-0.000000	0.000000	0.000000	0.000000	15.493500	-52.761002	108.839996	-102.511002	-10.977800	-147.503998	0.000001	0.000000	-0.000000	-0.005373	-0.601309	-0.000055	0.000000	0.000000	0.000001
0.745268	-0.819689	-8.386240	-3.878140	9.685480	0.653423	6.174270	-9.004530	0.368240	0.000000	0.000000	-0.000000	-1.310110	13.368600	0.302962	4.211720	-15.658900	0.793406	-0.000000	-0.000000	-0.000000	0.000000	-0.000000	-0.000007	0.000000	0.000000	0.000000	-5.001630	-46.791801	-97.207298	109.191002	-18.708500	129.582993	-0.000001	-0.000001	0.000000	0.000000	0.000000	0.000000	19.347000	-48.262100	114.128998	-101.586998	-16.828501	-133.231995	-0.000000	-0.000000	-0.000000	-0.101543	-0.899107	-0.001592	-0.000000	0.000000	0.000000
0.950313	-0.777966	-7.865282	-4.163710	9.437170	0.683876	5.481420	-8.762490	0.209381	0.000000	0.000000	-0.000000	-2.011380	13.457700	0.468281	4.666840	-15.890000	0.742684	-0.000000	-0.000000	-0.000000	-0.000000	0.000000	0.000023	0.000000	0.000000	0.000000	-6.638440	-42.493900	-100.480003	110.671997	-25.650900	124.670998	-0.000000	0.000001	0.000000	0.000000	0.000000	0.000000	6.303310	-36.532101	100.305000	-111.528000	-28.910601	-133.895004	0.000001	0.000000	0.000001	-0.320658	-1.059290	-0.005927	0.000000	0.000000	-0.000000
0.439953	-0.634903	-8.597423	-3.548810	10.659900	0.657260	5.560860	-10.568000	0.380426	-0.000000	-0.000000	-0.000000	-1.649190	13.933400	0.397211	4.927940	-16.550900	0.948824	0.000000	0.000000	0.000001	-0.000005	-0.000001	0.000012	0.000000	0.000000	0.000000	-2.020110	-37.172798	-93.468399	116.015999	-31.471201	127.885002	-0.000000	-0.000002	-0.000000	0.000000	0.000000	0.000000	1.442860	-33.024101	93.549896	-115.478996	-35.925499	-133.360992	0.000001	-0.000001	0.000001	-0.025803	-1.003720	-0.000452	0.000000	-0.000000	-0.000001
0.766837	-0.017753	-8.322840	-4.016180	9.174980	0.641399	6.121010	-9.846150	0.368906	-0.000000	0.000000	0.000000	-1.852640	12.103800	0.388590	5.017360	-14.852500	0.822589	-0.000000	0.000000	0.000000	-0.000005	-0.000001	0.000014	0.000000	0.000000	0.000000	-4.473460	-38.131302	-97.820198	114.288002	-28.205200	128.434998	-0.000001	-0.000001	-0.000000	0.000000	0.000000	0.000000	-1.084310	-30.630699	89.450203	-119.873001	-36.974998	-137.604996	-0.000002	-0.000001	0.000002	0.232769	-1.070020	0.004347	-0.000000	-0.000000	0.000001
1.032990	-0.490420	-6.880070	-4.582540	8.659670	0.691408	6.234210	-7.907040	0.234487	-0.000000	0.000000	0.000000	-1.776010	12.639100	0.388722	4.071580	-14.819400	0.598471	0.000000	0.000000	0.000000	0.000000	0.000000	-0.000025	0.000000	0.000000	0.000000	-9.790620	-42.998402	-105.222000	109.399002	-22.188200	126.389999	0.000001	-0.000001	0.000000	0.000000	0.000000	0.000000	5.047140	-36.480000	98.333504	-112.924004	-29.964701	-134.772995	-0.000001	0.000001	0.000001	0.273952	-1.477270	0.007063	-0.000000	-0.000000	0.000000
0.878375	-0.787090	-6.082280	-4.101230	9.017040	0.643849	5.484920	-8.086370	0.201824	-0.000000	-0.000000	-0.000000	-1.419890	13.692400	0.336161	3.506260	-16.327000	0.598123	-0.000000	0.000000	0.000000	-0.000000	0.000000	0.000014	0.000000	0.000000	0.000000	-11.093300	-48.800201	-105.305000	106.431999	-18.743500	123.734001	-0.000001	-0.000001	0.000002	0.000000	0.000000	0.000000	11.167400	-45.304798	104.806000	-107.655998	-21.896200	-136.306000	-0.000000	0.000001	0.000001	0.288812	-1.104080	0.005566	-0.000000	-0.000000	-0.000000
1.201910	-1.046750	-7.682009	-4.600230	8.724700	0.699259	5.607160	-7.624860	0.140702	-0.000000	0.000000	0.000000	-1.868130	14.520500	0.468536	3.531050	-17.479401	0.517559	0.000000	0.000000	-0.000000	-0.000005	-0.000001	-0.000022	0.000000	0.000000	0.000000	-1.986690	-49.917301	-92.416397	109.264999	-17.200701	131.052002	-0.000001	-0.000001	0.000001	0.000000	0.000000	0.000000	11.614900	-53.144100	104.199997	-105.946999	-18.121000	-139.990005	-0.000000	0.000000	0.000001	0.136244	-0.534705	0.001271	-0.000000	0.000000	0.000001
1.066060	-1.082880	-9.750321	-4.814460	8.854500	0.742772	6.055180	-7.495100	0.169373	-0.000000	-0.000000	0.000000	-2.611060	13.483200	0.609187	5.028630	-16.358400	0.701590	0.000000	-0.000000	-0.000001	-0.000000	0.000000	0.000046	0.000000	0.000000	0.000000	13.580800	-47.126701	-69.909897	113.446999	-17.253901	136.776993	0.000000	0.000000	0.000001	0.000000	0.000000	0.000000	3.566270	-57.282501	94.988503	-107.283997	-13.516200	-151.119995	-0.000000	0.000000	0.000000	-0.115765	0.295919	0.000600	0.000000	0.000000	-0.000001
1.142050	-0.704023	-11.164200	-4.949800	8.222580	0.709643	6.412080	-7.621570	0.200756	0.000000	0.000000	-0.000001	-2.789890	11.769000	0.569471	5.572610	-14.886500	0.730534	-0.000000	-0.000000	0.000000	0.000000	-0.000000	-0.000028	0.000000	0.000000	0.000000	27.913700	-40.797100	-47.161999	114.592003	-16.163601	138.567001	-0.000001	-0.000000	0.000001	0.000000	0.000000	0.000000	-11.490600	-56.787102	78.341003	-108.578003	-6.962270	-167.983994	-0.000000	0.000000	0.000000	-0.137517	0.772176	0.001853	0.000000	-0.000000	-0.000001
0.846265	-0.299844	-12.055801	-4.779110	7.658380	0.638345	7.072040	-7.404240	0.301161	-0.000000	0.000000	0.000000	-2.069380	10.798900	0.387881	4.965240	-14.053800	0.712709	0.000000	-0.000000	0.000000	-0.000005	-0.000001	0.000019	0.000000	0.000000	0.000000	35.644901	-31.634100	-30.654200	112.162003	-13.466400	138.123001	-0.000000	-0.000001	-0.000001	0.000000	0.000000	0.000000	-24.154400	-51.721199	63.537399	-111.203003	-0.316678	174.606003	-0.000000	0.000000	-0.000001	0.223596	0.679612	-0.002653	0.000000	0.000000	-0.000000
0.260391	0.113998	-12.336404	-2.845530	7.079240	0.350972	5.038790	-6.640810	0.256277	-0.000000	0.000000	0.000000	-1.011390	10.871200	0.190767	4.981090	-15.015800	1.034760	0.000000	0.000000	0.000000	-0.000000	-0.000000	-0.000035	0.000000	0.000000	0.000000	41.025501	-22.439301	-16.905899	107.199997	-11.941200	131.921005	0.000000	-0.000000	-0.000000	0.000000	0.000000	0.000000	-30.851101	-43.254002	53.506100	-113.000000	7.278690	158.740005	0.000000	-0.000000	-0.000000	0.060292	0.889720	-0.000936	-0.000000	0.000000	-0.000000
0.859292	0.549689	-12.159200	-2.826740	5.944500	0.292984	4.429740	-5.605590	0.158112	-0.000000	-0.000000	-0.000000	-0.807002	9.979080	0.139848	3.952660	-14.641600	0.798988	0.000000	0.000000	-0.000000	0.000000	-0.000000	0.000042	0.000000	0.000000	0.000000	42.428600	-14.833700	-8.044600	100.975998	-8.357250	124.627998	0.000000	-0.000000	0.000001	0.000000	0.000000	0.000000	-36.558998	-36.129200	44.143700	-111.852997	13.660500	145.610001	0.000000	-0.000001	0.000001	0.161895	1.280420	-0.003619	0.000000	-0.000000	0.000000
1.242850	0.869862	-12.359901	-3.566950	5.805420	0.361258	4.940200	-6.827860	0.165475	0.000000	-0.000000	-0.000000	-1.920990	8.803160	0.294094	5.005820	-13.442700	0.723078	0.000000	-0.000000	0.000001	0.000005	0.000001	0.000008	0.000000	0.000000	0.000000	40.539398	-7.591450	-0.332773	94.722900	-6.993460	107.097000	0.000000	0.000000	0.000000	0.000000	0.000000	0.000000	-38.482201	-29.472300	38.332100	-109.850998	17.373400	136.585007	-0.000000	-0.000001	0.000001	0.208974	1.485230	-0.005418	0.000000	0.000000	0.000000
1.323890	1.065700	-12.188500	-4.045630	5.570070	0.393327	5.882170	-6.787410	0.219392	-0.000000	0.000000	0.000000	-2.241000	7.772810	0.303234	5.576490	-11.810500	0.687671	0.000000	-0.000000	-0.000000	0.000000	0.000000	0.000037	0.000000	0.000000	0.000000	40.470600	-2.805870	5.333700	87.680298	-7.351030	77.977402	-0.000000	-0.000001	-0.000000	0.000000	0.000000	0.000000	-39.556198	-24.253500	33.680599	-106.148003	19.879700	127.001999	0.000000	0.000000	-0.000000	0.290776	1.498810	-0.007605	-0.000000	-0.000000	-0.000000
1.247640	1.355170	-11.749306	-4.046300	4.639630	0.327840	5.929690	-5.851510	0.193438	0.000000	-0.000000	-0.000000	-1.880560	7.409520	0.242603	5.051410	-12.000800	0.663225	-0.000000	0.000000	0.000000	-0.000000	0.000000	0.000024	0.000000	0.000000	0.000000	39.941399	-0.102473	8.577830	83.733704	-8.269410	64.947899	0.000000	0.000000	0.000001	0.000000	0.000000	0.000000	-40.065201	-19.434099	29.376301	-102.668999	18.916000	120.861000	-0.000000	-0.000001	-0.000001	0.117839	1.532960	-0.003154	0.000000	-0.000000	0.000000
1.407730	0.990834	-11.837700	-4.245580	5.647170	0.418530	6.083170	-6.923400	0.224077	0.000000	0.000000	0.000000	-2.184880	8.269370	0.314388	5.288060	-12.597100	0.682394	-0.000000	0.000000	-0.000000	-0.000005	-0.000001	-0.000008	0.000000	0.000000	0.000000	40.060600	1.694200	10.632400	80.909798	-9.512260	58.485699	0.000000	0.000002	0.000000	0.000000	0.000000	0.000000	-36.878201	-15.879200	28.637100	-102.972000	15.996100	124.014999	-0.000000	0.000000	-0.000000	0.329560	1.467480	-0.008442	0.000000	-0.000000	-0.000000
1.421600	1.184570	-11.663600	-4.098230	5.368990	0.384114	5.876970	-6.985540	0.218594	-0.000000	0.000000	-0.000000	-1.880400	8.009490	0.262097	4.814350	-12.569400	0.643036	-0.000000	-0.000000	0.000000	0.000000	0.000000	-0.000033	0.000000	0.000000	0.000000	40.091801	1.500600	10.410000	80.768700	-9.329800	57.803600	-0.000000	0.000002	-0.000000	0.000000	0.000000	0.000000	-36.908298	-15.420500	28.147499	-103.133003	14.764700	125.744003	0.000001	-0.000001	-0.000000	0.327803	1.542000	-0.008823	0.000000	0.000000	0.000001
1.448350	0.572807	-11.741701	-4.086450	5.872320	0.418794	5.631690	-6.794760	0.185413	0.000000	-0.000000	-0.000001	-2.260810	8.707140	0.342422	5.457840	-12.926600	0.721747	0.000000	0.000000	0.000000	-0.000000	-0.000000	0.000003	0.000000	0.000000	0.000000	39.808399	0.322915	9.090180	84.282204	-9.543500	68.557297	0.000000	0.000000	0.000001	0.000000	0.000000	0.000000	-37.208099	-18.003300	30.413700	-105.015999	15.528500	128.970993	-0.000000	0.000000	-0.000001	0.536130	1.305340	-0.012214	-0.000000	0.000000	0.000001
1.655280	1.077540	-12.170500	-4.655060	5.980860	0.486095	6.364730	-8.121080	0.245181	0.000000	-0.000000	-0.000001	-2.443810	7.890230	0.335672	5.429810	-12.578000	0.655878	-0.000000	0.000000	0.000000	-0.000000	-0.000000	0.000009	0.000000	0.000000	0.000000	40.214500	-1.672150	6.699190	88.916901	-9.541340	84.773903	0.000000	-0.000000	-0.000000	0.000000	0.000000	0.000000	-38.121201	-22.716499	33.739899	-105.990997	16.988300	129.748001	0.000000	0.000000	0.000000	0.655092	1.663390	-0.019017	-0.000000	0.000000	0.000000
1.460180	0.331073	-12.310296	-4.603980	7.127110	0.572432	6.112230	-8.858470	0.237811	-0.000000	0.000000	-0.000000	-2.349960	8.535680	0.348983	5.118410	-12.061100	0.584367	0.000000	-0.000000	-0.000000	0.000005	0.000001	0.000001	0.000000	0.000000	0.000000	42.439999	-5.671020	2.057630	91.073402	-7.267680	91.546204	0.000000	0.000001	0.000000	0.000000	0.000000	0.000000	-37.288399	-27.126499	37.864601	-108.306999	15.146000	136.882996	-0.000000	-0.000001	0.000001	0.515893	1.232270	-0.011094	-0.000000	0.000000	0.000001
1.994060	0.120161	-11.391900	-4.917280	7.072390	0.606899	5.765220	-8.722970	0.134298	0.000000	-0.000000	-0.000000	-2.993740	8.966560	0.467011	5.488450	-13.246700	0.580404	0.000000	-0.000000	-0.000000	-0.000000	-0.000000	-0.000013	0.000000	0.000000	0.000000	42.437000	-12.183400	-5.102510	95.519798	-4.821800	112.349998	-0.000000	0.000002	0.000001	0.000000	0.000000	0.000000	-38.175201	-31.389700	39.762299	-107.638000	10.880900	143.490005	0.000001	0.000001	-0.000001	0.503189	1.507800	-0.013242	0.000000	0.000000	-0.000001
2.279560	0.329470	-10.857197	-5.944290	6.266560	0.651149	6.855600	-8.196190	0.135017	0.000000	0.000000	-0.000000	-4.134910	8.913760	0.641774	6.710480	-13.957700	0.633736	0.000000	-0.000000	0.000000	0.000000	0.000000	-0.000017	0.000000	0.000000	0.000000	42.814400	-20.497101	-13.646100	100.417999	-1.875360	139.876999	-0.000000	0.000000	0.000000	0.000000	0.000000	0.000000	-37.284100	-37.266201	43.885700	-108.002998	6.715390	153.395004	-0.000000	-0.000001	0.000001	0.138146	1.827490	-0.004406	0.000000	0.000000	-0.000000
1.780780	-0.965927	-10.921000	-6.059730	6.968530	0.737902	7.513850	-6.981010	0.182238	0.000000	-0.000000	-0.000001	-3.628690	10.075100	0.635618	5.937870	-13.535600	0.553881	0.000000	-0.000000	0.000001	-0.000000	-0.000000	0.000015	0.000000	0.000000	0.000000	41.063301	-27.061001	-21.309601	104.955002	-4.902330	141.860992	0.000000	0.000001	-0.000000	0.000000	0.000000	0.000000	-29.974001	-45.261299	55.076401	-108.155998	2.984390	164.449997	0.000000	0.000000	0.000000	0.249446	1.184500	-0.005158	-0.000000	-0.000000	0.000001
1.714890	-1.082030	-11.117199	-5.478630	7.160820	0.684992	6.672290	-6.402350	0.137907	0.000000	-0.000000	0.000000	-3.088620	10.064500	0.540263	5.224480	-12.870600	0.486589	-0.000000	-0.000000	-0.000000	0.000005	0.000001	-0.000017	0.000000	0.000000	0.000000	37.411800	-33.834999	-30.773399	108.873001	-8.756320	140.824005	0.000000	0.000000	-0.000000	0.000000	0.000000	0.000000	-20.714001	-52.093300	67.330399	-105.351997	-2.563360	-179.664993	-0.000000	0.000000	-0.000001	-0.097496	1.094630	0.001862	0.000000	-0.000000	0.000000
1.825090	-0.828950	-10.721200	-5.195650	6.319740	0.573474	6.325000	-5.848950	0.118332	0.000000	-0.000000	-0.000000	-2.958780	9.442830	0.485846	5.166500	-12.400600	0.482956	-0.000000	0.000000	0.000000	0.000000	-0.000000	-0.000014	0.000000	0.000000	0.000000	28.553699	-40.240398	-45.890499	112.389999	-10.890100	143.654999	-0.000000	-0.000000	0.000001	0.000000	0.000000	0.000000	-6.325800	-56.033298	84.017303	-104.424004	-10.662700	-154.824997	0.000000	-0.000000	0.000000	-0.132724	1.177850	0.002728	-0.000000	-0.000000	0.000000
0.766244	-0.797434	-8.682792	-3.063940	5.863110	0.313282	5.199390	-5.245750	0.196800	0.000000	0.000000	0.000000	-0.173899	10.130900	0.030587	2.617280	-13.450200	0.569290	-0.000000	-0.000000	-0.000001	0.000000	-0.000000	0.000051	0.000000	0.000000	0.000000	16.842899	-43.908401	-63.732601	113.112999	-17.932800	134.718002	-0.000000	-0.000000	0.000001	0.000000	0.000000	0.000000	10.892900	-55.868198	103.179001	-101.147003	-13.894900	-139.880005	-0.000000	0.000001	-0.000002	-0.270673	0.384002	0.001814	-0.000000	-0.000000	-0.000000
0.263522	-0.892410	-7.687719	-1.640080	6.677590	0.190761	4.167000	-5.811140	0.257144	-0.000000	-0.000000	0.000000	0.564043	11.172000	-0.109293	3.118130	-13.870900	0.881323	-0.000000	0.000000	0.000000	0.000000	0.000000	-0.000026	0.000000	0.000000	0.000000	4.382830	-47.691502	-83.143700	110.746002	-20.287600	128.843994	0.000001	-0.000001	0.000000	0.000000	0.000000	0.000000	20.599400	-51.615299	114.639000	-97.907898	-17.341801	-125.332001	0.000000	-0.000000	0.000000	-0.163479	-0.501153	-0.001431	-0.000000	0.000000	0.000000
-0.074047	-1.466540	-8.400070	-1.038100	8.416650	0.151963	3.659490	-7.627410	0.349667	0.000000	0.000000	-0.000000	1.207180	12.619700	-0.263782	2.601480	-15.237600	0.994684	-0.000000	0.000000	-0.000000	0.000000	-0.000000	-0.000035	0.000000	0.000000	0.000000	-4.966300	-46.228100	-97.302101	108.721001	-22.415300	123.834999	0.000000	0.000000	-0.000001	0.000000	0.000000	0.000000	13.378300	-42.504200	108.565002	-103.316002	-25.352600	-125.535004	-0.000000	0.000001	0.000001	0.160784	-0.822797	0.002310	-0.000000	0.000000	-0.000000
-0.007473	-0.901067	-9.708170	-1.361730	8.984940	0.212704	4.214130	-9.176490	0.457930	-0.000000	0.000000	-0.000000	0.938678	11.445000	-0.186278	3.017780	-13.379700	0.912584	0.000000	0.000000	-0.000001	-0.000000	-0.000000	-0.000013	0.000000	0.000000	0.000000	-3.175930	-41.500702	-95.295197	112.375999	-28.773199	124.487999	0.000000	0.000000	-0.000001	0.000000	0.000000	0.000000	4.256840	-35.265202	97.843903	-109.955002	-35.965500	-126.572998	0.000001	0.000000	-0.000000	0.236679	-1.085120	0.004484	-0.000000	-0.000000	-0.000001
0.250496	-0.614103	-10.172096	-2.093690	8.881590	0.323387	4.952730	-9.590440	0.480911	0.000000	0.000000	-0.000000	0.469255	11.448800	-0.093151	3.041160	-14.372300	0.870061	0.000000	-0.000000	0.000000	-0.000000	0.000000	-0.000045	0.000000	0.000000	0.000000	-1.619080	-39.476601	-92.865097	114.089996	-32.556702	124.168999	0.000000	0.000000	0.000000	0.000000	0.000000	0.000000	-0.195400	-33.568901	91.230301	-114.235001	-42.272499	-128.210007	0.000001	0.000000	-0.000000	0.131632	-1.136750	0.002611	0.000000	-0.000000	-0.000001
0.510306	-0.628621	-9.143040	-2.516230	7.806480	0.341988	4.880790	-7.743290	0.321918	-0.000000	-0.000000	0.000000	-0.160023	11.524200	0.031967	3.348210	-14.610700	0.805817	-0.000000	0.000000	0.000001	0.000005	0.000001	0.000031	0.000000	0.000000	0.000000	-1.039980	-37.904099	-91.708199	116.471001	-34.383499	126.179001	0.000000	0.000000	-0.000000	0.000000	0.000000	0.000000	-3.095290	-31.636801	86.354202	-117.135002	-43.516899	-130.897003	0.000001	0.000000	-0.000000	0.151989	-1.107310	0.002937	0.000000	0.000000	0.000000
0.335987	-0.463863	-10.428596	-2.757910	8.104510	0.389099	5.810420	-8.408240	0.450813	0.000000	-0.000000	0.000000	-0.193065	11.590800	0.038787	3.785920	-15.226600	0.945815	-0.000000	-0.000000	0.000000	-0.000005	-0.000001	-0.000009	0.000000	0.000000	0.000000	-0.798875	-38.313599	-91.490799	116.175003	-30.639900	128.695007	-0.000000	0.000001	0.000001	0.000000	0.000000	0.000000	2.969760	-36.054798	95.913498	-111.934998	-36.462101	-128.960999	0.000000	-0.000001	-0.000000	-0.164081	-1.018990	-0.002916	0.000000	-0.000000	-0.000000
0.603271	-0.721059	-7.378110	-2.612120	7.921160	0.360221	5.119980	-8.055540	0.355158	-0.000000	0.000000	-0.000000	-0.205440	11.478300	0.040881	3.681900	-14.466200	0.870482	-0.000000	0.000000	-0.000000	-0.000000	0.000000	-0.000010	0.000000	0.000000	0.000000	-6.254610	-45.402901	-99.222298	109.013000	-22.802999	124.133003	0.000000	-0.000001	-0.000002	0.000000	0.000000	0.000000	9.968820	-43.989498	103.748001	-106.405998	-25.775801	-130.307007	-0.000001	0.000000	0.000000	0.191973	-0.981588	0.003289	-0.000000	-0.000000	-0.000000
0.605443	-0.631158	-8.142532	-2.801150	7.428110	0.362421	4.955240	-7.978430	0.302397	-0.000000	0.000000	0.000000	-0.804149	12.055300	0.167958	4.298350	-15.287900	0.927070	0.000000	-0.000000	0.000000	0.000005	0.000001	0.000052	0.000000	0.000000	0.000000	1.095980	-47.692402	-88.058701	109.685997	-20.713400	126.827003	0.000000	0.000000	-0.000000	0.000000	0.000000	0.000000	13.379900	-50.800598	106.683998	-104.341003	-20.035000	-134.414001	-0.000000	-0.000001	0.000001	-0.051555	-0.354556	-0.000319	-0.000000	-0.000000	-0.000002
0.201617	-1.044320	-9.921091	-1.970600	7.324070	0.251312	4.286070	-6.619060	0.268899	0.000000	0.000000	-0.000000	-0.049087	10.987000	0.009354	3.709780	-13.356100	0.846931	-0.000000	0.000000	-0.000000	0.000005	0.000001	0.000053	0.000000	0.000000	0.000000	13.524900	-45.597900	-69.469704	113.994003	-19.682501	134.332993	-0.000000	0.000000	0.000000	0.000000	0.000000	0.000000	5.293540	-53.336399	97.232903	-106.470001	-16.349899	-144.654999	0.000000	-0.000000	0.000001	0.089545	0.193346	-0.000303	0.000000	-0.000000	-0.000001
-0.148661	-1.328320	-12.074803	-1.482990	7.366740	0.190190	3.934570	-5.620200	0.241441	0.000000	0.000000	-0.000000	0.433077	10.697700	-0.080394	3.476360	-13.075400	0.884045	-0.000000	0.000000	0.000000	-0.000000	0.000000	-0.000005	0.000000	0.000000	0.000000	27.307600	-39.672798	-47.244499	117.606003	-18.742500	139.382004	-0.000000	0.000000	0.000001	0.000000	0.000000	0.000000	-4.673010	-54.572300	86.011200	-107.901001	-10.508800	-159.141006	0.000001	-0.000001	-0.000001	0.218239	1.000600	-0.003813	-0.000000	-0.000000	-0.000000
-0.114675	-1.276400	-12.857102	-1.271540	7.960270	0.176118	3.708720	-6.992550	0.298377	0.000000	0.000000	0.000000	0.520525	10.223400	-0.092389	3.475720	-12.205600	0.844448	-0.000000	-0.000000	-0.000000	-0.000005	-0.000001	0.000019	0.000000	0.000000	0.000000	35.121799	-32.977402	-32.549702	116.432999	-14.705800	142.412003	0.000000	-0.000000	-0.000001	0.000000	0.000000	0.000000	-18.887600	-52.631802	69.709198	-109.973999	-5.485620	-173.559998	0.000000	0.000000	0.000001	0.317231	0.828737	-0.004588	-0.000000	-0.000000	-0.000001
-0.338425	-0.906961	-12.911904	-1.413750	7.794340	0.191764	4.399640	-7.347050	0.383851	-0.000000	-0.000000	0.000000	0.634011	10.226600	-0.112573	3.601850	-12.970600	0.950124	0.000000	0.000000	-0.000000	0.000000	-0.000000	0.000026	0.000000	0.000000	0.000000	40.722599	-24.473700	-19.237700	112.333000	-12.825300	139.145004	0.000000	-0.000000	0.000000	0.000000	0.000000	0.000000	-28.986401	-46.051800	56.685101	-111.412003	0.835924	170.621994	0.000000	0.000000	-0.000000	0.453296	1.077580	-0.008526	0.000000	0.000000	0.000000
-0.044824	-0.659958	-12.952202	-1.920540	7.758360	0.259356	5.277320	-8.296600	0.487466	0.000000	0.000000	-0.000000	0.586464	9.168810	-0.093457	3.393030	-12.030600	0.829174	0.000000	-0.000000	-0.000000	-0.000000	0.000000	-0.000054	0.000000	0.000000	0.000000	43.444801	-15.045600	-7.909180	105.582001	-12.157900	128.929993	-0.000001	0.000000	-0.000000	0.000000	0.000000	0.000000	-34.762699	-37.760300	46.950500	-111.230003	6.278220	157.473999	-0.000000	0.000000	0.000000	0.437784	1.276290	-0.009751	0.000000	0.000000	-0.000001
0.451884	-0.069038	-12.579700	-2.547420	6.642560	0.294861	5.397420	-7.043150	0.351847	-0.000000	0.000000	0.000001	0.192518	9.153160	-0.030629	3.076520	-12.987900	0.734907	-0.000000	0.000000	0.000000	0.000000	0.000000	-0.000024	0.000000	0.000000	0.000000	43.055099	-8.583260	-1.066060	97.694199	-9.834910	113.545998	0.000000	-0.000001	0.000000	0.000000	0.000000	0.000000	-37.967899	-29.454000	38.869598	-109.264000	11.980100	143.296005	0.000001	-0.000000	-0.000000	0.409805	1.582010	-0.011313	-0.000000	-0.000000	0.000000
0.916968	0.651176	-11.791898	-3.089910	4.585930	0.247289	5.234340	-5.379050	0.202052	0.000000	0.000000	0.000000	-0.688716	7.757130	0.092962	3.693700	-12.555600	0.655193	0.000000	0.000000	0.000000	0.000000	0.000000	-0.000020	0.000000	0.000000	0.000000	41.133099	-4.082200	3.864040	89.306396	-9.189660	85.168297	-0.000001	0.000001	0.000000	0.000000	0.000000	0.000000	-39.862801	-23.929800	33.181400	-106.264000	17.049999	130.348007	0.000000	-0.000000	0.000000	0.484257	1.775760	-0.015006	-0.000000	0.000000	0.000000
1.013210	0.407117	-11.377398	-3.328960	4.035570	0.234539	5.157900	-3.681050	0.117996	0.000000	0.000000	0.000000	-0.916603	7.646240	0.121968	3.613680	-11.669000	0.547549	0.000000	0.000000	-0.000000	0.000000	-0.000000	0.000008	0.000000	0.000000	0.000000	38.482300	-0.076467	8.893310	84.877800	-12.570200	73.466103	0.000000	0.000002	0.000000	0.000000	0.000000	0.000000	-40.581902	-18.841400	28.492901	-102.721001	17.865801	122.019997	-0.000000	-0.000001	0.000000	0.427215	1.858560	-0.013856	0.000000	0.000000	-0.000001
1.177780	0.592111	-11.289303	-3.751960	5.151120	0.337340	5.609160	-6.326010	0.206383	-0.000000	-0.000000	-0.000000	-1.693380	7.387880	0.217805	4.766310	-11.246900	0.602645	-0.000000	0.000000	0.000000	-0.000000	-0.000000	-0.000017	0.000000	0.000000	0.000000	37.045200	2.038230	11.894200	83.465797	-14.566000	71.732201	-0.000000	0.000001	0.000000	0.000000	0.000000	0.000000	-40.509201	-16.740299	26.708000	-100.843002	19.932800	115.995003	0.000000	0.000002	-0.000001	0.245908	1.875320	-0.008047	-0.000000	-0.000000	0.000000
1.265520	0.430492	-11.148800	-4.446110	5.978670	0.464016	6.821940	-8.081310	0.337593	0.000000	-0.000000	-0.000001	-2.134160	7.902700	0.293555	5.426840	-11.928100	0.685475	-0.000000	0.000000	-0.000000	-0.000000	-0.000000	-0.000032	0.000000	0.000000	0.000000	37.752602	1.824010	11.412700	83.215599	-12.393300	68.989403	-0.000000	0.000000	0.000000	0.000000	0.000000	0.000000	-40.075001	-16.027100	26.366199	-101.225998	18.306200	118.091003	-0.000000	0.000000	0.000000	0.369512	1.776640	-0.011457	-0.000000	0.000000	0.000001
1.123090	0.483622	-10.887805	-3.815380	5.515950	0.367279	5.933940	-6.707230	0.249624	-0.000000	-0.000000	-0.000000	-1.418570	7.709040	0.190324	4.313850	-11.366500	0.573618	0.000000	0.000000	-0.000000	-0.000000	-0.000000	-0.000022	0.000000	0.000000	0.000000	39.925999	-0.128301	8.565610	83.871498	-9.538700	67.236900	0.000000	0.000002	0.000001	0.000000	0.000000	0.000000	-38.985802	-16.947001	27.992201	-103.406998	18.224199	122.693001	-0.000000	-0.000001	-0.000000	0.106939	1.870830	-0.003491	0.000000	0.000000	0.000000
1.037190	0.516477	-11.029000	-3.643790	5.675870	0.360853	5.315220	-7.195060	0.211647	-0.000000	-0.000000	-0.000000	-1.082780	8.569290	0.161356	3.719210	-13.141100	0.602552	-0.000000	-0.000000	-0.000000	-0.000000	-0.000000	0.000013	0.000000	0.000000	0.000000	40.364300	-2.436030	5.810840	89.320297	-9.819450	86.193100	0.000000	0.000001	0.000000	0.000000	0.000000	0.000000	-38.055901	-19.601500	31.128500	-105.882004	17.049299	129.042999	-0.000001	0.000000	0.000000	0.155668	1.937770	-0.005264	0.000000	-0.000000	-0.000000
1.127850	0.653492	-10.817600	-3.893440	5.840950	0.396826	5.897560	-8.144400	0.286909	-0.000000	-0.000000	0.000000	-1.547640	8.100320	0.218121	4.629660	-12.762300	0.684889	-0.000000	0.000000	0.000000	-0.000000	-0.000000	-0.000037	0.000000	0.000000	0.000000	40.406601	-6.391080	1.150570	94.891403	-8.478900	106.718002	-0.000000	-0.000000	0.000001	0.000000	0.000000	0.000000	-37.042099	-24.556601	36.082298	-108.122002	18.073099	132.630997	-0.000000	-0.000002	-0.000000	-0.093053	2.100940	0.003410	0.000000	0.000000	0.000001
1.046640	0.588077	-10.284202	-3.731260	5.078980	0.330787	5.599940	-6.426260	0.210870	0.000000	-0.000000	-0.000000	-1.473930	8.608870	0.220678	4.424420	-13.515100	0.694005	0.000000	-0.000000	0.000000	0.000000	0.000000	-0.000004	0.000000	0.000000	0.000000	41.417301	-13.738600	-7.094590	99.414902	-5.704280	125.811996	0.000001	0.000000	-0.000001	0.000000	0.000000	0.000000	-35.172199	-27.906099	40.314701	-110.151001	13.609100	142.382004	0.000001	0.000001	0.000000	-0.050085	1.986370	0.001736	0.000000	0.000000	-0.000001
1.438060	0.221238	-10.685000	-4.525040	5.653660	0.446703	6.405010	-7.037960	0.233138	-0.000000	0.000000	0.000000	-1.898740	9.244970	0.305150	4.217210	-13.781600	0.558486	0.000000	-0.000000	-0.000001	-0.000000	0.000000	-0.000014	0.000000	0.000000	0.000000	38.996899	-20.201900	-15.638000	105.304001	-6.901240	137.876999	-0.000001	-0.000001	-0.000000	0.000000	0.000000	0.000000	-30.794399	-36.847301	50.462002	-110.879997	11.494100	148.832001	0.000000	0.000000	-0.000000	0.153890	2.036780	-0.005470	-0.000000	-0.000000	-0.000001
1.154000	-0.205452	-11.260701	-4.091130	5.231470	0.373656	5.536630	-5.107030	0.130222	0.000000	-0.000000	-0.000000	-1.763410	8.539880	0.261940	4.214180	-11.829100	0.506707	-0.000000	0.000000	0.000000	-0.000005	-0.000001	-0.000005	0.000000	0.000000	0.000000	36.204201	-26.933300	-25.271400	110.432999	-9.740790	141.479004	-0.000001	-0.000001	-0.000000	0.000000	0.000000	0.000000	-25.528200	-44.642601	59.822300	-108.869003	5.049810	160.893005	-0.000001	-0.000000	0.000001	0.026572	1.589070	-0.000737	-0.000000	-0.000000	0.000000
1.044750	-0.020247	-11.622200	-3.741940	5.748230	0.375309	5.103400	-6.413420	0.154214	-0.000000	0.000000	-0.000000	-1.694680	8.383520	0.247148	4.529230	-11.764000	0.582070	-0.000000	-0.000000	-0.000000	-0.000000	-0.000000	0.000023	0.000000	0.000000	0.000000	29.173901	-32.213200	-38.251801	116.521004	-14.694600	142.856003	-0.000000	-0.000000	-0.000000	0.000000	0.000000	0.000000	-13.421400	-50.729000	75.439400	-108.122002	-1.161220	177.742996	0.000000	0.000000	-0.000001	-0.020305	1.263450	0.000449	-0.000000	-0.000000	0.000001
1.027860	0.745349	-11.664699	-3.580740	4.754010	0.297147	5.574220	-6.252630	0.218550	0.000000	-0.000000	0.000000	-1.166540	7.054550	0.143286	4.204120	-11.043000	0.584061	-0.000000	-0.000000	0.000000	0.000000	0.000000	-0.000015	0.000000	0.000000	0.000000	19.445101	-37.939999	-56.645000	115.943001	-17.529600	139.546005	0.000000	0.000001	-0.000000	0.000000	0.000000	0.000000	2.164000	-53.467098	93.797302	-106.343002	-8.844230	-159.960007	-0.000000	0.000000	0.000001	-0.121436	1.314380	0.002786	0.000000	0.000000	0.000000
0.446444	-0.209908	-10.712403	-2.881740	5.812760	0.292099	5.267020	-5.598740	0.234294	-0.000000	-0.000000	0.000000	-0.423247	8.417230	0.061954	3.666740	-11.122300	0.627210	0.000000	-0.000000	0.000000	0.000005	0.000001	0.000026	0.000000	0.000000	0.000000	6.099810	-44.737202	-80.495697	108.790001	-16.466700	130.979004	-0.000000	0.000000	-0.000001	0.000000	0.000000	0.000000	13.361900	-49.146099	107.287003	-102.527000	-14.676800	-139.903000	-0.000001	0.000000	-0.000001	-0.303195	0.113813	0.000602	-0.000000	0.000000	0.000000
0.021689	-0.662086	-10.282296	-1.654650	7.340220	0.211454	4.206770	-6.429210	0.287485	0.000000	0.000000	0.000000	0.773345	10.844500	-0.145513	2.761580	-13.543200	0.825553	0.000000	0.000000	-0.000001	0.000000	-0.000000	-0.000011	0.000000	0.000000	0.000000	1.429790	-41.260799	-87.570999	109.969002	-25.792299	122.705002	-0.000000	-0.000000	0.000001	0.000000	0.000000	0.000000	16.788799	-42.996601	112.893997	-102.410004	-21.000799	-128.621994	0.000000	0.000001	0.000000	-0.093888	-0.515668	-0.000845	0.000000	-0.000000	0.000000
-0.046189	-1.089920	-10.213596	-1.688100	8.976160	0.263457	4.439760	-7.974280	0.384898	0.000000	-0.000000	-0.000000	0.747704	12.781800	-0.165431	3.138350	-15.596400	1.041290	-0.000000	0.000000	0.000000	0.000005	0.000001	0.000004	0.000000	0.000000	0.000000	0.835064	-33.173401	-88.195503	114.973999	-29.883801	127.814003	0.000000	0.000001	-0.000001	0.000000	0.000000	0.000000	8.685380	-34.315498	104.727997	-108.521004	-30.044600	-128.606003	-0.000001	-0.000000	-0.000000	-0.003547	-1.084980	-0.000066	-0.000000	0.000000	0.000001
0.171934	-1.168490	-10.161300	-2.093490	10.227200	0.371858	4.520110	-10.179700	0.435015	-0.000000	0.000000	0.000000	-0.090253	13.035900	0.020353	3.956890	-15.472100	1.033590	-0.000000	-0.000000	0.000000	0.000000	-0.000000	-0.000048	0.000000	0.000000	0.000000	0.240030	-30.293200	-89.393402	117.584000	-30.055300	131.664993	-0.000000	-0.000000	-0.000000	0.000000	0.000000	0.000000	4.153540	-30.072500	98.670601	-112.782997	-35.165798	-130.223999	-0.000000	0.000001	0.000001	0.051526	-1.376440	0.001238	-0.000000	0.000000	-0.000001
0.369900	-1.295450	-11.071300	-2.814560	9.802870	0.479577	5.227540	-9.100190	0.388377	0.000000	0.000000	-0.000000	-0.716576	12.973200	0.160874	4.336470	-15.765100	0.989709	0.000000	-0.000000	0.000000	0.000005	0.000001	-0.000007	0.000000	0.000000	0.000000	-2.496930	-34.820499	-95.221199	113.536003	-27.800699	127.998001	-0.000000	-0.000001	0.000001	0.000000	0.000000	0.000000	1.453180	-30.664600	94.220901	-111.988998	-40.954899	-125.917000	-0.000000	0.000000	-0.000000	0.212864	-1.028760	0.003822	-0.000000	0.000000	0.000001
0.502099	-1.138020	-11.723500	-2.730690	9.501300	0.451079	4.337650	-8.620720	0.246562	-0.000000	-0.000000	0.000000	-1.232200	12.233600	0.261131	4.798360	-15.068400	0.935531	0.000000	-0.000000	0.000000	-0.000005	-0.000001	0.000004	0.000000	0.000000	0.000000	-9.557810	-43.865601	-105.355003	106.935997	-21.327299	123.037003	-0.000000	-0.000001	-0.000000	0.000000	0.000000	0.000000	-1.886270	-29.338600	88.696297	-117.573997	-43.066601	-131.498001	0.000001	0.000001	0.000000	0.069116	-1.211050	0.001460	-0.000000	0.000000	0.000000
0.358924	-1.036290	-10.754901	-2.508050	8.938040	0.389904	4.527890	-7.615610	0.271838	0.000000	-0.000000	-0.000001	-0.741642	12.404400	0.159314	4.430810	-15.239900	0.975563	-0.000000	0.000000	0.000000	-0.000005	-0.000001	-0.000010	0.000000	0.000000	0.000000	-8.168300	-47.863899	-102.059998	106.707001	-19.609100	123.757004	-0.000000	-0.000001	0.000000	0.000000	0.000000	0.000000	4.995250	-35.253399	99.098801	-110.709000	-32.062000	-130.431000	0.000000	0.000001	0.000000	-0.001596	-1.125350	-0.000032	-0.000000	-0.000000	0.000001
-0.238469	-1.174670	-11.752403	-1.884100	9.036130	0.296013	4.869890	-7.912380	0.414615	0.000000	0.000000	0.000000	0.375473	12.457900	-0.081001	3.812570	-14.735500	1.064780	-0.000000	-0.000000	0.000000	0.000005	0.000001	0.000012	0.000000	0.000000	0.000000	2.614220	-45.066601	-86.155403	111.661003	-20.192200	131.639999	-0.000000	-0.000000	0.000000	0.000000	0.000000	0.000000	11.999900	-44.330200	106.822998	-106.939003	-22.316700	-135.315994	-0.000000	-0.000001	0.000000	0.178881	-0.669744	0.002092	0.000000	-0.000000	-0.000001
0.059162	-0.966662	-10.868598	-1.326830	9.001570	0.207632	3.960710	-8.218240	0.379100	0.000000	-0.000000	-0.000000	0.792920	11.899800	-0.163514	3.252620	-13.986200	0.975155	-0.000000	-0.000000	-0.000000	0.000005	0.000001	0.000004	0.000000	0.000000	0.000000	12.897200	-40.622299	-68.390503	116.849998	-20.136400	138.220993	0.000000	0.000001	-0.000000	0.000000	0.000000	0.000000	9.057390	-51.925499	101.845001	-106.492996	-16.309601	-144.311005	-0.000001	0.000000	0.000002	0.068414	-0.265434	0.000317	0.000000	-0.000000	-0.000001
0.289661	0.017873	-11.194400	-2.065450	5.781160	0.208141	4.347720	-4.746980	0.189842	0.000000	0.000000	-0.000000	0.133746	9.880500	-0.022951	3.402970	-13.276100	0.812708	0.000000	-0.000000	-0.000000	0.000005	0.000001	-0.000041	0.000000	0.000000	0.000000	25.639000	-36.145500	-46.412800	120.015999	-18.799400	142.326996	-0.000001	0.000000	0.000002	0.000000	0.000000	0.000000	-4.391750	-54.024899	86.193901	-109.175003	-9.719900	-161.587997	-0.000000	0.000000	0.000002	0.316388	0.889163	-0.004911	0.000000	0.000000	0.000001
0.237766	0.166889	-12.023196	-1.958870	6.484600	0.221311	4.825930	-6.529530	0.327729	-0.000000	-0.000000	0.000000	0.498182	8.850280	-0.076651	3.295120	-11.868100	0.779999	-0.000000	-0.000000	-0.000000	0.000000	0.000000	-0.000007	0.000000	0.000000	0.000000	35.721298	-29.230700	-28.219200	115.195999	-14.443800	141.029999	0.000000	-0.000000	0.000000	0.000000	0.000000	0.000000	-17.478701	-49.530899	70.560600	-111.916000	-3.298470	-178.425003	-0.000001	-0.000000	0.000001	0.352060	1.247930	-0.007669	-0.000000	-0.000000	0.000000
0.378828	0.057440	-12.028805	-2.861700	6.923390	0.345237	5.700670	-7.591350	0.378117	-0.000000	-0.000000	0.000000	-0.095915	9.648370	0.016073	3.642870	-13.473100	0.827719	0.000000	0.000000	0.000000	-0.000000	-0.000000	-0.000020	0.000000	0.000000	0.000000	39.966202	-21.274900	-16.346201	108.431000	-10.519700	136.684998	-0.000000	0.000001	-0.000000	0.000000	0.000000	0.000000	-28.969101	-42.008999	55.036400	-112.648003	3.544020	165.399002	-0.000000	0.000000	-0.000001	0.268972	1.263490	-0.005930	0.000000	0.000000	-0.000001
0.475797	-0.030792	-11.852197	-2.777820	6.803980	0.329349	5.453370	-6.684940	0.313971	0.000000	-0.000000	0.000000	-0.026331	9.609790	0.004393	3.335190	-13.070700	0.749191	0.000000	-0.000000	0.000000	-0.000000	0.000000	-0.000035	0.000000	0.000000	0.000000	40.654499	-12.437100	-6.012520	99.757004	-9.933110	118.681999	-0.000000	0.000001	-0.000002	0.000000	0.000000	0.000000	-33.048599	-33.642399	46.376598	-112.064003	11.705400	148.725998	-0.000000	0.000000	-0.000001	0.426862	1.258750	-0.009378	-0.000000	-0.000000	-0.000000
0.472071	0.439299	-11.929199	-2.449790	6.658990	0.284247	4.712010	-6.854610	0.272114	0.000000	0.000000	-0.000000	0.065044	9.399620	-0.010626	3.291790	-13.142100	0.763872	0.000000	-0.000000	0.000000	0.000000	0.000000	-0.000034	0.000000	0.000000	0.000000	38.193298	-4.718280	3.031770	94.426903	-11.169600	102.773003	-0.000001	0.000000	0.000001	0.000000	0.000000	0.000000	-33.208900	-26.962200	41.784000	-110.050003	16.952000	137.470001	-0.000000	-0.000001	-0.000000	0.237224	1.473830	-0.006102	0.000000	0.000000	-0.000000
-0.128146	0.541916	-12.575497	-1.344650	6.273870	0.146970	4.297840	-6.782400	0.350030	-0.000000	0.000000	0.000000	0.701232	8.263920	-0.100796	3.719000	-11.591200	0.888375	-0.000000	0.000000	0.000000	0.000000	-0.000000	-0.000010	0.000000	0.000000	0.000000	36.892899	1.038610	10.637700	90.387497	-13.349000	90.675598	-0.000001	-0.000002	-0.000000	0.000000	0.000000	0.000000	-31.111300	-22.843100	40.766201	-110.012001	19.592100	133.580994	-0.000000	-0.000002	0.000001	0.510578	1.378300	-0.012279	0.000000	0.000000	0.000001
0.042930	1.127960	-12.695395	-1.361240	5.985960	0.141980	4.710590	-7.102710	0.415532	-0.000000	-0.000000	-0.000000	1.140210	7.822550	-0.155213	3.078150	-11.821700	0.863522	0.000000	0.000000	0.000000	-0.000005	-0.000001	0.000055	0.000000	0.000000	0.000000	34.782600	3.678750	14.859900	90.414101	-15.562400	91.524597	-0.000001	0.000002	0.000000	0.000000	0.000000	0.000000	-30.817801	-20.576700	39.018902	-109.802002	20.462299	131.856995	-0.000000	-0.000002	-0.000001	0.137021	1.687980	-0.004035	-0.000000	0.000000	-0.000001
0.101089	1.301710	-12.172200	-1.593390	5.966420	0.165666	4.869790	-7.510920	0.429869	-0.000000	0.000000	0.000000	0.517548	7.230060	-0.065140	4.017320	-11.036900	0.869124	0.000000	-0.000000	0.000000	0.000000	-0.000000	-0.000007	0.000000	0.000000	0.000000	35.255402	2.810410	13.504700	90.470100	-12.785000	91.794296	-0.000000	0.000002	0.000000	0.000000	0.000000	0.000000	-32.184898	-19.095100	36.108101	-109.458000	19.920799	131.559006	-0.000000	-0.000001	-0.000000	-0.145232	1.731010	0.004386	-0.000000	-0.000000	0.000000
0.227806	0.557034	-11.580897	-2.143060	7.107610	0.265289	5.518050	-8.917840	0.526340	-0.000000	0.000000	0.000000	0.282495	8.652560	-0.042501	3.963920	-12.374000	0.910878	-0.000000	0.000000	-0.000000	0.000005	0.000001	-0.000022	0.000000	0.000000	0.000000	36.262501	1.459210	11.353900	89.998199	-11.423800	89.809799	0.000000	0.000000	-0.000000	0.000000	0.000000	0.000000	-31.811100	-16.037901	33.251801	-112.011002	15.455600	139.878998	-0.000000	-0.000001	0.000000	0.030665	1.389240	-0.000745	-0.000000	0.000000	-0.000002
0.444286	0.640726	-11.648299	-2.229950	6.707990	0.260605	4.803740	-8.442460	0.380373	-0.000000	-0.000000	0.000000	-0.217541	8.510310	0.032191	4.031160	-12.499900	0.827098	-0.000000	0.000000	0.000000	-0.000000	0.000000	0.000057	0.000000	0.000000	0.000000	35.369701	1.522920	11.710200	92.199600	-13.192000	96.698303	0.000000	0.000001	-0.000000	0.000000	0.000000	0.000000	-32.043800	-18.241301	35.351398	-113.261002	18.006300	138.820007	-0.000000	0.000000	0.000000	0.133740	1.398070	-0.003263	0.000000	-0.000000	-0.000000
0.411703	0.504976	-11.542700	-2.101480	6.913040	0.253050	4.440200	-8.240310	0.337577	-0.000000	0.000000	0.000000	-0.008137	8.701640	0.001231	3.624160	-12.429400	0.779309	0.000000	-0.000000	0.000000	0.000005	0.000001	0.000057	0.000000	0.000000	0.000000	36.766701	-0.055584	9.247570	92.837601	-12.572500	98.435799	0.000000	0.000000	-0.000000	0.000000	0.000000	0.000000	-31.439600	-20.648800	38.318100	-113.265999	18.719000	138.585007	0.000000	0.000001	0.000001	0.025681	1.189960	-0.000535	0.000000	0.000000	0.000001
0.475624	0.382312	-11.529402	-2.273770	6.570930	0.260326	4.394300	-7.446650	0.276894	0.000000	0.000000	-0.000000	0.167676	9.002050	-0.026241	2.881160	-13.028200	0.687453	-0.000000	-0.000000	0.000000	-0.000005	-0.000001	-0.000050	0.000000	0.000000	0.000000	36.864101	-2.338310	6.217520	95.570602	-12.743200	105.957001	0.000000	0.000001	-0.000000	0.000000	0.000000	0.000000	-29.287701	-21.592501	41.546902	-114.478996	16.485800	143.069000	-0.000000	0.000000	0.000000	0.036189	1.132390	-0.000716	0.000000	-0.000000	-0.000001
0.767490	0.603260	-11.569598	-2.991090	6.391740	0.333282	5.138970	-7.808350	0.294480	0.000000	0.000000	-0.000000	-0.757977	8.320650	0.109691	4.088280	-12.192100	0.705781	0.000000	-0.000000	0.000000	-0.000000	-0.000000	-0.000022	0.000000	0.000000	0.000000	35.806400	-5.787990	1.538100	100.037003	-12.234000	117.941002	-0.000001	-0.000001	0.000001	0.000000	0.000000	0.000000	-29.326300	-23.694500	43.379002	-115.250000	12.203000	149.895996	0.000000	0.000001	-0.000000	-0.000941	1.189630	0.000019	-0.000000	-0.000000	0.000001
0.395079	0.467974	-11.659999	-2.542210	5.929140	0.262774	4.708150	-6.476810	0.245976	0.000000	0.000000	-0.000000	-0.576172	8.425930	0.084427	4.387510	-12.080200	0.800080	0.000000	-0.000000	-0.000001	-0.000000	-0.000000	0.000002	0.000000	0.000000	0.000000	36.180801	-9.830810	-4.027580	105.069000	-12.101700	128.867004	-0.000001	-0.000001	0.000000	0.000000	0.000000	0.000000	-26.676300	-27.297001	49.424900	-115.664001	9.709710	154.945007	0.000001	0.000001	-0.000001	-0.210250	1.187470	0.004358	0.000000	0.000000	-0.000001
0.403670	0.651884	-11.884000	-2.213670	6.443740	0.248554	4.497560	-7.968800	0.318735	0.000000	0.000000	-0.000000	-0.015609	8.310980	0.002254	3.625100	-12.372000	0.774378	0.000000	-0.000000	0.000000	0.000000	0.000000	0.000021	0.000000	0.000000	0.000000	35.404202	-14.619500	-10.902500	108.775002	-13.507000	133.078995	-0.000001	0.000000	-0.000000	0.000000	0.000000	0.000000	-24.628401	-31.849100	55.039600	-114.535004	6.055340	161.054001	-0.000001	-0.000001	-0.000000	0.061127	1.317360	-0.001404	0.000000	0.000000	-0.000001
0.594621	1.914280	-12.074400	-2.324660	3.996650	0.162112	4.807110	-6.608100	0.286504	0.000000	0.000000	0.000000	-0.210206	6.790970	0.024854	3.855420	-12.724900	0.804293	-0.000000	-0.000000	0.000000	0.000000	-0.000000	-0.000048	0.000000	0.000000	0.000000	33.922001	-19.072300	-17.814301	116.414001	-16.782700	139.787994	0.000000	0.000001	-0.000000	0.000000	0.000000	0.000000	-21.424101	-35.078499	60.891899	-115.570999	-0.380129	174.026993	0.000001	-0.000000	-0.000000	0.160458	1.971410	-0.005522	-0.000000	0.000000	0.000000
0.652751	2.249850	-12.180799	-1.674870	2.270420	0.066370	3.238710	-4.510280	0.123112	0.000000	0.000000	-0.000000	-0.430961	5.517640	0.041438	4.484850	-11.558400	0.813975	0.000000	-0.000000	-0.000000	0.000000	-0.000000	0.000034	0.000000	0.000000	0.000000	30.186001	-23.825899	-27.430700	120.606003	-20.364201	140.854004	-0.000000	0.000000	0.000000	0.000000	0.000000	0.000000	-16.723101	-37.743000	68.182198	-115.744003	-7.283150	-172.313995	-0.000000	-0.000001	0.000002	-0.141215	1.818440	0.004480	0.000000	-0.000000	-0.000001
0.307390	2.143150	-12.747400	-1.505990	2.756620	0.072444	3.787010	-4.803800	0.191269	0.000000	0.000000	-0.000000	0.401742	6.234300	-0.043630	3.574860	-12.375400	0.853052	-0.000000	0.000000	0.000001	-0.000000	0.000000	-0.000024	0.000000	0.000000	0.000000	27.265301	-27.565701	-35.572899	125.778000	-23.841101	143.257004	-0.000000	-0.000001	0.000001	0.000000	0.000000	0.000000	-10.246400	-38.964100	77.380203	-114.954002	-13.026800	-160.919006	0.000000	0.000001	-0.000001	-0.557765	1.493740	0.014538	-0.000000	0.000000	0.000000
-0.411423	2.250412	-12.909504	-0.369828	3.304670	0.021315	3.419250	-5.386970	0.286614	-0.000000	-0.000000	0.000000	1.310310	6.897160	-0.157383	3.535840	-13.935300	1.167410	-0.000000	0.000000	0.000000	-0.000005	-0.000001	0.000020	0.000000	0.000000	0.000000	22.120501	-28.993799	-44.349701	127.943001	-28.973301	141.688995	0.000001	-0.000001	-0.000000	0.000000	0.000000	0.000000	-1.728510	-40.805199	89.357597	-112.855003	-15.374200	-153.955002	0.000000	-0.000000	0.000001	-0.190891	0.909754	0.003031	-0.000000	-0.000000	-0.000000
-0.531848	2.035471	-13.058001	0.175775	4.902840	-0.015026	2.892270	-7.714560	0.412152	-0.000000	0.000000	-0.000000	1.574780	6.618640	-0.181560	3.503070	-12.635500	1.111230	-0.000000	0.000000	0.000000	-0.000005	-0.000001	0.000038	0.000000	0.000000	0.000000	17.232100	-31.448799	-54.936001	123.439003	-31.839600	135.289993	-0.000000	0.000000	0.000001	0.000000	0.000000	0.000000	2.176790	-39.381699	94.845299	-110.843002	-19.254299	-145.143005	0.000000	-0.000000	0.000001	-0.125217	0.692092	0.001513	-0.000000	0.000000	-0.000001
-0.386680	1.801640	-12.320001	0.014043	4.641730	-0.001137	3.095210	-6.509420	0.352823	0.000000	0.000000	-0.000000	1.507660	6.459370	-0.169649	3.418850	-11.313300	0.966863	0.000000	-0.000000	-0.000000	0.000005	0.000001	-0.000038	0.000000	0.000000	0.000000	12.594600	-34.014301	-65.232101	111.592003	-34.399101	118.769997	0.000001	0.000000	0.000000	0.000000	0.000000	0.000000	4.099760	-39.277401	97.431503	-103.449997	-20.681700	-131.556000	-0.000000	0.000001	0.000001	-0.045787	0.690589	0.000553	0.000000	-0.000000	-0.000000
