1.003830	-0.735111	-17.350401	-4.898030	11.871500	1.009970	7.835800	-14.534500	0.764291	0.000000	-0.000000	-0.000001	-3.279600	11.070400	0.630404	7.067200	-13.557800	0.903518	-0.000000	0.000000	0.000001	-0.000012	0.000037	-0.000098	0.000000	0.000000	0.000000	39.420300	8.339220	18.557899	85.718697	-18.021200	80.313599	-0.000000	0.000000	-0.000000	0.000000	0.000000	0.000000	-33.639000	-17.425800	33.460899	-100.301003	12.909800	122.537003	-0.000001	-0.000001	0.000001	-0.129210	1.642020	0.003702	0.000000	0.000000	-0.000000
1.374680	-0.575198	-16.848398	-4.435270	11.933900	0.918866	6.666360	-14.997400	0.602503	0.000000	-0.000000	0.000000	-3.140820	11.412800	0.622060	6.486940	-14.756700	0.869090	0.000000	-0.000000	0.000001	0.000011	-0.000037	0.000015	0.000000	0.000000	0.000000	39.891102	2.537600	11.882400	91.387497	-12.409100	94.034302	0.000001	0.000001	-0.000000	0.000000	0.000000	0.000000	-34.079700	-21.908800	37.227299	-102.380997	12.198600	129.483994	-0.000000	-0.000002	-0.000001	-0.052488	1.853830	0.001699	0.000000	0.000000	0.000000
1.156420	-0.929727	-15.564000	-4.065110	12.068100	0.851282	6.440150	-15.311600	0.651304	-0.000000	0.000000	0.000000	-2.857920	11.748400	0.582379	6.557810	-14.899200	0.968014	0.000000	-0.000000	-0.000001	-0.000010	0.000037	-0.000073	0.000000	0.000000	0.000000	43.433102	-7.240470	0.611544	95.890297	-4.952220	114.692001	0.000001	-0.000000	0.000000	0.000000	0.000000	0.000000	-33.575001	-29.258600	43.326000	-104.055000	12.599300	134.501999	0.000001	0.000000	-0.000001	-0.046542	1.644070	0.001335	0.000000	0.000000	0.000000
0.963750	-0.671675	-14.686802	-3.748300	11.904200	0.774244	6.489460	-15.993800	0.778097	-0.000000	0.000000	-0.000001	-2.495280	11.925800	0.515955	6.560260	-15.455100	1.099360	-0.000000	0.000000	-0.000000	0.000000	-0.000000	0.000026	0.000000	0.000000	0.000000	45.484200	-18.300600	-10.017500	100.297997	-1.437050	140.479004	0.000001	-0.000000	0.000000	0.000000	0.000000	0.000000	-30.997101	-38.546101	51.396599	-104.966003	11.431600	140.876999	0.000000	0.000001	-0.000000	0.247724	1.461690	-0.006320	-0.000000	0.000000	-0.000001
0.693496	-0.481293	-15.193797	-2.886210	11.494200	0.575604	5.911240	-15.934100	0.847118	0.000000	-0.000000	0.000001	-1.339750	11.372800	0.264240	5.317820	-15.282700	1.057070	0.000000	0.000000	0.000000	-0.000000	-0.000000	0.000046	0.000000	0.000000	0.000000	45.846901	-30.089199	-20.266600	104.301003	-1.784150	150.059006	-0.000000	0.000000	-0.000002	0.000000	0.000000	0.000000	-24.936300	-47.408401	61.673401	-104.402000	3.352200	161.085999	0.000000	-0.000000	0.000000	-0.144351	1.038340	0.002620	-0.000000	0.000000	-0.000002
0.234831	-1.156480	-15.760498	-2.524520	13.330000	0.582415	5.988350	-17.309000	1.052030	0.000000	0.000000	-0.000001	-0.974014	12.265000	0.206941	5.511730	-15.175000	1.195990	-0.000000	0.000000	0.000001	-0.000000	0.000000	-0.000011	0.000000	0.000000	0.000000	39.546101	-37.146900	-31.523899	109.253998	-10.424300	137.852005	0.000000	-0.000000	-0.000001	0.000000	0.000000	0.000000	-9.237570	-52.215500	80.778297	-103.626999	-4.695510	-171.524002	0.000001	-0.000000	0.000001	-0.173114	1.241030	0.003749	0.000000	0.000000	0.000001
0.259589	-1.974948	-15.734400	-2.866150	14.626400	0.724282	6.199640	-17.902599	1.054410	0.000000	-0.000000	-0.000000	-1.377210	13.463300	0.320673	5.666400	-15.817000	1.181470	0.000000	-0.000000	0.000000	-0.000000	-0.000000	-0.000106	0.000000	0.000000	0.000000	24.811199	-43.181599	-52.972500	112.964996	-15.992600	136.459000	0.000000	-0.000001	-0.000000	0.000000	0.000000	0.000000	9.380190	-55.176102	102.119003	-98.023102	-12.987800	-136.675003	0.000001	0.000000	-0.000001	-0.488429	0.253572	0.002159	-0.000000	0.000000	0.000002
0.177136	-2.406641	-11.163899	-1.621340	14.683700	0.411092	4.271010	-16.874100	0.785016	0.000000	-0.000000	0.000000	-0.565826	15.684300	0.152976	4.514470	-17.855101	1.218910	0.000000	0.000000	0.000000	-0.000000	0.000000	0.000011	0.000000	0.000000	0.000000	3.045150	-45.862301	-85.052002	108.929001	-17.210100	129.626007	0.000000	0.000001	0.000000	0.000000	0.000000	0.000000	16.221201	-49.910999	110.184998	-95.872704	-18.593800	-119.523003	-0.000000	-0.000001	-0.000000	0.213727	-0.749504	0.002796	0.000000	0.000000	0.000001
0.061639	-2.443810	-10.775500	-2.337480	13.798000	0.557786	5.543260	-14.640600	0.828172	-0.000000	0.000000	0.000000	-0.769844	16.563000	0.219480	4.943450	-17.893400	1.294240	-0.000000	0.000000	0.000000	-0.000000	-0.000000	-0.000022	0.000000	0.000000	0.000000	-1.917390	-40.012299	-93.004501	108.758003	-25.286800	120.900002	0.000001	0.000000	-0.000001	0.000000	0.000000	0.000000	6.704090	-40.337799	100.264000	-103.581001	-31.868601	-120.933998	-0.000000	-0.000000	-0.000001	-0.208957	-1.442130	-0.005259	-0.000000	0.000000	0.000000
0.020925	-2.476990	-9.895870	-2.565310	14.024300	0.622060	6.074940	-15.061800	0.933026	0.000000	0.000000	-0.000000	-1.020760	16.330999	0.287064	5.650570	-17.128500	1.378460	-0.000000	-0.000000	0.000000	-0.000000	0.000000	-0.000012	0.000000	0.000000	0.000000	-2.257610	-34.595798	-94.009903	111.274002	-28.311501	123.166000	0.000001	-0.000001	-0.000000	0.000000	0.000000	0.000000	1.262670	-34.045898	93.038803	-110.987000	-37.737499	-126.942001	0.000000	0.000000	0.000000	-0.008963	-1.826030	-0.000287	0.000000	-0.000000	0.000000
0.714653	-2.762950	-10.998700	-4.364690	15.077700	1.137440	7.237680	-17.172501	0.893441	-0.000000	0.000000	0.000000	-2.855350	17.197701	0.844885	6.986900	-18.100800	1.325520	-0.000000	-0.000000	0.000000	-0.000000	0.000000	0.000002	0.000000	0.000000	0.000000	-6.969170	-37.901299	-102.487000	107.424004	-17.912600	128.445007	0.000000	-0.000001	0.000000	0.000000	0.000000	0.000000	8.854200	-41.574799	102.906998	-100.777000	-30.285400	-117.639999	-0.000001	-0.000000	0.000000	-0.118455	-1.641890	-0.003392	0.000000	-0.000000	-0.000002
0.868001	-2.758570	-11.403500	-5.010740	15.099800	1.308420	7.384600	-17.024099	0.746217	0.000000	-0.000000	-0.000000	-3.825870	17.021700	1.121490	7.881410	-18.396099	1.335000	0.000000	-0.000000	0.000000	0.000000	-0.000000	-0.000005	0.000000	0.000000	0.000000	-9.027760	-45.123699	-103.730003	103.852997	-12.095600	129.466995	-0.000000	0.000001	-0.000000	0.000000	0.000000	0.000000	15.206000	-49.787701	109.036003	-95.413200	-23.143499	-113.869003	-0.000001	0.000001	0.000001	-0.386573	-1.131320	-0.007634	-0.000000	0.000000	-0.000000
0.003633	-2.413939	-13.415808	-3.318110	14.414400	0.826863	6.601580	-15.869500	0.927442	-0.000000	-0.000000	0.000000	-2.177290	16.202700	0.607824	7.054710	-17.490101	1.495260	0.000000	-0.000000	0.000000	0.000000	-0.000000	-0.000038	0.000000	0.000000	0.000000	4.334150	-45.156700	-83.316101	108.959999	-15.354800	132.979004	-0.000000	0.000000	0.000001	0.000000	0.000000	0.000000	14.884500	-53.683102	108.206001	-97.326599	-18.360001	-124.248001	-0.000000	0.000000	-0.000000	-0.290958	-0.494080	-0.002508	-0.000000	-0.000000	-0.000000
-0.463365	-2.106171	-14.858701	-2.039990	13.822800	0.487635	5.483220	-15.417100	0.932149	-0.000000	-0.000000	0.000000	-0.906574	14.417200	0.225783	5.899350	-15.660100	1.358620	-0.000000	-0.000000	0.000000	-0.000000	0.000000	0.000099	0.000000	0.000000	0.000000	19.610800	-39.905800	-57.858898	114.294998	-19.621799	134.050995	0.000000	-0.000000	-0.000000	0.000000	0.000000	0.000000	4.152310	-57.705502	95.983002	-98.668800	-12.541400	-140.026993	-0.000000	-0.000001	-0.000000	-0.249466	0.386112	0.001683	0.000000	-0.000000	-0.000000
-0.617508	-1.972471	-15.956815	-1.923540	14.624900	0.485816	5.768380	-16.402201	1.104870	-0.000000	-0.000000	-0.000001	-0.498075	14.567300	0.125248	5.553390	-16.084400	1.408410	0.000000	0.000000	0.000000	0.000011	-0.000037	-0.000036	0.000000	0.000000	0.000000	32.351101	-34.014000	-36.458099	112.967003	-18.055599	132.809998	0.000000	0.000000	-0.000000	0.000000	0.000000	0.000000	-13.352300	-55.465900	76.483299	-101.398003	-8.480710	-158.815002	0.000000	-0.000000	0.000001	-0.198041	0.791270	0.002735	0.000000	0.000000	0.000002
-0.176144	-1.618930	-16.242599	-2.216490	13.718300	0.525894	5.307140	-15.707700	0.854644	0.000000	0.000000	0.000000	-0.962048	13.229900	0.220199	5.404430	-15.271500	1.179030	0.000000	-0.000000	-0.000001	-0.000000	0.000000	-0.000002	0.000000	0.000000	0.000000	41.310398	-24.160900	-18.414000	105.795998	-18.073099	120.339996	0.000000	0.000001	-0.000000	0.000000	0.000000	0.000000	-28.928400	-49.596500	58.069698	-102.244003	-3.416820	-179.697998	0.000000	0.000000	-0.000002	0.038991	0.915164	-0.000621	0.000000	0.000000	-0.000000
-0.261359	-1.574550	-16.521799	-2.427270	14.343300	0.601658	5.918230	-17.067301	1.048020	-0.000000	0.000000	0.000000	-1.244970	13.452100	0.289670	6.133910	-15.389600	1.309490	-0.000000	0.000000	0.000000	0.000000	-0.000000	0.000018	0.000000	0.000000	0.000000	44.820301	-14.179800	-6.397530	97.558296	-18.859600	103.584000	-0.000001	0.000001	0.000001	0.000000	0.000000	0.000000	-35.042900	-38.961102	47.469299	-102.753998	-0.126915	165.578995	0.000000	0.000000	-0.000001	0.190557	0.834440	-0.002770	0.000000	-0.000000	-0.000001
0.259523	-1.266510	-17.460594	-3.726320	13.538300	0.873451	7.158990	-15.930300	0.971745	0.000000	0.000000	-0.000000	-2.072620	13.003400	0.466521	6.352280	-15.249600	1.141650	-0.000000	0.000000	-0.000001	0.000000	-0.000000	-0.000091	0.000000	0.000000	0.000000	44.116901	-2.751680	5.327110	92.301804	-21.322300	93.406303	0.000000	0.000001	0.000001	0.000000	0.000000	0.000000	-36.413898	-29.687300	40.884499	-102.137001	1.558240	156.005997	0.000001	-0.000000	-0.000002	-0.022793	0.860182	0.000344	-0.000000	0.000000	0.000002
-0.097330	-0.463354	-17.216200	-2.626310	12.714400	0.578383	6.112220	-15.924500	0.975250	-0.000000	-0.000000	-0.000001	-1.405420	12.314700	0.299778	6.241030	-16.198700	1.361020	0.000000	-0.000000	0.000001	0.000011	-0.000037	0.000081	0.000000	0.000000	0.000000	41.080101	3.841360	12.980200	89.819901	-22.250500	89.522697	-0.000001	0.000000	0.000001	0.000000	0.000000	0.000000	-34.761799	-21.267000	36.029598	-103.239998	2.586140	152.035004	-0.000001	-0.000000	0.000001	0.244523	1.285630	-0.005487	0.000000	-0.000000	0.000000
0.201558	-0.408350	-17.335199	-2.798830	12.737200	0.617558	5.780830	-16.246799	0.854313	-0.000000	0.000000	-0.000000	-1.696380	12.051900	0.354303	6.147010	-16.087200	1.245980	-0.000000	0.000000	0.000001	0.000000	-0.000000	0.000020	0.000000	0.000000	0.000000	38.069199	8.284060	19.201599	87.890999	-25.931299	86.714500	0.000000	0.000001	0.000000	0.000000	0.000000	0.000000	-33.121899	-16.910101	33.420601	-103.135002	1.618930	153.593994	-0.000001	0.000001	-0.000001	0.252667	1.272400	-0.005612	0.000000	0.000000	-0.000002
0.621190	0.571754	-16.880198	-2.863860	11.479300	0.570412	5.702970	-16.005600	0.799261	-0.000000	0.000000	0.000001	-1.637720	10.466400	0.297593	5.713340	-14.862100	1.054040	0.000000	-0.000000	-0.000001	-0.000000	-0.000000	0.000018	0.000000	0.000000	0.000000	35.774601	9.222670	21.617500	89.471298	-27.446400	90.126602	0.000001	0.000001	-0.000000	0.000000	0.000000	0.000000	-32.676701	-15.655100	32.462299	-102.860001	2.846720	149.005997	-0.000000	0.000000	0.000000	0.134083	1.462600	-0.003423	0.000000	-0.000000	0.000000
0.361196	-0.054842	-16.254999	-3.175950	11.032600	0.608378	6.593290	-15.389700	0.923542	-0.000000	-0.000000	-0.000000	-1.842990	10.211600	0.326845	6.364550	-13.730000	1.082250	0.000000	-0.000000	0.000000	-0.000011	0.000037	-0.000075	0.000000	0.000000	0.000000	37.230598	6.541670	17.601299	90.609802	-23.227600	91.941002	-0.000000	-0.000000	-0.000000	0.000000	0.000000	0.000000	-32.696602	-15.021100	31.700300	-103.722000	1.547550	154.380005	-0.000001	0.000000	0.000001	0.219320	1.177860	-0.004507	0.000000	-0.000000	-0.000000
0.319953	0.002485	-16.025801	-2.816850	12.521300	0.611141	6.585030	-17.651199	1.164490	-0.000000	-0.000000	0.000001	-1.405820	11.383700	0.277500	6.016320	-15.649800	1.253700	0.000000	-0.000000	-0.000001	0.000000	0.000000	-0.000061	0.000000	0.000000	0.000000	38.426201	3.217010	13.140000	93.669899	-20.942101	98.166000	0.000001	0.000000	-0.000000	0.000000	0.000000	0.000000	-32.760700	-17.932400	34.715199	-105.163002	2.737880	153.970001	-0.000000	-0.000000	-0.000001	0.068096	1.386530	-0.001643	0.000000	0.000000	-0.000001
-0.044032	-0.558773	-16.049402	-2.479380	12.863100	0.552265	6.318200	-17.334200	1.163930	0.000000	-0.000000	-0.000001	-0.886979	11.942500	0.183529	5.502530	-15.479300	1.239470	-0.000000	0.000000	-0.000000	0.000011	-0.000037	-0.000000	0.000000	0.000000	0.000000	38.862701	-1.339030	7.457400	100.369003	-21.160700	110.947998	0.000000	0.000000	-0.000000	0.000000	0.000000	0.000000	-31.739500	-24.430500	41.718102	-104.310997	5.873890	146.940994	0.000001	0.000001	0.000001	-0.062923	1.150460	0.001265	-0.000000	-0.000000	-0.000002
-0.398466	-1.170170	-15.010301	-1.811680	13.924400	0.436075	5.439210	-17.549999	1.111270	-0.000000	0.000000	0.000001	-0.407518	13.286500	0.093630	5.192050	-16.350800	1.352890	0.000000	0.000000	0.000000	0.000010	-0.000038	0.000027	0.000000	0.000000	0.000000	38.415501	-10.830500	-4.583860	105.669998	-15.772200	124.466003	0.000001	0.000001	-0.000001	0.000000	0.000000	0.000000	-30.103001	-30.386400	47.813301	-104.859001	6.162690	149.505997	-0.000001	-0.000000	0.000000	0.302135	0.927212	-0.004888	0.000000	-0.000000	-0.000001
0.004534	-1.150270	-13.797800	-2.288640	13.617500	0.539073	5.649740	-17.329000	1.021400	-0.000000	-0.000000	-0.000000	-1.074640	13.651500	0.253628	5.739070	-16.759501	1.356540	0.000000	0.000000	-0.000000	0.000009	-0.000038	0.000023	0.000000	0.000000	0.000000	34.873501	-20.606899	-18.894300	111.878998	-14.066800	136.483994	-0.000000	-0.000000	-0.000000	0.000000	0.000000	0.000000	-28.056400	-35.251900	52.918800	-107.303001	0.039662	169.322006	-0.000000	0.000001	-0.000001	0.331159	0.885102	-0.005115	0.000000	-0.000000	0.000000
-0.663629	-0.975392	-14.320695	-1.876150	13.029300	0.423127	6.198830	-16.601601	1.251080	-0.000000	0.000000	-0.000000	-0.595664	13.502100	0.139089	6.329310	-16.454800	1.633810	0.000000	-0.000000	-0.000000	-0.000000	-0.000000	0.000021	0.000000	0.000000	0.000000	32.667198	-28.750099	-30.590401	114.820000	-17.238400	136.529999	0.000000	-0.000000	0.000001	0.000000	0.000000	0.000000	-17.902700	-42.974998	68.460503	-105.731003	-2.602690	179.585999	0.000000	0.000000	-0.000000	-0.078966	0.890003	0.001228	-0.000000	-0.000000	-0.000000
-0.870101	-1.135060	-15.314000	-1.023570	13.915100	0.246146	5.369300	-17.641199	1.328430	0.000000	-0.000000	0.000000	0.288062	12.645400	-0.063093	5.275390	-14.584800	1.403300	-0.000000	0.000000	0.000001	0.000010	-0.000037	-0.000007	0.000000	0.000000	0.000000	26.463699	-29.719500	-39.034500	121.699997	-28.029699	134.983002	-0.000000	-0.000000	0.000000	0.000000	0.000000	0.000000	-5.078920	-44.802502	85.134697	-106.550003	-9.223880	-160.645996	0.000000	-0.000001	0.000000	0.124980	0.562342	-0.001227	-0.000000	0.000000	0.000001
-0.045414	-1.492748	-10.987900	-1.274670	13.894200	0.306100	4.467400	-17.713301	0.983682	-0.000000	0.000000	0.000001	-0.038238	13.726800	0.009040	4.636540	-16.091700	1.277360	-0.000000	-0.000000	-0.000000	-0.000010	-0.000002	-0.000054	0.000000	0.000000	0.000000	11.398500	-41.894100	-70.872002	111.238998	-23.778000	125.043999	0.000001	0.000001	-0.000000	0.000000	0.000000	0.000000	5.075690	-47.652000	97.264801	-102.279999	-13.453100	-142.716003	0.000000	-0.000001	0.000000	0.102714	-0.169072	0.000303	0.000000	-0.000000	0.000000
1.095010	-1.582980	-8.872569	-3.694030	13.525600	0.865095	5.541510	-17.085400	0.573119	0.000000	-0.000000	-0.000000	-2.416070	15.152200	0.631877	5.620000	-17.897100	1.011420	-0.000000	-0.000000	-0.000000	0.000000	-0.000000	0.000057	0.000000	0.000000	0.000000	-1.016130	-43.506001	-90.944901	107.067001	-24.747299	117.564003	-0.000000	0.000001	0.000000	0.000000	0.000000	0.000000	13.269100	-47.072899	107.008003	-97.763702	-18.544399	-123.211998	-0.000001	-0.000001	0.000000	-0.101436	-1.041890	-0.001843	0.000000	-0.000000	-0.000000
1.033140	-2.400414	-10.487905	-5.420310	14.068300	1.321280	7.157100	-16.139900	0.528291	-0.000000	0.000000	0.000000	-4.007260	16.240499	1.122410	6.783150	-17.899000	0.903067	-0.000000	0.000000	0.000001	-0.000000	0.000000	-0.000046	0.000000	0.000000	0.000000	1.845260	-36.583801	-85.892097	110.558998	-37.131901	115.640999	-0.000000	-0.000001	0.000001	0.000000	0.000000	0.000000	7.035140	-38.244999	101.008003	-104.829002	-28.708900	-124.958000	-0.000000	0.000001	0.000001	-0.369731	-1.385780	-0.008941	-0.000000	-0.000000	-0.000000
0.796218	-1.915770	-10.846000	-4.731410	13.765400	1.128250	6.885050	-15.611300	0.616514	0.000000	-0.000000	-0.000000	-3.630770	15.913000	0.996715	7.565350	-17.252399	1.210100	-0.000000	0.000000	-0.000000	-0.000000	0.000000	0.000023	0.000000	0.000000	0.000000	0.761405	-34.041302	-87.924698	113.082001	-35.221699	120.739998	0.000000	-0.000000	0.000000	0.000000	0.000000	0.000000	2.186850	-33.839901	94.612602	-109.878998	-37.580700	-125.500999	0.000000	0.000001	-0.000002	-0.138687	-1.510090	-0.003657	-0.000000	0.000000	0.000000
0.585048	-1.906500	-11.341802	-3.825610	14.568500	0.963632	6.454220	-17.169201	0.812879	0.000000	-0.000000	-0.000000	-2.591750	15.937400	0.712116	6.633930	-17.464600	1.245010	-0.000000	-0.000000	0.000001	0.000000	-0.000000	0.000060	0.000000	0.000000	0.000000	2.873950	-31.313999	-83.018402	117.280998	-37.256001	125.190002	-0.000001	0.000001	0.000000	0.000000	0.000000	0.000000	1.581740	-33.724499	93.779701	-111.598000	-39.437401	-126.616997	-0.000000	-0.000001	-0.000000	-0.322775	-1.946610	-0.010966	-0.000000	-0.000000	0.000000
0.483478	-1.319790	-10.724908	-3.053310	13.368600	0.706609	5.724140	-16.242100	0.770724	-0.000000	-0.000000	0.000001	-1.813460	15.240900	0.476873	5.653150	-18.247700	1.223980	-0.000000	0.000000	-0.000000	0.000000	-0.000000	-0.000030	0.000000	0.000000	0.000000	2.393570	-34.192101	-84.546402	114.973000	-33.997799	124.011002	0.000000	0.000000	0.000000	0.000000	0.000000	0.000000	6.636260	-38.010899	100.568001	-106.166000	-33.320900	-123.336998	0.000001	-0.000000	-0.000000	-0.424292	-1.706440	-0.012637	-0.000000	-0.000000	-0.000000
1.257570	-1.569200	-7.200230	-3.247300	14.030700	0.788076	4.976100	-17.616199	0.552720	0.000000	0.000000	0.000000	-1.849860	15.560100	0.496385	4.873660	-18.132099	0.962981	-0.000000	-0.000000	0.000000	-0.000000	0.000000	-0.000017	0.000000	0.000000	0.000000	-2.901690	-42.496399	-93.831001	108.538002	-24.516800	120.725998	-0.000000	-0.000000	0.000000	0.000000	0.000000	0.000000	9.636930	-44.762699	102.799004	-100.449997	-24.229300	-121.969002	0.000000	0.000001	-0.000000	-0.339086	-1.319720	-0.007810	0.000000	-0.000000	-0.000000
0.997697	-1.423160	-8.799179	-4.195650	12.553000	0.913454	6.563260	-16.148600	0.686834	-0.000000	0.000000	-0.000000	-2.908450	15.706800	0.787993	6.735060	-18.675800	1.261910	-0.000000	0.000000	-0.000000	-0.000000	-0.000000	0.000051	0.000000	0.000000	0.000000	6.543770	-43.479000	-78.746002	112.023003	-22.192101	128.300995	0.000000	0.000000	-0.000001	0.000000	0.000000	0.000000	7.209580	-50.714401	99.236900	-100.443001	-19.598499	-128.522003	-0.000000	-0.000001	0.000000	-0.500676	-0.240225	-0.002099	-0.000000	0.000000	-0.000001
0.889064	-1.645060	-11.047400	-3.948410	12.218900	0.836902	6.343150	-15.441800	0.661848	0.000000	-0.000000	0.000000	-2.760610	13.996500	0.668142	6.656310	-16.129101	1.106650	0.000000	0.000000	-0.000000	-0.000000	0.000000	-0.000054	0.000000	0.000000	0.000000	19.788601	-40.223499	-57.184101	114.416000	-16.764500	137.606995	-0.000000	-0.000000	0.000001	0.000000	0.000000	0.000000	-4.962280	-51.622299	85.112503	-102.014000	-12.312200	-146.789001	0.000000	0.000000	-0.000000	0.084559	0.254675	-0.000376	0.000000	0.000000	-0.000000
0.943888	-2.201360	-12.100200	-4.586960	12.475500	0.992913	6.508690	-14.524400	0.509367	-0.000000	0.000000	-0.000000	-3.348180	14.067600	0.814712	6.792110	-15.558500	0.951818	-0.000000	-0.000000	0.000000	-0.000000	-0.000000	0.000016	0.000000	0.000000	0.000000	29.632500	-33.667000	-38.747398	110.889999	-10.070500	141.681000	0.000000	0.000000	-0.000000	0.000000	0.000000	0.000000	-20.204599	-45.352901	66.079002	-103.836998	-5.673100	-170.457993	0.000000	-0.000001	0.000001	-0.069583	0.422253	0.000515	-0.000000	-0.000000	0.000000
0.864247	-1.768879	-12.312400	-4.817690	12.970200	1.083770	7.248070	-15.712400	0.691951	-0.000000	0.000000	-0.000000	-3.523050	14.281100	0.870141	7.541050	-16.333900	1.162500	-0.000000	-0.000000	0.000000	-0.000000	0.000000	0.000020	0.000000	0.000000	0.000000	37.218498	-24.625000	-21.638800	105.253998	-8.566630	133.261002	0.000000	0.000000	0.000000	0.000000	0.000000	0.000000	-29.227600	-36.046200	51.807999	-103.650002	0.619426	165.751007	0.000001	0.000000	-0.000000	-0.150390	0.558923	0.001467	0.000000	-0.000000	0.000001
0.364700	-2.028862	-13.639701	-4.256570	13.836700	1.019760	7.183310	-16.338699	0.858881	0.000000	-0.000000	0.000000	-3.002170	14.988600	0.777113	7.429490	-16.839800	1.314700	-0.000000	0.000000	0.000000	-0.000000	0.000000	-0.000063	0.000000	0.000000	0.000000	41.670399	-12.391000	-5.424370	97.297997	-11.356200	109.103996	-0.000001	-0.000002	0.000001	0.000000	0.000000	0.000000	-31.030199	-26.695101	44.008801	-104.078003	2.369520	157.445007	-0.000001	0.000001	-0.000001	0.058238	0.444690	-0.000452	0.000000	-0.000000	-0.000002
0.170756	-1.355390	-15.183301	-3.141640	14.141300	0.768273	6.249900	-17.037201	0.939511	0.000000	-0.000000	-0.000000	-1.909990	14.588200	0.481242	6.408630	-17.414801	1.367450	0.000000	0.000000	-0.000000	-0.000010	0.000037	-0.000100	0.000000	0.000000	0.000000	41.127701	-1.051410	7.461430	91.152199	-17.740999	91.762199	-0.000000	-0.000000	0.000000	0.000000	0.000000	0.000000	-30.621500	-20.054100	38.932400	-103.735001	2.171310	155.007004	0.000001	-0.000001	-0.000000	0.098855	0.787089	-0.001357	-0.000000	0.000000	0.000003
0.054826	-1.180380	-15.873300	-2.539020	13.719300	0.602545	5.495500	-16.158800	0.843681	-0.000000	-0.000000	0.000000	-1.387600	14.157300	0.339457	5.619180	-16.819700	1.238750	-0.000000	0.000000	-0.000001	0.000000	-0.000000	-0.000042	0.000000	0.000000	0.000000	37.062599	5.631860	16.532301	88.866600	-24.015699	88.013603	0.000001	0.000001	0.000000	0.000000	0.000000	0.000000	-29.995300	-16.967199	36.497501	-102.244003	3.902700	146.242004	-0.000002	-0.000000	0.000001	0.169294	1.009250	-0.002981	-0.000000	-0.000000	0.000000
0.629977	-0.372417	-16.069500	-2.791590	12.660500	0.612354	5.561100	-16.750200	0.818357	0.000000	-0.000000	0.000000	-1.615410	12.254600	0.343014	5.508530	-16.132999	1.093580	0.000000	0.000000	0.000000	-0.000000	0.000000	0.000110	0.000000	0.000000	0.000000	34.774899	7.472460	20.021601	87.654198	-25.274200	86.168701	0.000000	-0.000001	-0.000000	0.000000	0.000000	0.000000	-29.208799	-16.064199	36.349602	-102.887001	5.435950	143.069000	0.000000	0.000000	-0.000000	0.123058	1.192140	-0.002558	0.000000	0.000000	0.000000
0.091738	-0.454496	-15.986601	-2.052020	12.651500	0.449592	5.144570	-15.907200	0.862055	0.000000	-0.000000	-0.000001	-1.093810	12.247300	0.232033	5.596000	-15.417500	1.205840	-0.000000	0.000000	-0.000001	0.000000	0.000000	-0.000065	0.000000	0.000000	0.000000	35.883900	6.116450	17.718800	87.747902	-23.730600	85.896698	-0.000000	0.000000	-0.000000	0.000000	0.000000	0.000000	-28.709999	-16.781700	37.705299	-103.480003	5.780640	143.725006	0.000000	-0.000001	-0.000001	-0.255095	1.166300	0.005195	0.000000	0.000000	-0.000000
0.123884	-0.680859	-15.583100	-2.163640	13.005300	0.487176	5.427750	-16.342100	0.935001	-0.000000	0.000000	0.000000	-0.653686	12.735100	0.144155	4.626770	-15.896400	1.094260	-0.000000	0.000000	-0.000000	-0.000000	0.000000	0.000156	0.000000	0.000000	0.000000	35.996300	2.177570	12.603100	90.786400	-21.082100	91.442001	0.000001	-0.000001	-0.000000	0.000000	0.000000	0.000000	-29.257601	-20.688801	41.093601	-102.906998	6.303820	142.764008	0.000001	0.000001	-0.000002	-0.453108	1.020980	0.008075	0.000000	-0.000000	0.000000
0.259023	-0.457877	-15.258815	-2.405560	13.418900	0.558575	5.867130	-18.000200	1.091240	-0.000000	-0.000000	0.000000	-1.095230	12.662600	0.240118	5.714040	-16.238899	1.301690	0.000000	0.000000	0.000001	-0.000010	0.000037	-0.000073	0.000000	0.000000	0.000000	35.837502	-2.466950	6.357190	95.592697	-19.492399	101.622002	0.000000	-0.000001	-0.000000	0.000000	0.000000	0.000000	-27.862600	-26.599600	47.757801	-103.057999	7.846160	141.807007	0.000000	-0.000001	-0.000000	-0.234941	0.996017	0.004086	0.000000	0.000000	0.000000
0.396780	-0.824929	-15.118805	-2.571100	13.909400	0.618463	5.534930	-18.093399	0.944687	0.000000	-0.000000	0.000001	-1.244520	13.400800	0.288487	5.327240	-16.813601	1.192640	0.000000	0.000000	0.000001	-0.000000	0.000000	-0.000055	0.000000	0.000000	0.000000	34.617500	-8.050620	-1.691800	102.650002	-19.545601	115.300003	0.000000	-0.000000	-0.000000	0.000000	0.000000	0.000000	-25.323799	-32.941299	55.047401	-103.262001	5.398780	150.656998	0.000001	-0.000001	0.000000	0.148831	1.000000	-0.002596	-0.000000	-0.000000	-0.000002
0.349195	-0.826986	-15.153499	-2.739740	14.039100	0.665102	5.927680	-18.670900	1.047790	0.000000	-0.000000	-0.000001	-1.451690	13.172800	0.330897	5.902920	-16.242201	1.258050	0.000000	-0.000000	-0.000000	0.000000	-0.000000	0.000012	0.000000	0.000000	0.000000	32.653900	-16.893801	-15.600200	108.133003	-16.478701	127.390999	-0.000000	0.000000	0.000000	0.000000	0.000000	0.000000	-19.590599	-39.833099	65.421997	-103.199997	2.981500	160.587006	0.000001	0.000000	0.000000	0.005163	1.344060	-0.000120	0.000000	0.000000	-0.000002
0.574845	-1.152099	-14.915298	-3.236650	13.962700	0.781802	6.277740	-18.637699	1.003370	-0.000000	0.000000	0.000002	-2.051340	12.589000	0.447329	6.709930	-14.423200	1.175140	-0.000000	0.000000	-0.000000	0.000000	-0.000000	0.000065	0.000000	0.000000	0.000000	28.597300	-25.139700	-30.788900	113.018997	-17.157400	134.257996	-0.000000	-0.000001	-0.000000	0.000000	0.000000	0.000000	-10.460400	-46.052799	78.422401	-101.220001	-2.334420	-178.802002	-0.000000	0.000000	-0.000001	0.056008	1.244920	-0.001217	0.000000	0.000000	-0.000000
-0.084103	-1.685300	-14.328900	-2.400180	15.151600	0.627733	6.143850	-18.965799	1.245490	-0.000000	0.000000	0.000000	-0.878240	13.923200	0.211384	5.872660	-15.596100	1.352920	-0.000000	0.000000	-0.000000	0.000000	-0.000000	0.000121	0.000000	0.000000	0.000000	23.350100	-31.512501	-45.120201	114.073997	-23.319000	129.332001	-0.000000	-0.000001	-0.000000	0.000000	0.000000	0.000000	3.516460	-48.447102	95.747704	-99.150703	-6.676710	-156.791000	-0.000000	0.000001	0.000001	-0.145929	0.879737	0.002242	-0.000000	0.000000	-0.000001
0.415840	-2.260480	-10.666400	-0.981823	15.859800	0.268350	3.239110	-18.806499	0.740085	0.000000	-0.000000	0.000000	0.538937	15.919700	-0.147821	2.773430	-18.265301	1.032700	0.000000	0.000000	0.000001	0.000000	-0.000000	-0.000019	0.000000	0.000000	0.000000	10.025400	-40.876801	-72.618896	107.628998	-22.045000	120.390999	0.000000	-0.000000	0.000001	0.000000	0.000000	0.000000	11.746900	-49.421501	105.014999	-95.537003	-11.495500	-131.095001	0.000000	-0.000000	-0.000001	-0.210053	-0.066364	-0.000242	-0.000000	-0.000000	-0.000000
0.825750	-2.618849	-10.426698	-3.696450	16.248600	1.035620	5.740570	-18.932199	0.711486	0.000000	-0.000000	0.000001	-1.853470	17.723101	0.564412	4.648830	-19.248501	0.951254	0.000000	0.000000	0.000000	0.000000	-0.000000	0.000062	0.000000	0.000000	0.000000	2.504790	-41.646702	-85.313499	104.577003	-26.760900	111.146004	0.000001	-0.000001	-0.000000	0.000000	0.000000	0.000000	16.408701	-45.069500	111.476997	-93.682098	-18.965200	-112.558998	0.000000	0.000000	-0.000001	-0.428228	-1.261060	-0.009426	0.000000	-0.000000	0.000001
1.089920	-2.714214	-10.393000	-4.599160	17.333799	1.372960	6.344680	-20.321400	0.679102	-0.000000	-0.000000	0.000000	-2.901110	17.559401	0.875938	5.783460	-17.923000	0.929414	-0.000000	-0.000000	-0.000000	0.000000	-0.000000	0.000073	0.000000	0.000000	0.000000	2.849270	-34.482601	-83.563797	109.695000	-35.756001	115.206001	-0.000000	-0.000000	-0.000000	0.000000	0.000000	0.000000	8.636480	-36.705601	103.606003	-101.445000	-29.709200	-118.419998	0.000000	-0.000000	0.000001	-0.336380	-1.812000	-0.010638	0.000000	0.000000	0.000001
1.205801	-2.703650	-10.206401	-5.067780	15.844300	1.386980	6.624810	-17.279200	0.519957	0.000000	-0.000000	-0.000000	-3.527760	17.659300	1.071400	6.327630	-18.304800	0.932376	-0.000000	0.000000	0.000000	0.000000	-0.000000	0.000024	0.000000	0.000000	0.000000	2.294440	-30.762600	-83.921097	113.538002	-37.236500	120.244003	0.000000	0.000001	0.000000	0.000000	0.000000	0.000000	2.577370	-31.943800	95.313400	-107.556000	-36.460999	-122.883003	0.000000	0.000000	-0.000000	-0.118571	-1.801050	-0.003726	0.000000	-0.000000	0.000000
1.312171	-2.814471	-11.385900	-6.135850	15.756600	1.672130	7.642100	-16.905701	0.505440	-0.000000	0.000000	-0.000000	-4.633880	17.378599	1.386830	7.648140	-17.384300	0.964847	0.000000	-0.000000	-0.000001	-0.000000	0.000000	-0.000066	0.000000	0.000000	0.000000	3.854930	-29.354500	-80.067001	117.907997	-40.040401	124.389000	0.000001	-0.000001	-0.000000	0.000000	0.000000	0.000000	0.744103	-29.219999	92.718102	-110.411003	-38.747501	-125.197998	0.000000	-0.000001	0.000001	-0.299008	-1.699230	-0.008866	-0.000000	0.000000	-0.000001
1.148890	-2.747511	-12.192404	-5.592920	15.836100	1.530740	6.999780	-16.930401	0.471802	-0.000000	-0.000000	-0.000000	-4.623740	17.880199	1.422420	8.075210	-19.021500	1.199310	-0.000000	-0.000000	0.000000	-0.000000	0.000000	-0.000045	0.000000	0.000000	0.000000	2.075770	-32.142300	-85.151802	113.967003	-34.661701	122.403999	0.000000	-0.000001	0.000000	0.000000	0.000000	0.000000	6.410460	-34.311501	101.195999	-104.084000	-33.403500	-120.003998	-0.000000	0.000000	-0.000000	-0.400037	-1.800090	-0.012569	0.000000	-0.000000	0.000000
0.901943	-2.365740	-11.236501	-4.080300	15.798000	1.112600	5.789750	-17.789301	0.569606	-0.000000	0.000000	-0.000000	-3.329430	16.967400	0.972623	7.498860	-17.937401	1.331050	0.000000	0.000000	0.000000	-0.000000	0.000000	0.000041	0.000000	0.000000	0.000000	0.505257	-39.661201	-88.771599	109.551003	-26.415199	121.113998	0.000001	-0.000001	-0.000000	0.000000	0.000000	0.000000	11.760900	-40.196999	107.088997	-101.973999	-25.266899	-123.346001	-0.000001	0.000000	0.000000	-0.281094	-1.396910	-0.006853	0.000000	0.000000	0.000001
0.401275	-2.516301	-12.767713	-3.795110	15.422200	1.010610	6.029200	-16.836201	0.687063	0.000000	0.000000	0.000000	-2.649130	17.019600	0.775905	6.688220	-17.708200	1.265890	0.000000	-0.000000	-0.000000	-0.000000	0.000000	0.000014	0.000000	0.000000	0.000000	9.250910	-38.619202	-73.332901	114.983002	-24.889000	130.373001	-0.000000	-0.000001	0.000000	0.000000	0.000000	0.000000	12.765700	-47.532398	106.833000	-101.936996	-20.082701	-130.360001	0.000000	0.000002	0.000000	-0.204189	-0.777191	-0.002769	-0.000000	0.000000	-0.000001
0.161718	-2.187381	-14.068801	-3.776880	15.916500	1.037150	6.548610	-18.173401	0.910412	-0.000000	0.000000	0.000000	-2.337950	15.652100	0.631100	6.532970	-16.204100	1.196920	0.000000	0.000000	-0.000000	-0.000000	0.000000	0.000058	0.000000	0.000000	0.000000	21.100201	-34.025002	-50.846298	120.496002	-22.133801	139.261993	0.000000	0.000001	0.000001	0.000000	0.000000	0.000000	1.318660	-50.268101	92.934097	-105.403999	-14.341700	-147.378006	-0.000000	-0.000000	0.000001	0.277128	-0.275358	0.001332	0.000000	0.000000	-0.000001
-0.025752	-2.355497	-15.305896	-4.048110	16.236799	1.133630	7.385770	-18.547400	1.114350	-0.000000	0.000000	0.000001	-2.477740	16.196800	0.691541	6.942200	-17.759501	1.394440	0.000000	0.000000	0.000000	-0.000000	-0.000000	0.000067	0.000000	0.000000	0.000000	32.927200	-28.005400	-29.665300	117.334999	-16.262600	141.132004	0.000000	0.000001	-0.000001	0.000000	0.000000	0.000000	-14.676900	-47.789600	73.640297	-107.860001	-7.258390	-168.223007	0.000000	0.000000	-0.000000	0.424900	0.208132	-0.001545	-0.000000	0.000000	-0.000000
0.114103	-1.411830	-15.711099	-3.437360	14.634700	0.869454	6.764280	-17.364599	1.027360	-0.000000	-0.000000	0.000000	-2.218840	14.645900	0.561295	7.012480	-16.861000	1.414420	0.000000	-0.000000	-0.000000	-0.000000	0.000000	0.000096	0.000000	0.000000	0.000000	41.688099	-18.184601	-11.921100	107.789001	-14.526500	129.110992	0.000000	-0.000001	0.000000	0.000000	0.000000	0.000000	-28.101299	-40.504902	55.607300	-108.068001	-0.036625	170.432999	-0.000001	0.000000	-0.000000	0.327709	0.587379	-0.003358	-0.000000	0.000000	0.000002
0.293180	-0.945704	-16.509899	-3.240010	13.230100	0.742231	6.193040	-16.048700	0.840893	-0.000000	0.000000	0.000001	-2.154700	13.106700	0.488795	6.760830	-15.624900	1.258300	0.000000	0.000000	0.000000	0.000000	-0.000000	-0.000095	0.000000	0.000000	0.000000	43.560398	-6.856170	0.973867	99.830498	-17.228500	111.526001	-0.000001	-0.000001	0.000001	0.000000	0.000000	0.000000	-35.453098	-32.399799	43.471600	-104.012001	5.991720	147.822998	-0.000000	-0.000001	0.000001	0.390495	0.841693	-0.005736	0.000000	0.000000	-0.000000
0.285440	-0.269469	-16.652800	-3.217060	13.053100	0.727324	6.547380	-16.733801	0.983895	-0.000000	-0.000000	-0.000000	-2.005370	12.273400	0.426475	6.819660	-15.096800	1.268660	-0.000000	0.000000	0.000001	0.000000	-0.000000	0.000023	0.000000	0.000000	0.000000	41.934502	2.106610	10.833300	94.916199	-22.019300	100.186996	0.000000	0.000001	0.000000	0.000000	0.000000	0.000000	-38.490002	-24.260300	34.963799	-99.529999	6.370650	134.365997	-0.000000	0.000001	-0.000001	0.279721	1.007580	-0.004918	0.000000	-0.000000	-0.000002
0.309939	0.198561	-16.904100	-3.049670	12.664400	0.669259	6.327620	-17.242599	0.994686	-0.000000	-0.000000	-0.000001	-1.724930	11.699200	0.349918	6.353580	-15.561700	1.253940	0.000000	-0.000000	-0.000001	-0.000011	0.000037	-0.000027	0.000000	0.000000	0.000000	40.686298	6.980100	16.503401	91.682503	-23.761000	94.157600	0.000000	0.000001	0.000000	0.000000	0.000000	0.000000	-37.678001	-19.745899	31.987600	-99.100899	5.598670	133.313004	0.000000	0.000001	0.000001	0.412901	1.150880	-0.008291	0.000000	0.000000	-0.000000
-0.083846	-0.424291	-17.189400	-2.777760	13.633000	0.655218	5.998860	-17.296700	0.981962	0.000000	0.000000	0.000001	-1.547170	11.913100	0.319461	6.441820	-14.250900	1.215920	0.000000	-0.000000	-0.000000	0.000000	0.000000	-0.000034	0.000000	0.000000	0.000000	41.193699	9.556860	18.907900	89.598297	-25.424101	90.266296	-0.000000	0.000000	0.000000	0.000000	0.000000	0.000000	-37.125099	-18.853800	31.680799	-99.482903	6.055340	132.962997	-0.000000	-0.000001	-0.000000	0.082524	0.942251	-0.001356	-0.000000	-0.000000	-0.000001
-0.339285	-1.348220	-16.854406	-2.716840	14.682200	0.689059	6.074750	-17.338301	1.028270	0.000000	-0.000000	0.000001	-1.180210	13.304200	0.271598	5.699840	-14.921500	1.174230	-0.000000	-0.000000	0.000000	0.000011	-0.000037	-0.000047	0.000000	0.000000	0.000000	40.865002	7.754920	17.188601	91.004997	-23.854601	92.689903	-0.000000	0.000001	0.000000	0.000000	0.000000	0.000000	-36.522900	-20.197599	33.397400	-98.697197	6.409730	130.875000	-0.000000	0.000001	0.000000	0.312747	0.745982	-0.004074	0.000000	0.000000	-0.000000
-0.590448	-1.121060	-16.304506	-2.355030	14.680900	0.597175	6.156640	-17.325600	1.156640	0.000000	-0.000000	0.000000	-0.933094	13.915100	0.224425	6.064690	-15.992800	1.424930	0.000000	0.000000	0.000000	-0.000000	0.000000	0.000004	0.000000	0.000000	0.000000	42.192001	2.455520	11.121500	91.867500	-18.479000	94.173897	-0.000000	0.000000	0.000000	0.000000	0.000000	0.000000	-34.206501	-23.300800	38.232101	-100.353996	7.892210	133.490005	-0.000000	0.000000	0.000001	0.415629	0.961564	-0.006974	0.000000	0.000000	0.000000
-0.778511	-0.670858	-15.813205	-1.220190	13.779300	0.290712	5.049800	-16.988501	1.130760	-0.000000	0.000000	0.000000	0.191972	13.350700	-0.044286	4.889690	-16.300400	1.428270	-0.000000	0.000000	0.000001	-0.000020	0.000035	0.000012	0.000000	0.000000	0.000000	42.781601	-4.131810	3.918770	95.277100	-15.571700	102.283997	-0.000000	0.000000	-0.000000	0.000000	0.000000	0.000000	-33.191299	-28.449301	43.184799	-101.347000	6.760860	140.345993	-0.000000	0.000000	0.000001	0.396776	1.096090	-0.007587	0.000000	0.000000	-0.000002
-0.752306	-1.552180	-15.252600	-1.383240	15.428000	0.368061	5.201880	-18.953199	1.258160	-0.000000	0.000000	-0.000000	0.126022	14.458900	-0.031453	4.725150	-16.658100	1.392530	-0.000000	0.000000	-0.000001	0.000000	0.000000	-0.000055	0.000000	0.000000	0.000000	41.047699	-11.480300	-4.650460	99.850800	-14.509500	112.966003	0.000001	0.000000	0.000001	0.000000	0.000000	0.000000	-30.521500	-35.408401	50.364498	-101.502998	4.988450	148.382004	-0.000000	0.000001	-0.000001	0.342033	0.703625	-0.004199	-0.000000	0.000000	-0.000001
-0.687996	-1.647540	-14.914401	-1.418220	15.022800	0.367689	4.767620	-17.834700	1.041770	0.000000	0.000000	0.000001	0.000586	14.562100	-0.000138	4.287930	-16.573299	1.225350	0.000000	0.000000	-0.000001	-0.000000	0.000000	-0.000078	0.000000	0.000000	0.000000	38.485100	-20.471701	-16.303400	104.598999	-12.872500	124.642998	-0.000000	-0.000001	0.000000	0.000000	0.000000	0.000000	-26.799601	-42.560299	57.842098	-102.122002	0.407026	166.567001	0.000000	0.000000	-0.000001	0.488344	0.673942	-0.005745	-0.000000	0.000000	-0.000001
-0.495545	-1.714230	-14.445099	-2.204740	14.675000	0.558809	5.443930	-17.329599	0.987280	0.000000	0.000000	-0.000000	-0.613057	14.651900	0.155086	4.552280	-17.104401	1.166130	-0.000000	0.000000	0.000000	0.000000	-0.000000	0.000068	0.000000	0.000000	0.000000	33.467899	-29.989300	-31.093399	108.875999	-12.253700	133.994003	0.000000	0.000000	0.000000	0.000000	0.000000	0.000000	-17.858101	-49.511902	70.169998	-100.748001	-5.068960	-170.171005	0.000000	-0.000000	0.000001	0.413434	0.753632	-0.005436	0.000000	0.000000	0.000000
-0.553229	-1.660349	-13.148201	-1.040940	13.995100	0.251781	4.200440	-16.606199	0.912644	-0.000000	0.000000	0.000000	0.188286	14.292700	-0.046469	4.025510	-16.105600	1.169250	0.000000	-0.000000	-0.000000	0.000009	0.000002	-0.000008	0.000000	0.000000	0.000000	23.616899	-37.249298	-49.892502	113.547997	-22.135500	129.598007	0.000000	-0.000000	-0.000000	0.000000	0.000000	0.000000	3.170180	-53.083401	94.890297	-97.932800	-11.979600	-138.731003	0.000001	0.000000	-0.000001	0.114627	0.229357	-0.000459	-0.000000	0.000000	-0.000001
-0.395015	-2.096500	-13.709900	-2.218790	15.653100	0.598944	5.385780	-18.266001	1.019400	0.000000	0.000000	0.000000	-0.817345	15.618400	0.220078	5.061910	-17.016001	1.253070	-0.000000	0.000000	0.000000	-0.000000	0.000000	0.000004	0.000000	0.000000	0.000000	9.989190	-39.044601	-72.417297	110.647003	-29.986900	119.386002	0.000000	-0.000000	-0.000000	0.000000	0.000000	0.000000	11.549900	-45.204800	105.970001	-97.521599	-24.256399	-116.901001	0.000000	-0.000000	-0.000000	-0.150612	-0.943352	-0.002481	0.000000	0.000000	0.000000
-0.286491	-2.082080	-12.045300	-1.892880	15.453100	0.504538	4.985040	-17.822800	0.968260	-0.000000	0.000000	0.000001	-0.762041	16.007999	0.210172	5.265830	-17.094500	1.335100	-0.000000	0.000000	-0.000000	0.000000	-0.000000	0.000053	0.000000	0.000000	0.000000	6.471400	-34.533199	-76.642197	116.670998	-37.630600	123.610001	0.000000	0.000000	-0.000001	0.000000	0.000000	0.000000	4.619170	-36.638699	98.127602	-102.693001	-37.417599	-115.919998	0.000000	-0.000000	-0.000000	-0.283530	-1.596270	-0.007901	-0.000000	-0.000000	0.000001
-0.007974	-2.208050	-11.378894	-1.492060	16.117901	0.414313	3.761230	-18.333900	0.732581	0.000000	-0.000000	-0.000001	-0.604517	17.298599	0.179769	4.627900	-18.873600	1.312280	-0.000000	-0.000000	0.000000	0.000000	-0.000000	-0.000009	0.000000	0.000000	0.000000	4.389930	-32.384499	-79.991302	117.472000	-38.971401	124.190002	-0.000000	-0.000000	0.000001	0.000000	0.000000	0.000000	1.399480	-33.379002	93.534103	-106.584999	-41.682999	-118.954002	0.000000	-0.000001	-0.000000	-0.254084	-1.801580	-0.007988	-0.000000	0.000000	0.000000
0.223159	-2.188100	-11.545400	-3.035890	16.389700	0.857382	5.260960	-18.943501	0.762794	-0.000000	0.000000	0.000001	-1.348790	17.198999	0.398900	4.634950	-18.636299	1.070480	-0.000000	-0.000000	0.000000	-0.000000	0.000001	0.000011	0.000000	0.000000	0.000000	2.683480	-33.428200	-83.958702	114.771004	-35.232101	122.973999	-0.000000	-0.000001	0.000001	0.000000	0.000000	0.000000	5.616790	-36.917599	99.432297	-102.861000	-37.083401	-116.295998	-0.000001	0.000001	-0.000000	-0.379793	-1.986980	-0.013169	-0.000000	-0.000000	-0.000001
0.403498	-2.171290	-11.110500	-3.200940	15.425200	0.852215	5.484720	-17.213301	0.710365	-0.000000	-0.000000	-0.000000	-1.728410	16.713100	0.497201	5.172100	-17.941601	1.084540	0.000000	-0.000000	0.000000	-0.000000	0.000000	0.000029	0.000000	0.000000	0.000000	-1.301780	-41.213501	-91.895103	106.660004	-25.146299	116.944000	-0.000000	0.000001	0.000000	0.000000	0.000000	0.000000	15.053300	-44.406200	110.106003	-95.207603	-26.596500	-110.014000	-0.000001	0.000000	-0.000000	-0.616872	-1.645660	-0.017717	0.000000	-0.000000	0.000000
0.500693	-2.041780	-11.346994	-3.111980	16.535400	0.886501	5.179070	-19.600599	0.736955	-0.000000	-0.000000	0.000000	-1.430370	16.127399	0.397405	4.581930	-17.397400	0.960051	-0.000000	-0.000000	-0.000000	-0.000000	0.000000	-0.000035	0.000000	0.000000	0.000000	4.106240	-43.354599	-83.055099	108.936996	-22.643499	122.885002	-0.000000	0.000001	0.000001	0.000000	0.000000	0.000000	16.729700	-51.146900	110.502998	-94.509903	-19.646000	-115.068001	0.000001	0.000001	-0.000001	-0.430577	-1.145730	-0.008609	0.000000	0.000000	-0.000000
-0.353696	-2.084141	-13.575701	-1.989560	15.409000	0.528848	4.468100	-17.110500	0.750714	0.000000	0.000000	0.000000	-0.839655	15.599000	0.225811	4.954680	-16.679501	1.191860	-0.000000	0.000000	-0.000000	0.000000	-0.000000	-0.000100	0.000000	0.000000	0.000000	16.364201	-39.644001	-62.344398	113.945999	-21.835300	131.214005	0.000001	0.000000	-0.000001	0.000000	0.000000	0.000000	5.857570	-52.603901	98.079597	-98.771896	-13.858400	-136.014008	-0.000000	-0.000000	0.000000	0.010000	-0.167565	0.000030	0.000000	-0.000000	0.000001
-0.043737	-2.184840	-13.485000	-2.854540	15.389700	0.758145	5.177160	-16.929399	0.706533	0.000000	0.000000	0.000000	-1.537680	15.324500	0.406491	5.307770	-16.769600	1.105030	0.000000	0.000000	-0.000000	0.000000	0.000000	0.000036	0.000000	0.000000	0.000000	26.048300	-35.801899	-45.424999	114.056999	-16.809099	136.462006	0.000000	0.000000	0.000000	0.000000	0.000000	0.000000	-13.462100	-49.128700	75.098999	-102.641998	-9.351970	-157.264999	-0.000000	-0.000000	0.000000	0.078228	0.379644	-0.000517	0.000000	-0.000000	-0.000000
-0.158218	-1.360290	-13.937800	-2.767670	13.063000	0.626024	5.775350	-15.031000	0.799314	0.000000	0.000000	-0.000000	-0.996040	13.310600	0.229347	4.679230	-14.995600	0.961174	0.000000	0.000000	-0.000000	0.000000	0.000000	0.000101	0.000000	0.000000	0.000000	35.695801	-28.549500	-27.329300	110.322998	-14.259500	133.438995	0.000000	-0.000000	0.000000	0.000000	0.000000	0.000000	-25.849199	-41.952599	58.564701	-104.063004	-2.629860	177.774994	0.000001	-0.000000	0.000000	0.254965	0.450205	-0.002003	0.000000	0.000000	-0.000000
0.032790	-0.460412	-14.227898	-2.746420	12.637400	0.601349	6.066330	-16.224300	0.947189	-0.000000	-0.000000	0.000000	-0.801636	12.087800	0.167930	4.598250	-14.596700	0.962600	0.000000	-0.000000	0.000000	-0.000000	0.000000	0.000049	0.000000	0.000000	0.000000	40.974899	-18.973900	-13.015800	103.068001	-13.076000	121.289001	0.000001	0.000002	-0.000001	0.000000	0.000000	0.000000	-32.566700	-33.481098	46.912601	-103.985001	1.311500	161.889008	0.000000	-0.000000	-0.000000	0.341087	0.652753	-0.003886	-0.000000	-0.000000	0.000002
0.298302	0.592950	-14.572402	-2.869900	10.630300	0.529853	6.422680	-15.145900	0.942289	0.000000	0.000000	-0.000000	-0.743228	10.835000	0.139729	4.471350	-15.138200	0.978341	-0.000000	0.000000	0.000000	-0.000000	-0.000000	0.000092	0.000000	0.000000	0.000000	42.038799	-8.579580	-1.009240	96.503899	-15.369200	104.917000	0.000000	-0.000000	0.000000	0.000000	0.000000	0.000000	-35.352402	-25.692101	38.826000	-103.667000	4.872830	148.421997	0.000002	0.000001	-0.000001	0.340137	1.183090	-0.007024	-0.000000	0.000000	0.000001
0.703628	0.420475	-14.738599	-3.649390	11.183800	0.708713	6.692220	-16.114599	0.864598	0.000000	-0.000000	0.000000	-1.902840	10.929200	0.360867	5.812280	-15.157900	1.032770	-0.000000	-0.000000	-0.000000	0.000010	-0.000038	-0.000033	0.000000	0.000000	0.000000	40.199501	-0.290363	8.526730	91.340500	-20.761999	92.553596	0.000001	0.000000	-0.000000	0.000000	0.000000	0.000000	-37.679699	-21.219400	33.086700	-102.279999	6.618310	139.688004	-0.000000	-0.000001	-0.000000	0.414349	1.455550	-0.010524	0.000000	-0.000000	0.000000
1.250120	0.682156	-14.099599	-4.328690	11.003000	0.827736	6.585570	-16.344999	0.657902	0.000000	-0.000000	-0.000000	-2.723150	11.045400	0.522144	6.001770	-16.433100	0.942759	0.000000	-0.000000	0.000000	-0.000010	0.000037	-0.000073	0.000000	0.000000	0.000000	40.190701	1.817400	10.964900	85.936600	-18.943600	80.534599	0.000000	-0.000000	-0.000000	0.000000	0.000000	0.000000	-38.033600	-17.419701	29.382700	-103.720001	6.570320	141.513000	-0.000001	0.000001	0.000001	0.345982	1.628230	-0.009828	0.000000	0.000000	0.000000
1.192670	-0.156581	-13.958600	-4.867460	11.779700	0.995948	6.929090	-16.132601	0.601652	-0.000000	0.000000	-0.000000	-3.332190	12.124500	0.700605	6.615310	-16.534100	0.956500	-0.000000	0.000000	-0.000000	-0.000000	-0.000000	-0.000158	0.000000	0.000000	0.000000	39.602600	2.532660	11.916800	85.565002	-19.088800	79.744499	0.000000	-0.000000	0.000000	0.000000	0.000000	0.000000	-36.993698	-15.782000	28.634800	-104.581001	5.342300	145.690994	-0.000000	0.000000	-0.000000	0.485438	1.273780	-0.010790	0.000000	0.000000	-0.000000
0.852299	-0.376434	-14.115900	-4.289510	11.753700	0.875370	6.459690	-15.172100	0.591835	-0.000000	0.000000	0.000000	-3.178480	12.378600	0.682045	7.036330	-16.060600	1.089320	0.000000	0.000000	-0.000000	0.000000	0.000000	0.000002	0.000000	0.000000	0.000000	38.675701	1.470270	10.916000	87.884399	-19.439899	84.908501	0.000000	-0.000000	0.000000	0.000000	0.000000	0.000000	-36.238098	-16.578699	30.051399	-105.008003	3.445780	151.466003	-0.000001	-0.000000	0.000000	0.381535	1.037040	-0.006905	-0.000000	0.000000	0.000000
0.490075	-0.487621	-14.338100	-3.524070	12.401200	0.757733	5.920440	-15.909500	0.679836	-0.000000	0.000000	0.000000	-2.410040	13.068400	0.545256	6.569900	-16.586901	1.207340	0.000000	0.000000	0.000000	-0.000000	-0.000000	-0.000011	0.000000	0.000000	0.000000	39.464699	-1.848880	6.758730	91.748703	-16.797001	93.509003	-0.000001	-0.000001	-0.000000	0.000000	0.000000	0.000000	-33.758301	-21.001801	36.496300	-105.529999	5.218240	149.475998	-0.000002	0.000000	0.000001	0.447945	1.102760	-0.008623	0.000000	0.000000	-0.000000
0.287157	-0.405385	-13.957800	-2.698740	11.677200	0.546611	5.068570	-14.559100	0.610110	-0.000000	0.000000	0.000000	-1.970560	12.850200	0.438424	6.306850	-16.769699	1.267640	-0.000000	0.000000	0.000000	-0.000009	0.000038	-0.000060	0.000000	0.000000	0.000000	40.103001	-8.022900	-0.680223	96.288696	-14.843400	104.713997	-0.000000	0.000001	0.000000	0.000000	0.000000	0.000000	-32.955799	-27.813000	42.778301	-104.627998	5.742510	149.130005	-0.000001	-0.000000	0.000000	0.417710	1.176720	-0.008578	-0.000000	-0.000000	0.000000
0.162877	-1.230360	-14.113600	-3.178520	13.677300	0.752312	5.765210	-16.675301	0.768637	0.000000	-0.000000	-0.000000	-2.064040	13.976700	0.498736	6.112860	-16.972500	1.201630	-0.000000	-0.000000	0.000000	0.000000	-0.000000	0.000003	0.000000	0.000000	0.000000	39.214298	-16.122700	-10.724000	101.380997	-12.376500	118.443001	0.000000	0.000000	-0.000000	0.000000	0.000000	0.000000	-29.740000	-35.468700	51.125999	-105.489998	3.407390	158.804993	0.000000	-0.000000	0.000000	0.481652	0.806779	-0.006782	0.000000	-0.000000	0.000000
-0.430922	-1.614030	-15.336103	-2.727020	14.612100	0.688486	6.159890	-17.504900	1.060330	-0.000000	0.000000	0.000002	-1.349400	14.397000	0.335618	5.960310	-16.774900	1.345710	0.000000	-0.000000	-0.000000	-0.000010	0.000038	0.000017	0.000000	0.000000	0.000000	35.837101	-22.723301	-20.903700	108.300003	-13.336100	131.320999	0.000000	0.000001	0.000000	0.000000	0.000000	0.000000	-18.646200	-43.625801	67.851799	-105.821999	1.274610	168.509995	-0.000001	0.000000	0.000001	0.269210	0.888869	-0.004177	-0.000000	0.000000	0.000001
-0.451180	-1.884350	-14.794100	-1.998720	15.395500	0.530827	5.169180	-18.082199	1.007280	-0.000000	0.000000	0.000000	-1.007180	14.501100	0.252231	5.981650	-15.587500	1.348480	0.000000	0.000000	-0.000000	0.000000	0.000000	0.000006	0.000000	0.000000	0.000000	28.739201	-27.926901	-34.092098	115.893997	-21.795300	133.097000	-0.000000	-0.000001	0.000000	0.000000	0.000000	0.000000	-5.841360	-49.222000	84.408401	-104.026001	-2.144100	-178.350998	0.000000	-0.000000	-0.000000	0.128087	0.956957	-0.002137	-0.000000	0.000000	-0.000002
-0.803556	-2.068730	-14.196400	-0.924739	16.189600	0.257864	4.368520	-18.581800	1.110290	-0.000000	0.000000	0.000000	0.194040	15.196500	-0.050854	4.948800	-16.082800	1.426340	-0.000000	0.000000	-0.000000	-0.000000	-0.000000	0.000065	0.000000	0.000000	0.000000	20.007099	-34.430500	-52.923000	116.013000	-25.629499	130.139008	-0.000001	0.000001	0.000001	0.000000	0.000000	0.000000	9.289580	-51.201401	102.317001	-100.241997	-8.348660	-152.322006	-0.000000	0.000000	-0.000000	0.006459	0.416817	-0.000048	0.000000	0.000000	0.000000
-0.126155	-2.803750	-12.150300	-1.741450	17.140600	0.513390	3.838270	-19.487101	0.725597	0.000000	-0.000000	0.000000	-0.969239	16.355600	0.272968	5.156860	-16.865999	1.228390	-0.000000	0.000000	-0.000000	0.000000	0.000000	-0.000051	0.000000	0.000000	0.000000	2.947730	-41.709099	-84.878799	106.844002	-20.104799	121.797997	-0.000001	-0.000000	0.000001	0.000000	0.000000	0.000000	17.920900	-48.216400	112.643997	-96.769402	-14.476900	-127.570000	-0.000000	-0.000001	-0.000001	-0.351661	-1.041580	-0.006393	-0.000000	0.000000	-0.000001
0.233887	-2.374650	-12.552300	-3.247180	16.764900	0.937562	5.632080	-19.332800	0.835742	0.000000	0.000000	0.000000	-2.088200	17.056400	0.612751	6.137810	-17.955799	1.278760	0.000000	-0.000000	-0.000000	-0.000000	-0.000000	-0.000016	0.000000	0.000000	0.000000	-0.477877	-36.504101	-90.827904	109.995003	-26.419600	122.514000	0.000000	0.000001	0.000000	0.000000	0.000000	0.000000	9.484760	-40.159698	104.272003	-103.359001	-30.309700	-121.612000	-0.000001	0.000001	0.000000	-0.394847	-1.731630	-0.011932	-0.000000	0.000000	-0.000001
0.288998	-2.440361	-12.788706	-3.684220	16.702299	1.060190	5.921450	-18.727200	0.768651	0.000000	-0.000000	0.000000	-2.646270	17.450899	0.794102	6.923140	-18.655300	1.409520	0.000000	-0.000000	-0.000000	0.000000	-0.000000	-0.000026	0.000000	0.000000	0.000000	0.354928	-32.422501	-89.152397	114.671997	-31.443701	125.966003	0.000000	0.000001	-0.000001	0.000000	0.000000	0.000000	3.992920	-36.012798	97.399002	-108.792000	-40.617599	-122.585999	-0.000001	0.000000	0.000001	-0.455082	-2.162010	-0.017169	-0.000000	-0.000000	0.000000
-0.107366	-2.737870	-13.623700	-3.829790	18.360500	1.208000	6.879410	-20.868999	1.156990	-0.000000	-0.000000	0.000000	-2.678420	18.180099	0.836237	7.513180	-19.114901	1.630660	-0.000000	-0.000000	-0.000000	-0.000000	0.000000	0.000011	0.000000	0.000000	0.000000	2.539940	-30.065001	-84.056702	118.519997	-35.170399	128.365005	-0.000000	-0.000001	0.000001	0.000000	0.000000	0.000000	3.467530	-34.225300	97.014397	-111.139999	-40.857700	-125.348000	0.000000	-0.000000	-0.000001	-0.516291	-2.181550	-0.019656	0.000000	-0.000000	-0.000001
0.024929	-2.875761	-12.675600	-2.718980	18.282900	0.853553	5.463050	-19.932899	0.983057	-0.000000	-0.000000	-0.000000	-1.432960	18.186701	0.447339	5.811170	-18.255199	1.396430	0.000000	0.000000	0.000000	-0.000000	-0.000000	-0.000058	0.000000	0.000000	0.000000	3.515510	-31.968100	-82.069099	117.939003	-34.773102	127.485001	-0.000000	-0.000000	0.000000	0.000000	0.000000	0.000000	5.058210	-36.056900	98.950104	-109.712997	-35.522800	-126.848000	0.000001	0.000000	-0.000001	-0.443123	-2.013890	-0.015574	0.000000	-0.000000	-0.000001
0.960400	-2.589601	-11.047701	-4.718080	16.858101	1.371100	6.580500	-19.034901	0.673942	0.000000	0.000000	-0.000000	-3.309690	17.735901	1.009260	6.466530	-18.780899	1.068110	-0.000000	0.000000	0.000000	-0.000000	0.000000	0.000053	0.000000	0.000000	0.000000	-1.470740	-40.718399	-92.169998	110.453003	-23.157499	126.018997	0.000000	0.000000	-0.000001	0.000000	0.000000	0.000000	10.344500	-46.282101	103.899002	-100.986000	-26.044500	-121.848000	-0.000000	0.000001	0.000000	-0.040886	-1.562670	-0.001116	0.000000	-0.000000	0.000000
1.271090	-2.632400	-11.598802	-6.036190	15.380100	1.606460	7.460630	-16.742599	0.472949	0.000000	-0.000000	0.000000	-4.830580	18.137501	1.506990	7.694990	-19.751301	1.050190	0.000000	-0.000000	-0.000000	0.000000	-0.000000	0.000001	0.000000	0.000000	0.000000	6.527060	-39.190800	-78.045601	115.234001	-21.241400	134.977997	0.000001	0.000000	-0.000001	0.000000	0.000000	0.000000	7.033350	-53.108601	99.119400	-100.666000	-20.994400	-127.865997	-0.000001	0.000001	0.000001	-0.041414	-0.590726	-0.000427	-0.000000	0.000000	0.000000
0.298948	-2.322410	-13.385399	-4.667870	15.764300	1.270780	7.268390	-17.889400	0.853471	0.000000	0.000000	-0.000000	-3.268210	15.792000	0.890333	7.202760	-16.354200	1.144390	0.000000	-0.000000	-0.000001	-0.000000	0.000000	0.000012	0.000000	0.000000	0.000000	20.430000	-35.666000	-53.181999	117.640999	-20.039900	138.000000	-0.000000	-0.000001	0.000002	0.000000	0.000000	0.000000	-5.654970	-55.003601	84.767899	-103.198997	-14.998500	-143.845001	0.000000	0.000000	0.000000	0.163433	0.067802	-0.000192	0.000000	-0.000000	-0.000001
-0.120960	-2.634300	-13.570804	-3.704220	15.801400	1.009990	6.669030	-16.783199	0.897358	-0.000000	-0.000000	0.000000	-2.274470	16.169800	0.633725	6.434470	-16.584400	1.215110	0.000000	-0.000000	-0.000000	-0.000000	-0.000000	-0.000052	0.000000	0.000000	0.000000	30.820101	-30.521999	-34.445801	114.362999	-14.701200	139.296997	0.000001	-0.000000	0.000000	0.000000	0.000000	0.000000	-23.333300	-50.578800	64.124298	-104.959999	-8.548230	-163.757996	0.000000	0.000000	0.000000	0.507066	0.215789	-0.001910	0.000000	0.000000	0.000000
-0.138023	-2.597270	-13.844400	-3.747450	16.214600	1.047810	6.858860	-17.804899	0.998002	0.000000	-0.000000	-0.000000	-2.263230	15.584100	0.608328	6.611330	-15.079900	1.155020	0.000000	-0.000000	-0.000000	0.000009	0.000003	0.000069	0.000000	0.000000	0.000000	38.554699	-22.225599	-18.180300	106.410004	-11.507200	130.468994	-0.000001	-0.000001	0.000000	0.000000	0.000000	0.000000	-33.904800	-43.594002	50.399502	-103.834000	-0.469659	169.656006	0.000000	0.000000	-0.000001	0.320465	0.369885	-0.002068	0.000000	0.000000	0.000000
-0.233401	-1.678300	-14.422701	-2.930890	15.563800	0.787038	6.460940	-18.316099	1.144520	0.000000	-0.000000	0.000000	-1.143760	14.573800	0.287847	5.789210	-14.995200	1.213990	-0.000000	-0.000000	-0.000000	-0.000000	0.000000	0.000035	0.000000	0.000000	0.000000	42.496300	-11.436900	-4.170210	99.405403	-12.707300	113.874001	0.000001	0.000001	-0.000001	0.000000	0.000000	0.000000	-35.740700	-32.369499	42.960701	-104.570000	4.611890	152.621002	0.000000	0.000000	-0.000000	0.282111	0.709037	-0.003490	0.000000	-0.000000	0.000000
-0.275621	-0.478288	-15.324801	-2.367790	13.807400	0.565409	6.561330	-17.619801	1.292260	-0.000000	0.000000	-0.000000	-0.578612	12.866200	0.128855	5.648680	-14.528700	1.278680	-0.000000	0.000000	0.000001	-0.000000	0.000000	-0.000010	0.000000	0.000000	0.000000	42.768600	-1.089370	7.216320	93.714203	-15.397300	99.135399	-0.000000	-0.000000	0.000001	0.000000	0.000000	0.000000	-36.088902	-24.407301	37.190102	-104.178001	7.580310	142.352997	-0.000000	-0.000001	0.000001	0.341793	1.233140	-0.007356	-0.000000	-0.000000	0.000002
-0.026285	-0.267310	-15.878797	-2.345690	13.945800	0.565627	6.310350	-18.409201	1.275780	-0.000000	0.000000	-0.000001	-0.907971	12.440700	0.195628	6.118460	-14.534600	1.316420	0.000000	-0.000000	-0.000000	-0.000000	-0.000000	0.000044	0.000000	0.000000	0.000000	41.897999	6.077040	15.021600	89.120796	-19.434601	88.607002	-0.000001	0.000001	-0.000000	0.000000	0.000000	0.000000	-34.961102	-18.555099	33.210300	-104.517998	7.910400	140.529999	-0.000001	-0.000001	0.000001	0.394599	1.440000	-0.009914	0.000000	-0.000000	0.000000
0.254538	-0.263300	-16.490400	-2.934810	13.980900	0.709640	6.221200	-18.469101	1.069770	0.000000	0.000000	-0.000000	-1.257730	12.319200	0.268395	5.357120	-15.344800	1.094230	-0.000000	0.000000	0.000001	0.000000	-0.000000	-0.000035	0.000000	0.000000	0.000000	39.524101	10.056100	20.271000	88.598701	-23.440500	88.416397	0.000001	-0.000001	0.000000	0.000000	0.000000	0.000000	-33.051899	-15.481900	31.864799	-105.531998	8.111460	141.134003	-0.000001	-0.000001	0.000000	0.199951	1.372290	-0.004787	0.000000	0.000000	-0.000002
0.141439	0.650339	-16.246914	-2.402430	12.630300	0.525654	5.953670	-17.093901	1.062220	0.000000	0.000000	0.000000	-0.890548	11.476100	0.177244	5.466510	-15.609000	1.238510	-0.000000	0.000000	-0.000000	-0.000000	0.000000	0.000119	0.000000	0.000000	0.000000	41.096401	10.238700	19.626801	86.508698	-22.641701	84.158501	-0.000000	0.000000	0.000000	0.000000	0.000000	0.000000	-32.602600	-13.710700	30.260300	-105.845001	7.799460	141.770996	0.000001	-0.000000	0.000000	0.186283	1.600750	-0.005202	0.000000	-0.000000	-0.000001
0.232212	0.308111	-16.185801	-2.495090	13.151100	0.568071	5.883150	-17.959700	1.066050	-0.000000	-0.000000	0.000000	-1.097630	11.670100	0.222098	5.590090	-15.787500	1.230790	-0.000000	-0.000000	-0.000000	-0.000011	0.000037	-0.000034	0.000000	0.000000	0.000000	42.219002	8.393250	17.246201	87.020897	-19.929899	84.351601	-0.000001	0.000001	-0.000000	0.000000	0.000000	0.000000	-32.958099	-14.393100	30.719101	-105.796997	6.604670	144.395996	0.000001	0.000000	0.000000	0.043919	1.442250	-0.001105	0.000000	-0.000000	-0.000001
0.567661	0.338163	-15.920901	-2.317510	12.750900	0.511737	4.855670	-17.216101	0.768624	0.000000	-0.000000	0.000000	-1.342480	11.759400	0.273617	5.801140	-16.105301	1.247000	-0.000000	0.000000	-0.000000	0.000011	-0.000037	0.000074	0.000000	0.000000	0.000000	43.159801	4.720540	13.221800	89.708199	-17.108000	89.842499	-0.000000	-0.000000	-0.000000	0.000000	0.000000	0.000000	-34.443699	-18.351999	33.492199	-104.989998	8.185170	140.727005	0.000000	0.000000	-0.000000	0.126253	1.357860	-0.002988	-0.000000	-0.000000	0.000000
0.379483	-0.228332	-15.513797	-2.201780	13.679800	0.520962	5.058530	-18.347500	0.919622	-0.000000	0.000000	0.000000	-0.619289	12.469000	0.133723	4.630890	-16.261999	1.129160	-0.000000	0.000000	0.000000	0.000000	-0.000000	-0.000068	0.000000	0.000000	0.000000	42.972301	-0.190440	8.162370	93.252098	-15.522800	98.135201	0.000000	0.000000	-0.000000	0.000000	0.000000	0.000000	-33.880699	-21.249500	36.704899	-105.885002	6.402090	147.026993	-0.000000	-0.000000	-0.000001	0.042249	1.462500	-0.001077	0.000000	-0.000000	-0.000001
0.435832	-0.019684	-14.627600	-2.552610	12.995800	0.574439	5.598140	-17.663099	0.944757	-0.000000	-0.000000	-0.000000	-1.103200	12.322800	0.235520	5.387130	-16.441099	1.221790	-0.000000	0.000000	0.000000	0.000000	0.000000	0.000067	0.000000	0.000000	0.000000	42.967499	-8.214440	-0.488291	98.320503	-10.659700	114.379997	-0.000000	0.000001	0.000001	0.000000	0.000000	0.000000	-33.317799	-26.715099	41.668400	-106.463997	6.490660	149.475006	-0.000001	0.000000	-0.000001	-0.020529	1.218030	0.000436	0.000000	-0.000000	0.000003
0.357868	-0.947646	-13.790000	-2.844460	13.883800	0.683075	5.709750	-17.377100	0.881283	0.000000	0.000000	-0.000000	-1.500390	13.607500	0.353081	5.700460	-16.289700	1.191910	-0.000000	0.000000	-0.000000	-0.000000	0.000000	-0.000043	0.000000	0.000000	0.000000	42.428600	-17.077000	-10.228100	101.456001	-9.237360	123.365997	0.000000	0.000001	-0.000000	0.000000	0.000000	0.000000	-30.637300	-30.416000	47.074902	-107.970001	1.669160	164.048996	0.000000	0.000001	0.000000	0.227104	0.681903	-0.002704	0.000000	-0.000000	0.000000
0.151112	-1.886390	-13.512397	-3.128070	14.307900	0.773773	5.849510	-16.226400	0.788178	-0.000000	-0.000000	0.000000	-1.432280	14.943600	0.369416	4.960130	-16.816200	1.035860	-0.000000	0.000000	-0.000000	0.000000	-0.000000	0.000059	0.000000	0.000000	0.000000	39.320999	-26.025400	-21.568600	105.911003	-8.322930	135.156006	0.000000	-0.000000	-0.000000	0.000000	0.000000	0.000000	-27.475000	-34.659901	53.218800	-108.421997	-4.305410	-179.095993	-0.000001	0.000000	0.000001	0.518305	0.529935	-0.004794	0.000000	-0.000000	-0.000000
-0.186705	-2.309110	-13.449000	-3.066240	15.558000	0.823147	6.082410	-17.323099	0.932412	-0.000000	0.000000	0.000000	-1.373420	15.953900	0.377580	5.204780	-17.487801	1.168850	-0.000000	0.000000	0.000000	-0.000000	-0.000000	0.000036	0.000000	0.000000	0.000000	32.947201	-32.168999	-33.741501	110.533997	-12.567000	136.445007	-0.000000	-0.000000	0.000001	0.000000	0.000000	0.000000	-20.749800	-42.634201	64.751701	-106.084000	-7.804260	-166.684006	-0.000000	-0.000001	-0.000000	0.486222	0.529330	-0.004491	0.000000	-0.000000	0.000001
-0.024925	-2.310630	-13.672600	-3.212070	14.923300	0.828012	5.925090	-16.267599	0.790940	-0.000000	-0.000000	-0.000000	-1.921880	16.004700	0.530087	6.086500	-17.431601	1.272010	-0.000000	-0.000000	0.000000	0.000000	-0.000000	-0.000002	0.000000	0.000000	0.000000	25.327801	-35.919899	-46.521500	113.233002	-18.492599	133.070999	0.000000	0.000000	-0.000000	0.000000	0.000000	0.000000	-12.014800	-44.866699	76.111000	-106.514000	-14.867200	-149.457993	0.000000	0.000000	-0.000001	0.277734	0.313346	-0.001520	0.000000	-0.000000	-0.000000
-0.229061	-2.295550	-13.467798	-2.599410	16.049000	0.719095	5.745940	-18.287201	1.020110	0.000000	-0.000000	-0.000000	-1.523680	16.209999	0.425449	6.565580	-17.672701	1.552730	-0.000000	0.000000	-0.000000	0.000000	-0.000000	-0.000029	0.000000	0.000000	0.000000	17.025999	-38.585499	-60.640202	114.307999	-21.351000	132.209000	-0.000000	0.000000	-0.000000	0.000000	0.000000	0.000000	-0.431304	-47.892899	90.802399	-103.580002	-17.107901	-139.384003	0.000000	-0.000001	-0.000001	-0.317558	-0.069438	-0.000384	-0.000000	0.000000	-0.000001
0.112712	-2.773984	-11.972000	-2.072780	16.689699	0.595529	4.482120	-18.433500	0.789899	-0.000000	0.000000	0.000000	-1.097250	17.486000	0.329743	5.264020	-18.830000	1.363430	-0.000000	0.000000	0.000000	-0.000000	0.000000	-0.000003	0.000000	0.000000	0.000000	6.412470	-43.320000	-79.456398	107.459999	-17.925600	125.250000	0.000000	0.000000	0.000000	0.000000	0.000000	0.000000	6.776760	-49.791000	99.234497	-100.463997	-18.388201	-130.772003	-0.000000	-0.000000	-0.000001	-0.243845	-0.530862	-0.002260	0.000000	-0.000000	-0.000000
-0.539048	-2.569129	-11.364006	-1.346310	17.287701	0.400161	4.859640	-19.780100	1.210910	0.000000	-0.000000	-0.000000	0.385144	17.762400	-0.117486	4.190480	-18.795601	1.471090	0.000000	0.000000	-0.000000	-0.000000	0.000000	0.000015	0.000000	0.000000	0.000000	-1.335200	-46.946201	-91.789803	103.079002	-15.797700	118.101997	-0.000000	-0.000000	0.000000	0.000000	0.000000	0.000000	15.077700	-49.578999	108.970001	-97.662697	-16.325001	-126.996002	-0.000000	-0.000000	0.000001	-0.170458	-0.818481	-0.002434	0.000000	0.000000	-0.000000
