-1.154470	1.645440	-11.191000	0.584544	5.987370	-0.060976	-4.421730	8.179990	0.547223	-0.000000	0.000000	-0.000000	1.088510	3.993290	-0.075812	9.229060	11.144600	-2.014730	0.000000	-0.000000	-0.000000	-0.000001	-0.000000	-0.000024	0.000000	0.000000	0.000000	20.160500	14.337100	45.018299	108.670998	-49.841202	113.781998	-0.000000	0.000000	-0.000000	0.000000	0.000000	0.000000	-20.389999	8.699580	-7.097280	-110.521004	-28.044701	-132.692001	0.000000	0.000000	0.000000	2.093910	-3.901860	0.142549	0.000000	0.000000	0.000001
-0.687854	1.188281	-11.922003	0.125678	6.203880	-0.013582	-3.861920	8.703350	0.566256	-0.000000	0.000000	0.000000	0.515360	4.236270	-0.038071	7.033230	10.861100	-1.430100	0.000000	0.000001	-0.000000	-0.000001	-0.000000	-0.000054	0.000000	0.000000	0.000000	20.868299	16.649900	46.932800	113.788002	-52.423801	119.055000	-0.000000	0.000001	0.000000	0.000000	0.000000	0.000000	-17.603201	12.037100	-19.834499	-126.003998	-39.392799	-141.061005	0.000001	-0.000001	0.000000	0.646903	-2.036750	0.022992	-0.000000	-0.000000	0.000001
-0.539346	0.888979	-12.199700	-0.166110	6.853430	0.019822	-3.192560	8.348920	0.488056	-0.000000	0.000000	0.000000	0.596472	4.367140	-0.045423	5.568060	10.466900	-1.123770	0.000000	0.000000	0.000000	-0.000000	-0.000000	-0.000106	0.000000	0.000000	0.000000	19.760300	17.956301	50.148602	128.274994	-55.180698	133.529999	-0.000001	-0.000002	-0.000000	0.000000	0.000000	0.000000	-17.275700	13.018100	-23.379999	-135.871994	-42.341000	-148.794006	0.000001	0.000000	-0.000001	0.155025	-1.114620	0.003017	0.000000	-0.000000	-0.000002
-0.375883	1.008630	-12.207201	-0.573490	6.066560	0.060610	-1.996370	6.489880	0.290294	-0.000000	-0.000000	0.000000	0.576983	4.136420	-0.041619	4.565140	9.743930	-0.872301	-0.000000	0.000000	0.000000	-0.000001	-0.000000	0.000050	0.000000	0.000000	0.000000	16.517599	17.447901	54.996601	147.468994	-54.859100	151.744003	0.000000	-0.000000	-0.000001	0.000000	0.000000	0.000000	-18.519501	12.807900	-21.029400	-140.005005	-40.676800	-153.712006	-0.000001	0.000001	0.000001	-0.072983	-1.364070	-0.001737	-0.000000	0.000000	-0.000002
-0.427738	1.072620	-11.125400	-0.219696	6.264000	0.023971	-2.521450	6.478110	0.309350	0.000000	0.000000	0.000000	0.906007	4.170080	-0.065888	4.738730	8.906190	-0.876298	-0.000000	-0.000000	0.000000	0.000000	0.000000	0.000027	0.000000	0.000000	0.000000	14.741700	16.081200	56.597900	165.363998	-53.124699	167.177002	0.000000	-0.000000	-0.000000	0.000000	0.000000	0.000000	-22.577999	10.947600	-11.833800	-138.542999	-37.576599	-155.057999	-0.000000	-0.000001	0.000000	0.094260	-1.683920	0.002771	0.000000	-0.000000	-0.000001
-0.430837	1.215660	-10.765900	0.078724	6.143980	-0.008426	-4.459550	7.660510	0.585157	-0.000000	0.000000	-0.000001	-0.408539	4.790210	0.034117	7.596820	7.501390	-0.943492	0.000000	0.000000	-0.000000	-0.000001	-0.000000	0.000007	0.000000	0.000000	0.000000	16.249399	7.634410	40.539799	156.347000	-45.817101	159.761993	-0.000000	0.000001	-0.000000	0.000000	0.000000	0.000000	-30.042101	-0.348582	13.001800	-130.658005	-25.929501	-159.703995	-0.000000	-0.000001	-0.000001	0.138962	-1.973680	0.004786	-0.000000	0.000000	0.000000
-0.649873	1.130280	-10.669106	0.146429	6.698810	-0.017083	-5.448270	8.164340	0.755183	0.000000	-0.000000	-0.000000	0.487978	4.496900	-0.038263	5.349350	8.482170	-0.863720	0.000000	-0.000000	-0.000000	0.000000	0.000000	0.000007	0.000000	0.000000	0.000000	16.294500	-2.077250	13.969400	148.563995	-38.097500	154.442993	0.000000	0.000000	-0.000000	0.000000	0.000000	0.000000	-26.585199	2.292960	9.178190	-148.337997	-33.927898	-166.016998	-0.000001	-0.000002	0.000000	0.723836	-2.599370	0.032828	-0.000000	-0.000000	0.000001
-1.527700	0.683382	-11.225901	0.612338	7.801220	-0.083121	-9.249250	7.492080	1.135370	0.000000	-0.000000	-0.000000	1.360250	4.984140	-0.118202	4.720170	9.543610	-1.010960	-0.000000	-0.000000	-0.000000	0.000001	0.000000	0.000062	0.000000	0.000000	0.000000	17.855400	-12.581100	-20.392200	140.266006	-26.189699	153.406006	0.000000	-0.000000	0.000000	0.000000	0.000000	0.000000	-16.680599	-5.266110	36.603901	-139.132996	-27.474199	-164.307007	0.000000	-0.000000	-0.000000	3.090320	-1.533300	0.082770	-0.000000	0.000000	0.000001
-3.436012	-0.398049	-10.134102	2.602540	9.174360	-0.415227	-6.294570	2.993390	0.194815	-0.000000	0.000000	-0.000000	3.310820	6.142440	-0.354651	3.600460	10.608300	-1.274770	-0.000000	0.000000	0.000000	-0.000001	-0.000000	-0.000008	0.000000	0.000000	0.000000	23.993500	-33.731800	-47.026199	125.088997	-26.203800	140.681000	-0.000000	-0.000001	-0.000000	0.000000	0.000000	0.000000	-21.822201	-5.238340	28.765800	-149.901993	-40.261902	-164.363998	0.000000	0.000000	0.000000	7.403890	1.977520	-0.256920	-0.000000	-0.000000	0.000001
-3.284379	-3.654497	-12.262300	1.197760	12.918100	-0.267809	-5.545960	2.326330	0.178075	-0.000000	-0.000000	0.000000	2.260950	9.185300	-0.361094	2.902690	10.890200	-0.972584	-0.000000	0.000001	0.000000	0.000002	0.000000	0.000090	0.000000	0.000000	0.000000	23.302700	-37.883900	-51.998402	122.945999	-36.048698	131.016998	0.000000	-0.000001	-0.000000	0.000000	0.000000	0.000000	-15.854100	-17.542801	58.189499	-137.188004	-37.527000	-155.744995	-0.000001	0.000002	0.000000	5.448780	11.035600	-1.046040	0.000000	0.000000	-0.000002
-2.644630	-5.225477	-13.480300	-0.308326	14.862900	0.079086	-4.987580	5.047570	0.466354	-0.000000	-0.000000	0.000000	1.162500	13.280300	-0.267080	2.281600	5.625590	-0.334963	-0.000000	-0.000000	-0.000000	0.000000	-0.000000	-0.000030	0.000000	0.000000	0.000000	21.525900	-37.438801	-54.415798	125.500000	-47.331299	128.205002	0.000000	0.000000	0.000001	0.000000	0.000000	0.000000	-9.122670	-24.740400	76.167099	-125.292999	-38.066200	-144.126007	-0.000000	-0.000000	0.000000	1.882420	14.493800	-0.471285	-0.000000	-0.000000	-0.000001
-2.030940	-3.894020	-11.700798	0.026549	13.299700	-0.006107	-3.016870	4.929660	0.257260	-0.000000	-0.000000	-0.000000	0.770740	10.516600	-0.140683	2.362860	9.076780	-0.492783	-0.000000	0.000000	-0.000000	-0.000001	0.000000	-0.000058	0.000000	0.000000	0.000000	15.174300	-33.484699	-61.190498	133.438004	-51.898701	135.242004	0.000001	0.000001	0.000000	0.000000	0.000000	0.000000	-5.332240	-24.828400	82.993896	-124.709000	-37.762100	-143.166000	0.000000	0.000000	-0.000000	1.238220	8.586100	-0.184889	-0.000000	-0.000000	-0.000001
-2.716891	-3.063501	-12.198805	0.729240	12.461000	-0.157361	-3.898980	5.459270	0.303509	0.000000	-0.000000	0.000000	1.324710	9.523110	-0.219206	1.595530	9.670620	-0.487894	-0.000000	0.000000	-0.000000	0.000001	0.000000	-0.000039	0.000000	0.000000	0.000000	15.313700	-34.565701	-61.912601	134.274002	-46.735802	138.233994	0.000000	0.000001	-0.000000	0.000000	0.000000	0.000000	-12.802300	-15.197600	61.820301	-148.636993	-47.626301	-159.830994	-0.000001	-0.000000	-0.000000	4.207880	5.807320	-0.426528	0.000000	-0.000000	-0.000001
-2.450550	-1.374700	-13.305400	1.076720	10.544700	-0.197067	-7.175920	6.029810	0.645030	-0.000000	-0.000001	-0.000000	0.573956	5.270040	-0.052720	3.002070	11.855600	-0.735097	0.000000	0.000000	-0.000000	0.000001	0.000000	-0.000016	0.000000	0.000000	0.000000	15.506900	-36.464401	-63.151501	129.559006	-43.787498	134.940002	0.000000	0.000000	0.000002	0.000000	0.000000	0.000000	17.414801	-42.713001	114.700996	-98.666100	-22.215599	-121.339996	-0.000001	-0.000001	0.000001	3.155730	3.200700	-0.176373	0.000000	0.000000	-0.000001
-2.364970	-2.462110	-13.578496	0.767551	11.624500	-0.154668	-6.988220	5.296760	0.577974	0.000001	-0.000001	0.000000	0.763636	7.018480	-0.093314	1.832190	11.034200	-0.496060	0.000000	0.000000	-0.000000	-0.000001	-0.000000	0.000099	0.000000	0.000000	0.000000	15.153500	-35.023300	-62.793900	121.542999	-38.015900	129.143997	-0.000000	0.000001	0.000001	0.000000	0.000000	0.000000	0.695894	-38.496201	93.661400	-121.407997	-25.862600	-149.897003	0.000000	-0.000001	-0.000001	2.149880	5.148440	-0.193012	0.000000	0.000000	-0.000000
-2.006550	-3.064699	-11.929700	0.830414	11.817200	-0.170074	-6.439910	6.226670	0.612273	-0.000000	0.000001	-0.000000	0.815819	8.336440	-0.118290	2.397350	10.562100	-0.587995	0.000000	-0.000000	-0.000000	-0.000000	-0.000000	-0.000069	0.000000	0.000000	0.000000	20.123100	-35.682598	-54.873402	121.328003	-33.424702	131.141998	0.000000	-0.000002	-0.000001	0.000000	0.000000	0.000000	-4.590590	-34.190300	85.588402	-119.702003	-21.503099	-153.281006	-0.000000	-0.000000	-0.000000	0.562952	5.644840	-0.055375	-0.000000	0.000000	0.000001
-2.197922	-2.910662	-10.291401	1.382610	11.296200	-0.270879	-5.289490	3.722830	0.255813	-0.000000	0.000000	-0.000000	1.475270	7.819590	-0.200763	4.654190	6.538850	-0.699066	-0.000000	0.000000	0.000000	-0.000002	-0.000001	0.000046	0.000000	0.000000	0.000000	21.700399	-33.058800	-49.809299	120.722000	-27.928499	134.292999	0.000000	0.000000	0.000000	0.000000	0.000000	0.000000	-7.152150	-28.887600	80.339897	-121.584000	-10.390200	-169.044006	-0.000000	-0.000000	0.000001	1.161460	5.651430	-0.114394	0.000000	-0.000000	-0.000001
-1.973750	-2.579148	-10.526399	1.223110	11.156200	-0.236686	-5.700410	5.493200	0.431694	0.000000	0.000000	0.000000	1.170000	7.390360	-0.150516	3.724670	7.718720	-0.657661	-0.000000	-0.000000	0.000000	-0.000001	0.000000	-0.000026	0.000000	0.000000	0.000000	23.241800	-29.037600	-43.195400	119.472000	-18.271299	142.188995	0.000000	0.000000	-0.000001	0.000000	0.000000	0.000000	-12.773200	-22.596399	67.761803	-123.551003	-7.292570	-175.636993	-0.000001	-0.000000	0.000002	0.595630	5.101020	-0.052963	-0.000000	-0.000000	0.000001
-1.390860	0.348414	-10.176701	0.635012	6.592080	-0.072903	-6.179940	8.370260	0.810264	0.000000	-0.000000	0.000000	1.253290	4.648820	-0.101594	4.166920	8.903360	-0.840687	0.000000	-0.000000	0.000000	0.000000	0.000000	-0.000042	0.000000	0.000000	0.000000	21.448900	-17.171499	-26.698099	123.102997	-17.162100	146.835999	0.000000	0.000000	-0.000000	0.000000	0.000000	0.000000	-25.752100	-7.825160	29.129900	-132.154007	-20.167900	-166.822998	-0.000000	-0.000000	-0.000000	1.070970	-1.825060	0.034111	-0.000000	0.000000	0.000002
-1.629540	0.139044	-11.348400	0.795422	7.020410	-0.097226	-6.133390	7.804220	0.727717	-0.000000	0.000001	-0.000000	1.448100	5.538440	-0.139791	3.633690	9.302480	-0.822459	-0.000000	0.000000	0.000000	0.000001	0.000000	0.000024	0.000000	0.000000	0.000000	20.386499	-2.973360	8.873940	128.904999	-32.984299	140.212006	0.000000	-0.000000	0.000001	0.000000	0.000000	0.000000	-26.912800	-2.711870	19.067101	-127.408997	-20.308100	-163.792999	0.000000	-0.000000	-0.000001	1.684200	-2.304590	0.067744	-0.000000	0.000000	-0.000001
-1.281200	1.167560	-9.420640	-0.806936	6.118890	0.086017	-3.183020	8.045820	0.558692	0.000000	0.000000	0.000000	1.809080	5.839420	-0.184120	5.024440	6.236370	-0.744793	-0.000000	-0.000000	0.000000	0.000001	0.000000	-0.000086	0.000000	0.000000	0.000000	38.493999	-4.049590	4.283400	106.460999	-20.656200	121.877998	0.000001	0.000000	-0.000000	0.000000	0.000000	0.000000	-28.518700	3.226630	6.844750	-120.567001	-22.418699	-154.873001	-0.000001	0.000000	0.000001	1.521920	-5.716360	0.151626	0.000000	0.000000	-0.000000
-1.427320	1.750550	-9.737250	0.509047	5.330510	-0.047293	-4.321860	8.824630	0.586108	-0.000000	0.000002	-0.000001	2.198020	4.749300	-0.182077	4.165870	8.083360	-0.897401	0.000000	-0.000000	0.000000	0.000002	0.000000	0.000046	0.000000	0.000000	0.000000	44.410801	1.451910	9.857790	96.031403	-19.182800	103.619003	-0.000001	0.000000	0.000000	0.000000	0.000000	0.000000	-33.992500	9.428520	-3.736540	-110.705002	-29.620199	-130.548004	-0.000000	-0.000001	0.000001	2.401130	-5.845020	0.244670	0.000000	-0.000000	0.000001
-1.170490	1.983460	-12.748598	0.173999	5.439100	-0.016491	-6.012430	7.924240	0.807759	0.000000	0.000000	-0.000000	1.136640	3.172040	-0.062903	4.839390	8.999790	-0.937881	0.000000	0.000000	-0.000000	0.000000	0.000000	0.000042	0.000000	0.000000	0.000000	41.466202	11.067800	20.664301	95.163101	-24.743099	101.358002	0.000001	-0.000002	-0.000001	0.000000	0.000000	0.000000	-35.401501	4.478340	3.938060	-102.139000	-21.623199	-124.945000	0.000000	-0.000000	-0.000000	2.217240	-5.249600	0.202967	-0.000000	0.000000	0.000001
-0.981762	1.377840	-12.145700	-0.143640	6.034640	0.015101	-3.730910	7.351020	0.496382	-0.000000	-0.000000	0.000000	1.134370	4.023310	-0.079601	4.674590	9.558050	-0.967318	-0.000000	0.000000	0.000000	0.000000	-0.000000	-0.000010	0.000000	0.000000	0.000000	32.008202	14.577500	31.214199	101.985001	-36.609600	109.031998	0.000001	0.000001	0.000000	0.000000	0.000000	0.000000	-24.315300	12.539600	-14.481200	-122.268997	-38.176399	-137.563004	-0.000001	-0.000000	0.000000	1.386100	-3.720330	0.089957	-0.000000	0.000000	0.000000
-0.276023	1.500011	-10.984300	-0.134811	7.919170	0.018572	-5.345730	2.564370	0.245899	-0.000000	0.000000	0.000000	1.316970	4.935910	-0.113334	2.508420	9.107940	-0.605644	-0.000000	0.000000	-0.000000	-0.000001	-0.000000	-0.000057	0.000000	0.000000	0.000000	62.357899	5.921610	9.705420	71.694298	-16.823700	50.211601	0.000001	0.000000	-0.000001	0.000000	0.000000	0.000000	-28.934099	-7.165670	25.094101	-106.056999	3.510370	149.459000	-0.000001	-0.000002	-0.000001	-0.131801	-2.444220	-0.005624	-0.000000	0.000000	0.000002
-0.055298	1.299352	-10.538400	0.584518	8.645620	-0.087871	-5.893600	0.422802	0.039340	0.000000	-0.000000	0.000000	2.337650	4.116390	-0.167895	0.309807	11.519400	-0.527855	0.000000	0.000000	-0.000000	-0.000001	-0.000000	0.000020	0.000000	0.000000	0.000000	48.339500	2.551460	10.144000	85.878502	-13.207500	77.292000	-0.000000	-0.000001	-0.000000	0.000000	0.000000	0.000000	-28.104200	-14.095600	35.676201	-105.950996	13.882300	131.626007	-0.000000	0.000002	0.000000	0.381007	-0.190820	0.001268	-0.000000	0.000000	0.000002
0.344889	0.596347	-9.505950	-0.168913	8.243250	0.024217	-5.230850	1.554210	0.146843	0.000000	-0.000001	0.000000	1.891430	3.100860	-0.102350	0.343269	14.315700	-0.552142	-0.000000	-0.000001	0.000000	0.000002	0.000000	-0.000093	0.000000	0.000000	0.000000	40.067699	-0.181623	8.946670	93.589302	-16.751900	98.222000	0.000000	0.000000	-0.000000	0.000000	0.000000	0.000000	-29.373400	-18.195900	38.870701	-104.680000	15.271000	128.742996	-0.000001	-0.000001	0.000000	0.180633	0.909228	-0.002866	-0.000000	0.000000	0.000000
0.942343	0.282175	-7.868050	-1.051980	7.546070	0.138163	-4.681730	3.543260	0.354968	0.000000	-0.000000	0.000000	1.389640	3.130370	-0.075901	-0.334758	15.099600	-0.274284	-0.000000	0.000001	-0.000000	0.000001	0.000000	0.000028	0.000000	0.000000	0.000000	37.421398	-7.847830	-0.655345	99.973099	-12.480100	116.184998	0.000000	0.000001	0.000001	0.000000	0.000000	0.000000	-30.478600	-20.958900	40.221802	-108.058998	14.313300	136.600998	0.000000	-0.000000	-0.000001	0.140567	1.019790	-0.002503	-0.000000	0.000000	0.000001
0.620802	-1.002080	-6.498430	-0.670472	6.962100	0.081272	-5.200640	7.455300	0.763775	-0.000000	0.000000	-0.000000	1.400810	4.588650	-0.112091	0.748471	13.925900	-0.516412	-0.000000	0.000001	0.000000	-0.000002	-0.000000	-0.000008	0.000000	0.000000	0.000000	35.035801	-16.955799	-13.869400	103.681999	-8.670990	129.550995	0.000001	0.000001	-0.000001	0.000000	0.000000	0.000000	-30.151100	-24.337400	43.421101	-110.655998	11.153100	146.158005	-0.000001	0.000001	0.000001	0.461055	0.365203	-0.002939	0.000000	-0.000000	-0.000000
0.798369	-0.163251	-5.292919	-0.474056	5.276820	0.043598	-5.198080	9.506950	0.939504	-0.000000	0.000000	-0.000000	1.755540	3.494160	-0.107029	0.598839	15.394400	-0.624464	0.000000	0.000001	-0.000000	-0.000000	0.000000	0.000001	0.000000	0.000000	0.000000	33.126400	-26.889601	-27.759800	106.321999	-5.523650	142.501007	-0.000001	-0.000000	-0.000000	0.000000	0.000000	0.000000	-29.430401	-30.898001	48.870998	-112.804001	9.657260	152.658997	0.000000	0.000001	-0.000001	0.449000	0.855251	-0.006702	0.000000	0.000000	0.000000
0.460790	0.076121	-5.066440	-0.180952	4.460230	0.014071	-4.964900	7.983040	0.716467	-0.000000	-0.000000	0.000000	2.351520	1.308530	-0.053730	-0.846740	19.660000	-0.506164	0.000000	0.000001	0.000000	-0.000001	-0.000000	-0.000047	0.000000	0.000000	0.000000	30.472300	-33.169201	-37.284302	110.362000	-9.058630	142.584000	-0.000001	-0.000001	-0.000000	0.000000	0.000000	0.000000	-27.928200	-38.073101	54.536800	-112.825996	5.202420	161.979004	-0.000001	0.000000	0.000000	0.141797	1.152960	-0.002854	0.000000	-0.000000	0.000000
0.264795	-0.092353	-5.788682	0.186006	4.593810	-0.014898	-5.229940	8.478640	0.745653	0.000000	0.000000	0.000000	2.767040	1.746630	-0.084404	-1.638490	18.973499	-0.366553	0.000000	-0.000001	-0.000000	-0.000000	-0.000000	0.000024	0.000000	0.000000	0.000000	27.068899	-35.761200	-44.013000	113.061996	-16.237600	135.490997	0.000000	0.000001	-0.000001	0.000000	0.000000	0.000000	-20.221500	-45.515301	66.430901	-111.634003	0.197336	173.431000	-0.000000	-0.000000	0.000000	-0.212825	1.174430	0.004362	-0.000000	-0.000000	-0.000000
0.377499	0.024198	-7.536159	0.178795	5.246410	-0.016350	-5.076470	5.988150	0.512252	0.000000	0.000000	0.000000	3.232300	0.530232	-0.029945	-2.100810	21.302000	-0.411052	0.000000	0.000000	-0.000000	-0.000000	-0.000000	0.000056	0.000000	0.000000	0.000000	22.395901	-37.891499	-52.421600	116.003998	-20.526400	135.197998	-0.000000	0.000000	-0.000000	0.000000	0.000000	0.000000	-8.730990	-49.759300	81.132500	-110.320000	-5.868090	-171.628998	-0.000000	-0.000000	-0.000000	-0.338213	1.315730	0.007765	0.000000	0.000000	0.000001
0.254443	-0.032009	-5.979531	0.619542	5.889530	-0.063575	-6.127470	5.016230	0.483366	-0.000000	0.000000	-0.000000	2.924030	0.642133	-0.032798	-0.990339	19.933001	-0.659397	0.000000	-0.000000	-0.000000	0.000001	0.000000	0.000051	0.000000	0.000000	0.000000	13.976500	-46.948399	-69.559898	110.742996	-20.569401	127.480003	-0.000000	0.000000	0.000000	0.000000	0.000000	0.000000	-3.467590	-49.568501	87.224098	-110.612000	-14.963600	-153.289993	0.000000	0.000001	-0.000001	-0.379053	0.962032	0.006365	-0.000000	-0.000000	-0.000001
0.125520	-0.412986	-2.631530	1.148490	5.463020	-0.109355	-5.781700	6.942170	0.561845	0.000000	-0.000000	-0.000000	3.476130	2.220200	-0.134831	-0.457505	18.473400	-0.956466	-0.000000	0.000000	0.000000	0.000001	0.000000	0.000075	0.000000	0.000000	0.000000	1.859040	-51.578201	-87.213699	105.528999	-22.454700	115.547997	-0.000001	0.000001	-0.000000	0.000000	0.000000	0.000000	3.331440	-47.546700	95.091698	-108.426003	-18.515499	-143.563995	-0.000000	0.000001	0.000000	0.018536	0.204724	-0.000066	0.000000	-0.000000	0.000000
0.156214	-0.785199	-2.789690	1.273630	6.079520	-0.134911	-6.009160	6.676670	0.552660	0.000000	0.000000	0.000000	3.107780	3.461270	-0.187812	0.499825	18.650299	-1.153230	0.000000	0.000001	-0.000000	0.000000	-0.000000	-0.000008	0.000000	0.000000	0.000000	2.038980	-44.944199	-86.579903	111.698997	-31.475901	120.051003	-0.000000	-0.000000	0.000001	0.000000	0.000000	0.000000	5.528360	-43.962002	98.198700	-108.016998	-27.007099	-132.121002	0.000000	0.000001	0.000000	0.034689	-0.677538	0.000411	-0.000000	-0.000000	-0.000000
0.695855	-0.306246	-2.609650	0.034591	5.706280	-0.003441	-5.052460	6.492690	0.568858	0.000000	0.000000	-0.000000	1.958640	3.623570	-0.123837	0.591281	17.293501	-0.757298	0.000000	-0.000001	-0.000000	0.000001	0.000000	0.000000	0.000000	0.000000	0.000000	4.773450	-37.516602	-80.685501	118.219002	-41.384499	123.468002	-0.000000	0.000001	0.000001	0.000000	0.000000	0.000000	0.297966	-36.380402	91.594200	-115.693001	-33.540401	-135.921005	-0.000000	0.000000	-0.000000	0.160509	-1.153870	0.003232	0.000000	0.000000	0.000000
0.785195	-0.197572	-3.091190	-0.445497	5.934120	0.046057	-5.029980	6.025900	0.576287	0.000000	-0.000000	0.000000	1.399960	4.701520	-0.114772	1.198460	12.232500	-0.549916	-0.000000	0.000000	-0.000000	-0.000002	-0.000000	-0.000071	0.000000	0.000000	0.000000	5.707080	-35.333599	-78.322899	120.884003	-43.504902	125.740997	0.000000	0.000001	0.000003	0.000000	0.000000	0.000000	-2.155790	-32.985802	87.920303	-119.400002	-36.703602	-137.772995	0.000000	0.000000	-0.000001	0.098422	-0.996065	0.001711	0.000000	0.000000	0.000000
0.330674	-0.181260	-3.183660	-0.134576	4.563000	0.010705	-3.955330	9.903620	0.704515	0.000000	-0.000000	-0.000000	1.862810	4.506620	-0.146421	1.929600	12.558800	-0.824519	0.000000	0.000000	-0.000000	-0.000001	-0.000000	0.000041	0.000000	0.000000	0.000000	3.583710	-38.100101	-83.146599	117.500999	-39.115200	123.876999	0.000000	0.000001	-0.000000	0.000000	0.000000	0.000000	-5.357090	-30.049400	82.445198	-124.378998	-39.223000	-141.477997	0.000000	-0.000000	0.000001	-0.124190	-0.837047	-0.001814	0.000000	-0.000000	-0.000000
0.142305	-0.116396	-3.052280	0.443680	5.314080	-0.041094	-4.912170	8.013990	0.624481	0.000000	0.000000	-0.000000	2.693290	3.965080	-0.186375	0.577133	15.731900	-0.885874	0.000000	0.000000	-0.000000	0.000001	0.000000	-0.000039	0.000000	0.000000	0.000000	-0.057467	-42.441898	-89.923698	111.084000	-32.540001	118.864998	0.000001	-0.000000	-0.000000	0.000000	0.000000	0.000000	-1.231750	-36.336498	89.429001	-116.389999	-33.167198	-137.194000	-0.000000	-0.000001	0.000001	-0.048942	-0.904364	-0.000772	-0.000000	0.000000	0.000000
0.350407	0.065243	-2.750309	-0.091304	4.928060	0.007842	-4.288020	7.235000	0.552544	0.000000	0.000000	0.000000	2.046890	2.878960	-0.102852	1.298530	18.108101	-1.040060	0.000000	0.000001	-0.000000	-0.000001	-0.000000	-0.000053	0.000000	0.000000	0.000000	-0.845995	-46.898499	-91.068398	109.013000	-26.393499	119.652000	0.000000	0.000000	0.000000	0.000000	0.000000	0.000000	1.379670	-44.325500	92.812897	-111.882004	-25.664900	-139.031998	0.000000	-0.000000	0.000000	-0.058347	-0.595903	-0.000608	0.000000	-0.000000	0.000000
0.438050	0.129877	-6.125084	-0.201509	4.405940	0.015480	-4.811290	8.101470	0.708123	-0.000000	0.000000	0.000000	2.009850	2.044100	-0.071719	1.082590	18.941500	-1.004270	-0.000000	0.000001	-0.000000	0.000001	0.000000	-0.000070	0.000000	0.000000	0.000000	7.340430	-48.702202	-79.614098	109.641998	-21.800100	124.738998	0.000000	0.000000	0.000000	0.000000	0.000000	0.000000	3.280530	-50.135700	95.315399	-110.101997	-18.593399	-146.287003	-0.000000	-0.000000	-0.000001	0.243374	0.324226	-0.001378	0.000000	-0.000000	0.000000
-0.314501	-0.072062	-6.358977	1.223700	5.000030	-0.106670	-5.708010	7.915640	0.619441	0.000000	0.000000	0.000000	3.297690	1.053470	-0.060697	0.145653	20.135500	-1.186410	0.000000	-0.000001	-0.000000	-0.000001	-0.000000	-0.000024	0.000000	0.000000	0.000000	18.652300	-46.178398	-62.744301	113.477997	-23.273399	128.645996	-0.000000	0.000000	-0.000000	0.000000	0.000000	0.000000	-3.671880	-49.019100	87.019096	-110.920998	-9.742660	-163.052994	-0.000001	0.000001	0.000001	-0.220936	0.932765	0.003596	0.000000	0.000000	-0.000000
-0.518382	-0.408394	-5.154090	1.944510	5.153030	-0.174716	-6.187440	8.021640	0.594254	-0.000000	0.000000	0.000000	4.147990	2.577970	-0.186899	-1.094820	17.733101	-0.929464	0.000000	0.000000	-0.000000	-0.000001	-0.000000	0.000034	0.000000	0.000000	0.000000	26.630600	-37.716301	-46.202400	115.862999	-25.665600	129.255997	0.000000	-0.000000	0.000001	0.000000	0.000000	0.000000	-15.544200	-44.570599	71.727203	-114.247002	-1.311890	177.587006	-0.000000	-0.000000	0.000001	-0.587508	1.095770	0.011235	-0.000000	0.000000	0.000000
-0.329772	0.044648	-3.380422	2.088100	5.894490	-0.214537	-5.948870	5.653370	0.381986	0.000000	-0.000000	0.000000	4.151060	3.005420	-0.218024	-1.165740	15.502800	-0.797077	0.000000	0.000001	-0.000000	-0.000001	-0.000000	0.000010	0.000000	0.000000	0.000000	32.095200	-33.485600	-35.542500	113.233002	-22.715799	127.961998	-0.000000	0.000001	0.000000	0.000000	0.000000	0.000000	-26.656799	-33.909500	53.697399	-117.905998	2.927560	168.304001	0.000001	-0.000001	0.000001	-0.126425	1.239160	0.002734	-0.000000	-0.000000	0.000000
-0.205805	0.608135	-2.624682	1.895220	4.307760	-0.142410	-5.773420	7.218860	0.488743	0.000000	0.000000	-0.000000	3.389580	2.149330	-0.127272	1.847950	17.039700	-1.537990	-0.000000	-0.000001	-0.000000	-0.000000	-0.000000	0.000030	0.000000	0.000000	0.000000	34.109699	-26.631800	-26.222000	108.717003	-20.091700	123.622002	0.000000	0.000001	-0.000000	0.000000	0.000000	0.000000	-31.974001	-25.193199	41.729801	-118.023003	7.800390	158.781998	-0.000000	0.000000	0.000001	0.373129	1.478340	-0.009627	0.000000	-0.000000	-0.000000
0.042885	1.120270	-2.261380	1.517150	2.792810	-0.073940	-5.756080	9.721520	0.717360	-0.000000	-0.000000	-0.000000	3.245420	0.584004	-0.033115	1.159860	19.101101	-1.444060	-0.000000	-0.000002	0.000000	0.000000	-0.000000	0.000105	0.000000	0.000000	0.000000	36.228802	-19.578800	-16.086700	103.948997	-18.023701	117.679001	0.000000	-0.000001	0.000000	0.000000	0.000000	0.000000	-33.552502	-16.574699	32.341099	-115.195999	8.657120	153.326996	0.000001	0.000000	-0.000000	0.393748	1.520560	-0.010449	-0.000000	-0.000000	0.000000
0.175875	0.824172	-2.039891	0.909268	3.001090	-0.047609	-4.928170	9.762230	0.682743	0.000000	0.000000	0.000000	2.543300	1.770180	-0.078616	2.600370	17.175301	-1.522280	0.000000	0.000001	-0.000000	0.000001	0.000000	0.000055	0.000000	0.000000	0.000000	36.313000	-13.104900	-7.705540	98.603302	-18.348400	107.265999	-0.000001	-0.000001	-0.000000	0.000000	0.000000	0.000000	-34.687698	-10.628600	24.854601	-110.686996	8.600800	147.112000	0.000001	0.000002	-0.000002	0.525931	1.180540	-0.010836	-0.000000	-0.000000	0.000000
0.149200	1.792708	-2.922521	0.925807	2.271000	-0.036690	-5.166360	8.845110	0.653320	-0.000000	-0.000000	0.000000	2.459420	0.040278	-0.001730	3.187170	19.593599	-1.899030	-0.000000	0.000000	0.000000	0.000000	0.000000	0.000009	0.000000	0.000000	0.000000	35.428600	-7.363550	-0.054672	95.770302	-17.367100	102.639999	0.000001	0.000001	-0.000000	0.000000	0.000000	0.000000	-34.947498	-8.769070	22.497299	-107.515999	10.501500	138.518997	-0.000000	-0.000001	0.000001	0.696035	1.531140	-0.018600	-0.000000	-0.000000	-0.000000
0.031372	1.491740	-3.451600	1.251700	2.514120	-0.054916	-5.587080	10.107900	0.762486	0.000000	-0.000000	-0.000000	2.728910	0.210783	-0.010047	2.915500	21.361700	-2.061790	-0.000000	0.000000	0.000000	0.000000	0.000000	0.000020	0.000000	0.000000	0.000000	35.715099	-3.158930	5.810770	92.963402	-19.338200	96.213402	-0.000001	0.000001	-0.000000	0.000000	0.000000	0.000000	-32.863300	-6.964340	21.564400	-107.521004	10.088900	138.839005	0.000001	-0.000000	0.000001	0.588733	1.549470	-0.015921	0.000000	-0.000000	-0.000000
0.060877	1.369860	-3.296240	1.034800	3.168060	-0.057195	-5.070730	8.306460	0.584237	0.000000	0.000000	-0.000000	3.032480	0.834393	-0.044202	0.506274	19.947100	-1.208510	-0.000000	0.000001	-0.000000	0.000001	0.000000	-0.000034	0.000000	0.000000	0.000000	35.396900	-1.978470	7.475180	93.192299	-19.929800	96.887497	-0.000000	-0.000000	0.000000	0.000000	0.000000	0.000000	-33.767502	-7.338280	21.469801	-106.332001	10.789900	135.723999	-0.000000	-0.000001	0.000001	0.534675	1.505040	-0.014044	-0.000000	0.000000	0.000000
0.122788	1.564450	-3.493591	1.060460	3.342120	-0.061831	-4.977770	7.865130	0.537118	-0.000000	0.000000	-0.000000	3.315340	0.443244	-0.025676	-1.205870	19.676701	-0.710541	-0.000000	0.000001	-0.000000	-0.000001	0.000000	0.000059	0.000000	0.000000	0.000000	36.891800	-3.799520	4.866290	93.043602	-16.534901	97.004402	0.000001	-0.000001	-0.000001	0.000000	0.000000	0.000000	-34.577900	-10.112500	24.404100	-106.831001	12.894800	133.945999	-0.000000	-0.000000	0.000000	0.357252	1.497500	-0.009337	0.000000	0.000000	-0.000000
-0.013096	0.995338	-3.689990	1.035050	3.414690	-0.061657	-4.390000	9.825150	0.573445	0.000000	0.000000	-0.000000	3.493660	0.613554	-0.037458	-0.922033	21.158899	-0.928715	0.000000	-0.000000	0.000000	-0.000001	0.000000	0.000092	0.000000	0.000000	0.000000	38.096901	-6.003220	1.980130	96.121498	-14.930300	105.058998	-0.000000	0.000000	-0.000000	0.000000	0.000000	0.000000	-32.353802	-13.044300	29.666401	-108.345001	14.320000	135.384995	-0.000000	-0.000000	0.000000	0.323107	1.041780	-0.005874	0.000000	-0.000000	0.000000
-0.179997	1.021359	-2.758420	1.214250	3.498780	-0.074114	-4.794360	8.693120	0.542136	0.000000	0.000000	0.000000	3.651900	1.063130	-0.067849	-0.898147	18.178900	-0.859531	0.000000	0.000001	-0.000000	0.000002	0.000000	0.000015	0.000000	0.000000	0.000000	38.445999	-11.860000	-5.364990	99.564201	-10.171600	117.877998	-0.000000	-0.000001	0.000001	0.000000	0.000000	0.000000	-31.915701	-15.417100	32.669800	-110.906998	12.437400	142.542007	0.000001	-0.000000	0.000001	0.408332	1.471140	-0.010484	0.000000	-0.000000	-0.000000
0.320079	0.954611	-1.908020	0.838429	3.722150	-0.054434	-4.919300	8.043450	0.572207	0.000000	0.000000	0.000000	2.929980	1.344070	-0.068786	0.385928	18.367901	-1.045700	-0.000000	-0.000000	0.000000	-0.000001	-0.000000	0.000021	0.000000	0.000000	0.000000	36.966202	-20.169001	-16.287701	103.776001	-3.445040	142.565994	0.000001	-0.000000	0.000000	0.000000	0.000000	0.000000	-30.832199	-22.660700	40.767399	-113.533997	13.761900	145.869003	0.000001	-0.000000	-0.000000	0.334729	1.223650	-0.007148	-0.000000	-0.000000	-0.000000
1.179330	1.171760	-1.886220	-0.227919	3.560290	0.014152	-4.955240	6.959920	0.629707	0.000000	-0.000001	-0.000000	1.654700	2.327270	-0.067212	0.889114	13.749400	-0.604659	-0.000000	-0.000001	0.000000	-0.000001	-0.000000	0.000094	0.000000	0.000000	0.000000	33.414700	-26.430799	-26.538099	109.117996	-3.806930	151.677994	0.000001	-0.000001	0.000000	0.000000	0.000000	0.000000	-29.973400	-30.316799	47.479500	-114.366997	9.325250	154.998001	-0.000000	0.000000	0.000001	0.475237	0.965753	-0.008011	-0.000000	-0.000000	0.000001
0.515817	1.210870	-2.572660	0.009340	3.199070	-0.000522	-5.011360	8.480370	0.739489	-0.000000	-0.000000	0.000000	1.953520	1.967870	-0.067108	0.847021	14.277800	-0.690915	-0.000000	0.000001	0.000000	0.000001	0.000000	0.000055	0.000000	0.000000	0.000000	30.523199	-32.160900	-35.881901	111.959999	-7.917370	147.110001	0.000000	0.000001	0.000001	0.000000	0.000000	0.000000	-23.178301	-37.235802	59.437000	-115.263000	2.729170	168.813995	0.000001	0.000000	-0.000000	0.609022	1.150160	-0.012226	-0.000000	-0.000000	0.000000
-0.202836	0.512177	-3.857030	1.621000	4.036690	-0.114142	-6.298300	7.523810	0.614307	-0.000000	-0.000000	-0.000000	3.497140	1.017900	-0.062203	1.158170	20.026100	-1.597120	0.000000	0.000001	-0.000000	0.000001	-0.000000	0.000076	0.000000	0.000000	0.000000	26.435101	-36.515099	-45.237099	114.491997	-14.148600	140.625000	-0.000000	-0.000001	-0.000000	0.000000	0.000000	0.000000	-10.763500	-43.282001	77.254898	-113.667999	-3.700120	-176.809998	-0.000000	-0.000000	0.000000	-0.084459	1.430590	0.002109	-0.000000	-0.000000	-0.000000
-0.576363	0.010186	-1.225240	2.844500	5.135430	-0.254821	-5.730970	6.677250	0.337239	0.000000	0.000001	-0.000000	4.996370	2.081930	-0.181972	-0.671405	20.344999	-1.505030	-0.000000	0.000000	0.000000	0.000001	0.000000	0.000007	0.000000	0.000000	0.000000	17.706301	-40.111000	-59.929699	115.139000	-22.467100	131.753006	0.000000	-0.000000	-0.000001	0.000000	0.000000	0.000000	-2.465990	-44.037498	87.679298	-113.657997	-10.330300	-162.692993	-0.000000	-0.000001	-0.000000	-0.357909	0.784487	0.004900	-0.000000	0.000000	0.000000
-0.425554	0.333752	0.059600	2.877640	5.196970	-0.260875	-5.326240	6.077710	0.260662	-0.000000	-0.000000	-0.000000	4.781360	3.512430	-0.293610	1.122110	15.651700	-1.595490	-0.000000	-0.000000	-0.000000	0.000001	-0.000000	0.000096	0.000000	0.000000	0.000000	4.083810	-45.561699	-83.005600	110.772003	-21.903900	126.545998	0.000001	0.000000	-0.000000	0.000000	0.000000	0.000000	4.723330	-43.335602	96.848297	-110.111000	-15.684700	-148.912994	-0.000001	-0.000001	-0.000000	-0.057847	0.054003	0.000054	-0.000000	-0.000000	-0.000000
-0.478995	0.599954	-0.084309	2.423160	4.199250	-0.177542	-5.223410	7.699300	0.376328	0.000000	0.000000	-0.000000	4.274470	2.798660	-0.209094	1.021540	17.385300	-1.585010	-0.000000	-0.000001	0.000000	0.000001	0.000000	-0.000070	0.000000	0.000000	0.000000	0.389612	-40.956001	-88.629898	113.114998	-29.054800	124.461998	0.000000	-0.000000	-0.000001	0.000000	0.000000	0.000000	-2.885000	-32.155998	86.235001	-119.787003	-33.007198	-140.692993	0.000000	-0.000000	0.000001	0.038735	-0.807952	0.000546	0.000000	-0.000000	0.000000
-0.497140	0.380316	-0.398240	2.164360	4.169120	-0.157426	-5.231860	8.778480	0.469459	0.000000	-0.000000	0.000000	3.965540	2.907480	-0.201467	2.196030	18.121599	-1.921560	-0.000000	-0.000001	0.000000	0.000001	0.000000	-0.000027	0.000000	0.000000	0.000000	1.322360	-35.676201	-86.611397	119.471001	-35.597599	128.789993	-0.000000	0.000000	-0.000000	0.000000	0.000000	0.000000	-6.141380	-27.480700	80.070801	-124.565002	-44.778999	-138.171997	-0.000000	0.000001	-0.000001	0.143600	-1.012800	0.002538	0.000000	0.000000	-0.000000
-0.431380	0.140764	-0.753971	2.024330	4.154740	-0.146724	-5.162210	10.069700	0.550108	0.000000	0.000000	0.000000	3.425960	3.031950	-0.181425	3.396120	18.588301	-2.182380	-0.000000	-0.000000	-0.000000	0.000001	0.000000	-0.000029	0.000000	0.000000	0.000000	1.553090	-33.365200	-85.930298	121.641998	-37.291100	130.529007	-0.000002	-0.000000	0.000000	0.000000	0.000000	0.000000	-7.186930	-26.307199	77.942200	-126.129997	-48.812901	-137.826004	0.000000	0.000001	-0.000001	-0.017015	-1.201930	-0.000356	0.000000	0.000000	-0.000000
0.117642	0.857007	-0.796541	0.406147	3.310540	-0.023455	-2.980920	10.350300	0.463020	-0.000000	-0.000001	-0.000000	2.980390	2.838800	-0.147741	1.868740	15.744600	-1.317730	-0.000000	-0.000000	-0.000000	-0.000001	0.000000	0.000014	0.000000	0.000000	0.000000	-2.543990	-37.056999	-94.239998	116.622002	-32.102699	128.009995	-0.000001	-0.000001	0.000001	0.000000	0.000000	0.000000	-7.975160	-26.775400	76.690903	-126.858002	-46.738800	-139.610001	-0.000001	-0.000001	0.000000	-0.072513	-1.014980	-0.001284	0.000000	0.000000	-0.000000
0.057447	0.428636	-1.129530	0.490914	4.070550	-0.034849	-3.436900	9.381200	0.480816	-0.000000	-0.000000	-0.000000	2.751540	2.702030	-0.129813	2.384890	18.162300	-1.604000	0.000000	0.000000	-0.000000	0.000001	0.000000	-0.000062	0.000000	0.000000	0.000000	-3.862950	-41.496399	-96.076698	109.931000	-29.063000	119.869003	0.000001	0.000000	0.000000	0.000000	0.000000	0.000000	-9.701090	-24.490000	72.743301	-130.753998	-43.919399	-145.024994	-0.000001	0.000000	-0.000000	-0.407676	-1.042880	-0.007420	0.000000	0.000000	0.000000
-0.252728	-0.330991	-2.461740	1.329130	5.726600	-0.132647	-4.724750	6.793830	0.402943	-0.000000	0.000000	-0.000000	3.438960	4.615840	-0.277080	0.644475	13.807700	-0.973449	-0.000000	-0.000001	0.000000	-0.000000	-0.000000	-0.000019	0.000000	0.000000	0.000000	-1.146230	-45.770302	-91.533600	107.450996	-24.686600	118.320999	0.000001	-0.000000	-0.000001	0.000000	0.000000	0.000000	-3.698300	-36.092999	85.698097	-117.223000	-30.107300	-140.929001	-0.000000	0.000001	0.000001	-0.073114	-0.604656	-0.000771	-0.000000	-0.000000	-0.000000
-0.260151	0.693572	-3.211711	1.426810	4.486950	-0.111647	-5.292130	7.452050	0.502635	0.000000	-0.000000	0.000000	3.194010	2.660070	-0.148389	1.610850	15.699800	-1.302080	0.000000	0.000000	0.000000	0.000001	0.000000	-0.000024	0.000000	0.000000	0.000000	9.126420	-42.556099	-74.840897	114.320000	-25.588900	128.526001	0.000001	-0.000002	-0.000001	0.000000	0.000000	0.000000	-4.230490	-45.682400	85.744499	-113.513000	-19.802700	-148.688995	0.000000	-0.000000	0.000001	-0.070601	0.616550	0.000759	-0.000000	-0.000000	0.000000
-1.049580	0.890927	-4.818370	2.769150	2.990950	-0.144602	-6.107520	10.181400	0.591424	-0.000000	0.000000	-0.000000	4.783960	1.394280	-0.116676	-0.247349	16.974701	-1.326580	-0.000000	-0.000001	0.000000	0.000000	0.000000	0.000109	0.000000	0.000000	0.000000	24.136101	-40.100201	-51.318298	116.435997	-24.389799	131.459000	-0.000000	0.000001	0.000000	0.000000	0.000000	0.000000	-9.790900	-46.990700	79.201599	-112.719002	-10.395900	-163.761993	0.000000	-0.000001	0.000001	-0.166139	1.191490	0.003455	-0.000000	0.000000	-0.000001
-0.692710	0.526583	-4.711531	3.038650	3.765160	-0.199728	-6.763650	9.764150	0.633716	-0.000000	0.000000	0.000000	5.151550	1.525320	-0.137499	-1.476180	17.518600	-1.107170	0.000000	0.000000	-0.000000	0.000002	0.000000	-0.000035	0.000000	0.000000	0.000000	32.664700	-36.220200	-37.557400	112.598999	-19.086500	130.751007	-0.000000	-0.000000	0.000000	0.000000	0.000000	0.000000	-25.319201	-42.780800	59.493401	-113.164001	-4.642770	-177.649002	-0.000001	0.000000	0.000000	0.009693	1.284780	-0.000218	0.000000	-0.000000	0.000000
-0.234960	0.237091	-2.855160	1.625820	4.612060	-0.130766	-5.534940	7.152480	0.488128	0.000000	-0.000000	0.000000	3.869790	2.187090	-0.147907	-0.893576	18.085800	-0.923818	0.000000	-0.000001	-0.000000	-0.000001	-0.000000	-0.000062	0.000000	0.000000	0.000000	36.429600	-31.829300	-29.375000	108.734001	-15.097300	128.994995	-0.000000	0.000000	-0.000000	0.000000	0.000000	0.000000	-34.900600	-32.780399	43.886799	-113.230003	1.228030	168.123993	0.000000	-0.000000	0.000001	0.205720	1.306240	-0.004691	-0.000000	-0.000000	0.000000
0.115817	1.023220	-2.591180	0.784541	3.668800	-0.050206	-4.752040	7.274420	0.503366	0.000000	0.000000	0.000000	2.718480	1.338310	-0.063541	1.448520	19.330400	-1.381270	-0.000000	0.000000	0.000000	-0.000001	0.000000	0.000039	0.000000	0.000000	0.000000	40.108799	-24.319099	-18.728100	104.305000	-14.658800	121.336998	0.000000	0.000000	-0.000000	0.000000	0.000000	0.000000	-40.633400	-26.588800	34.467899	-109.016998	7.935660	149.492004	0.000001	0.000001	-0.000001	0.355957	1.661360	-0.010321	0.000000	0.000000	0.000000
0.221623	1.167190	-3.042660	1.025750	3.866030	-0.069168	-5.676460	5.947940	0.483221	0.000000	0.000000	-0.000000	2.828800	-0.026581	0.001313	0.865054	22.046900	-1.388200	-0.000000	-0.000001	0.000000	0.000001	0.000000	-0.000098	0.000000	0.000000	0.000000	41.790798	-16.013901	-8.938560	99.172096	-15.864100	109.791000	-0.000000	0.000000	-0.000000	0.000000	0.000000	0.000000	-40.130001	-21.381100	31.108801	-106.132004	11.450300	137.684006	-0.000000	0.000001	0.000001	0.540782	1.628380	-0.015368	-0.000000	-0.000000	0.000000
-0.107471	1.667080	-3.473740	1.407860	2.491860	-0.061223	-5.775960	9.215980	0.701114	-0.000000	-0.000000	-0.000000	3.176140	-0.321051	0.017815	1.344860	20.389400	-1.577970	0.000000	-0.000001	0.000000	0.000001	-0.000000	-0.000018	0.000000	0.000000	0.000000	41.976700	-10.372900	-2.653420	93.847397	-15.162100	97.912598	0.000000	-0.000000	-0.000000	0.000000	0.000000	0.000000	-36.626900	-15.097300	28.333000	-106.399002	11.523300	136.479004	0.000000	0.000001	-0.000000	0.709820	1.736980	-0.021517	-0.000000	-0.000000	0.000000
-0.217113	1.543670	-5.464761	1.116290	3.057830	-0.059555	-5.454860	9.044640	0.683566	-0.000000	-0.000000	0.000000	3.959190	0.194904	-0.013490	-1.467100	19.007401	-0.812099	-0.000000	-0.000001	0.000000	0.000001	-0.000000	0.000030	0.000000	0.000000	0.000000	38.375500	-2.850070	5.982670	93.657799	-18.945601	97.770897	0.000001	0.000002	-0.000000	0.000000	0.000000	0.000000	-33.715900	-14.489200	30.247499	-106.494003	13.473400	133.414993	-0.000001	0.000000	0.000000	0.691781	2.049640	-0.024743	-0.000000	-0.000000	0.000000
0.000640	1.582420	-6.216289	1.274820	3.361360	-0.074759	-6.509230	8.585720	0.783900	0.000000	0.000000	0.000000	4.009350	-0.053490	0.003750	-3.186100	19.080999	-0.269146	0.000000	-0.000001	0.000000	-0.000001	-0.000000	0.000009	0.000000	0.000000	0.000000	36.113899	0.544669	10.776500	93.009201	-22.606001	96.135902	-0.000000	-0.000001	-0.000000	0.000000	0.000000	0.000000	-33.068600	-14.690200	31.093100	-106.470001	14.848700	131.466003	-0.000000	0.000001	-0.000001	0.344596	2.168350	-0.013038	-0.000000	-0.000000	-0.000000
0.263986	1.592690	-6.200020	0.489513	2.750170	-0.023488	-5.368120	9.812050	0.833449	-0.000000	0.000001	-0.000000	2.822380	-0.029144	0.001437	0.198384	19.696899	-1.018970	-0.000000	-0.000000	0.000000	0.000000	0.000000	-0.000011	0.000000	0.000000	0.000000	34.879501	0.582873	11.170300	93.914703	-22.696400	97.999802	-0.000001	0.000002	0.000001	0.000000	0.000000	0.000000	-32.945801	-15.035900	31.581400	-106.281998	13.779200	132.707001	0.000000	0.000001	0.000001	0.043884	2.264390	-0.001734	0.000000	0.000000	-0.000000
0.321192	1.742069	-5.801270	0.463068	3.086010	-0.024930	-5.740360	8.827630	0.812211	0.000000	0.000000	0.000000	2.662040	-0.538859	0.025054	-0.747704	20.150801	-0.659656	0.000000	0.000000	0.000000	-0.000001	-0.000000	-0.000045	0.000000	0.000000	0.000000	35.789200	-3.015510	5.996800	93.595703	-17.354601	98.021301	0.000000	0.000001	0.000000	0.000000	0.000000	0.000000	-32.408100	-15.623800	32.685398	-105.803001	13.382100	132.738998	0.000000	-0.000000	0.000000	0.099583	2.345400	-0.004076	0.000000	0.000000	-0.000000
0.166762	1.947930	-4.282424	0.607568	2.386320	-0.025299	-4.876640	8.788220	0.653499	-0.000000	-0.000000	0.000000	2.851580	-0.516550	0.025729	-0.264592	17.895300	-0.795383	-0.000000	-0.000001	0.000000	0.000001	0.000000	-0.000057	0.000000	0.000000	0.000000	35.987701	-8.237850	-1.225760	96.850998	-12.591800	108.248001	-0.000001	-0.000001	0.000001	0.000000	0.000000	0.000000	-32.027500	-16.356701	33.707298	-108.877998	13.448200	138.102005	-0.000001	-0.000000	-0.000001	0.368654	2.488440	-0.016007	0.000000	0.000000	0.000000
0.570521	1.913740	-3.150160	0.783482	1.883430	-0.025752	-5.566210	8.777870	0.731588	0.000000	-0.000000	-0.000000	2.588620	-0.884222	0.039975	1.724660	19.805099	-1.463780	-0.000000	-0.000000	0.000000	-0.000000	-0.000000	-0.000002	0.000000	0.000000	0.000000	35.661701	-13.103200	-7.987250	100.929001	-10.719200	120.536003	0.000001	0.000001	-0.000001	0.000000	0.000000	0.000000	-35.490101	-20.249701	34.145000	-109.626999	12.536200	141.362000	-0.000000	0.000001	0.000001	0.366623	2.457690	-0.015721	-0.000000	-0.000000	-0.000001
0.822271	1.223400	-2.378870	-0.580322	2.440370	0.024710	-4.068980	8.818370	0.714199	-0.000000	0.000000	0.000000	1.571410	0.363714	-0.009978	2.407620	18.152700	-1.241470	0.000000	-0.000001	0.000000	-0.000001	-0.000000	0.000010	0.000000	0.000000	0.000000	36.093102	-20.778000	-17.642200	103.953003	-7.153170	133.358994	-0.000000	-0.000000	0.000000	0.000000	0.000000	0.000000	-35.922798	-25.677799	38.077801	-110.717003	11.248500	146.251007	0.000000	0.000001	-0.000000	0.352917	1.842060	-0.011345	0.000000	0.000000	-0.000000
0.071936	-0.046952	-2.959300	0.969135	8.442840	-0.142306	-6.196640	-7.459720	-0.681913	0.000000	-0.000000	-0.000000	2.641940	2.816710	-0.129920	1.812940	17.617201	-1.349800	0.000000	0.000001	-0.000000	-0.000002	-0.000000	0.000083	0.000000	0.000000	0.000000	36.172600	-26.809200	-24.566500	106.778000	-8.885980	135.479004	-0.000000	0.000000	0.000000	0.000000	0.000000	0.000000	-32.024502	-30.577101	45.547600	-112.184998	5.930560	158.470001	0.000000	-0.000000	-0.000000	0.402911	1.609030	-0.011314	0.000000	-0.000000	0.000000
-0.241607	0.884171	-4.737391	2.261170	7.913210	-0.311462	-9.550580	-10.985100	-1.400460	0.000001	0.000000	0.000000	3.326610	1.777730	-0.103315	-0.272417	17.055799	-0.896113	0.000000	-0.000000	-0.000000	-0.000001	-0.000000	-0.000030	0.000000	0.000000	0.000000	34.621601	-30.465000	-30.021500	111.231003	-12.954900	136.677994	0.000000	-0.000000	-0.000000	0.000000	0.000000	0.000000	-26.524900	-39.177799	56.631599	-112.143997	0.845032	170.487000	0.000000	0.000000	-0.000000	0.460713	2.108050	-0.016948	0.000000	-0.000000	-0.000000
-0.291995	0.571097	-6.169210	3.161290	8.127550	-0.447382	-12.426800	-12.366400	-2.007970	0.000000	0.000000	0.000000	3.797520	0.290020	-0.019251	-0.379626	19.501499	-1.142190	-0.000000	-0.000001	0.000000	0.000001	0.000000	0.000060	0.000000	0.000000	0.000000	29.431601	-34.369400	-39.827900	113.973999	-17.628599	134.871002	0.000000	-0.000000	0.000001	0.000000	0.000000	0.000000	-17.801100	-42.417099	68.497398	-112.859001	-7.685170	-170.615005	-0.000001	0.000001	0.000000	-0.323496	2.074640	0.011711	0.000000	0.000000	0.000000
-0.386562	0.236634	-5.754550	3.112720	8.437650	-0.457179	-12.800000	-12.348400	-2.098140	0.000000	-0.000000	0.000000	3.846570	0.471149	-0.031678	-1.525110	19.656300	-0.781223	-0.000000	0.000000	-0.000000	0.000000	-0.000000	0.000076	0.000000	0.000000	0.000000	20.021000	-36.658600	-54.645302	115.596001	-23.388000	131.613007	0.000000	0.000000	-0.000001	0.000000	0.000000	0.000000	-8.814040	-44.327099	80.164803	-111.832001	-14.990800	-154.988007	0.000000	0.000000	-0.000000	-0.388324	1.632160	0.011060	0.000000	-0.000000	-0.000001
-0.607963	0.189378	-4.147777	3.784770	8.883120	-0.585273	-12.363300	-13.526200	-2.031580	-0.000000	0.000000	-0.000000	4.554130	1.420850	-0.113161	-0.454042	17.660500	-1.245380	0.000000	0.000001	-0.000000	-0.000000	-0.000000	-0.000030	0.000000	0.000000	0.000000	6.796300	-42.481499	-78.769096	109.613998	-21.318501	125.476997	-0.000001	0.000001	0.000001	0.000000	0.000000	0.000000	1.311840	-43.885799	92.967003	-109.941002	-17.748400	-146.733994	-0.000000	-0.000001	0.000000	-0.236337	0.765497	0.003157	0.000000	0.000000	-0.000001
-0.023767	0.074130	-2.953320	2.605090	9.883090	-0.447435	-10.531400	-15.126500	-2.091030	-0.000000	0.000000	-0.000000	3.175350	2.856360	-0.158397	1.892140	15.183900	-1.329460	0.000000	-0.000000	0.000000	0.000001	0.000000	-0.000089	0.000000	0.000000	0.000000	2.184530	-37.730202	-85.673401	112.128998	-28.766300	123.509003	0.000001	-0.000000	-0.000001	0.000000	0.000000	0.000000	1.876830	-37.900002	93.877602	-112.552002	-26.670401	-138.171005	-0.000000	-0.000000	0.000000	0.126146	0.287577	-0.000633	-0.000000	-0.000000	-0.000000
-0.203499	-0.260826	-1.518510	2.969250	10.004400	-0.516279	-12.590200	-14.062600	-2.369890	-0.000000	0.000000	0.000000	3.098730	3.955510	-0.213964	1.746170	15.932700	-1.330870	0.000000	0.000000	0.000000	0.000000	0.000000	0.000055	0.000000	0.000000	0.000000	2.961630	-34.349899	-83.287399	116.894997	-40.401402	122.661003	-0.000001	0.000001	-0.000000	0.000000	0.000000	0.000000	-5.137510	-27.439501	82.031403	-122.450996	-38.151501	-139.895004	0.000000	-0.000000	-0.000001	0.260410	-0.427374	0.001942	-0.000000	0.000000	0.000000
-0.424141	-0.479224	-2.390991	4.074720	10.792100	-0.764224	-14.966900	-14.432600	-2.764470	0.000000	0.000000	0.000000	3.823990	3.908970	-0.261075	0.423903	17.660200	-1.288120	0.000000	0.000000	-0.000000	-0.000001	0.000000	-0.000115	0.000000	0.000000	0.000000	3.914760	-32.196701	-80.888397	121.699997	-44.107800	126.719002	0.000000	0.000000	0.000000	0.000000	0.000000	0.000000	-8.737440	-23.857901	74.495697	-126.636002	-46.461201	-139.580994	0.000000	-0.000001	-0.000000	0.258257	-0.446574	0.002013	-0.000000	0.000000	0.000000
-0.316671	-0.420176	-2.938473	4.184760	11.048300	-0.803331	-15.718100	-14.755500	-2.995700	-0.000000	-0.000000	0.000000	3.466250	3.726140	-0.225538	1.163030	17.678499	-1.406340	-0.000000	0.000000	-0.000000	-0.000000	-0.000000	-0.000053	0.000000	0.000000	0.000000	-2.388560	-37.325001	-94.351997	110.819000	-33.003300	118.906998	-0.000000	0.000001	0.000001	0.000000	0.000000	0.000000	-9.677940	-23.578400	72.719704	-128.809998	-46.693298	-141.748001	-0.000000	0.000001	0.000000	0.279245	-0.473441	0.002308	-0.000000	0.000000	-0.000000
-0.297014	0.039822	-2.156860	4.231080	9.477200	-0.697905	-15.588000	-13.023800	-2.605170	0.000000	-0.000000	-0.000000	3.583490	2.639120	-0.165218	2.331440	19.235901	-1.953660	0.000000	0.000000	0.000000	-0.000002	-0.000000	-0.000048	0.000000	0.000000	0.000000	-1.197150	-40.578201	-91.774597	108.693001	-31.212000	116.147003	-0.000000	-0.000000	-0.000001	0.000000	0.000000	0.000000	-1.690650	-33.012100	88.536697	-115.638000	-32.568600	-136.481995	-0.000001	-0.000001	-0.000000	0.107894	-0.300203	0.000566	0.000000	0.000000	-0.000000
-0.133089	0.358849	-2.901561	3.619040	8.840520	-0.556916	-14.952500	-13.415900	-2.672830	-0.000000	0.000000	-0.000000	3.487760	2.223370	-0.135476	1.356430	18.425800	-1.533600	0.000000	0.000001	-0.000000	0.000001	0.000000	0.000017	0.000000	0.000000	0.000000	0.986807	-46.454800	-88.328598	106.338997	-26.155100	114.760002	-0.000000	-0.000000	0.000001	0.000000	0.000000	0.000000	1.778760	-40.968300	93.552696	-111.595001	-24.168301	-139.942993	0.000000	0.000001	-0.000000	0.247555	0.403192	-0.001742	-0.000000	-0.000000	-0.000000
-0.103542	0.258371	-3.434042	3.314840	8.111040	-0.468212	-12.705800	-12.234800	-2.014540	-0.000001	-0.000000	-0.000000	3.902000	1.339720	-0.091372	0.102986	18.313299	-1.259930	0.000000	0.000002	-0.000000	-0.000001	-0.000000	-0.000059	0.000000	0.000000	0.000000	9.985970	-46.705399	-74.882401	110.554001	-26.376101	121.424004	0.000000	-0.000000	0.000000	0.000000	0.000000	0.000000	-1.665950	-47.282200	89.050301	-111.257004	-19.405399	-146.529007	-0.000000	0.000000	0.000000	0.171963	1.125130	-0.003377	-0.000000	-0.000000	-0.000000
0.065534	-0.199804	-1.947140	2.438460	8.195320	-0.347806	-10.353500	-12.455700	-1.723050	0.000000	0.000000	0.000000	3.011560	1.337050	-0.070336	1.401790	20.168600	-1.524030	0.000000	0.000000	0.000000	0.000001	0.000000	-0.000066	0.000000	0.000000	0.000000	19.038900	-47.779499	-62.336102	109.237999	-23.475700	120.813004	0.000001	-0.000001	-0.000001	0.000000	0.000000	0.000000	-14.715800	-46.638401	72.784103	-111.503998	-16.426800	-152.710007	0.000000	0.000001	-0.000002	-0.008474	0.995347	0.000147	-0.000000	-0.000000	0.000000
0.094824	-0.243596	-2.381440	2.911700	9.075360	-0.459660	-12.846600	-13.780200	-2.398030	0.000000	0.000000	0.000000	2.589070	1.259390	-0.056943	3.235790	21.813801	-2.170690	-0.000000	-0.000000	-0.000000	-0.000000	-0.000000	-0.000038	0.000000	0.000000	0.000000	30.831400	-42.776600	-44.469398	109.556000	-23.215700	121.250000	-0.000000	0.000000	-0.000000	0.000000	0.000000	0.000000	-25.303200	-41.424400	58.716999	-114.251999	-11.716100	-164.667999	-0.000001	-0.000000	0.000000	-0.090662	1.446850	0.002289	-0.000000	0.000000	0.000000
-0.033458	-0.305927	-3.501370	3.088030	9.484690	-0.509340	-12.935200	-13.342300	-2.303860	0.000000	0.000000	0.000000	3.054620	1.880520	-0.100334	1.274520	20.924299	-1.548070	0.000000	0.000001	-0.000000	-0.000001	-0.000000	0.000024	0.000000	0.000000	0.000000	39.079498	-35.099998	-29.759701	108.545998	-21.189100	121.517998	0.000000	-0.000000	0.000000	0.000000	0.000000	0.000000	-33.690102	-37.933300	48.025501	-112.405998	-4.624580	-179.248993	-0.000000	0.000000	-0.000001	0.065772	0.995579	-0.001143	-0.000000	0.000000	0.000000
-0.182824	-1.052950	-4.953878	3.833290	11.055600	-0.736135	-15.397100	-14.372700	-2.925960	-0.000000	-0.000000	-0.000000	3.809930	2.159120	-0.143751	-1.523830	22.496000	-0.874071	-0.000000	-0.000002	0.000000	-0.000001	-0.000000	-0.000044	0.000000	0.000000	0.000000	43.181099	-24.954100	-17.412800	105.287003	-19.034201	118.263000	0.000000	0.000000	-0.000000	0.000000	0.000000	0.000000	-36.125702	-34.054298	43.633598	-110.056000	3.509070	161.251007	0.000001	-0.000000	-0.000000	0.040977	0.695405	-0.000498	0.000000	-0.000000	0.000000
-0.067037	-1.623629	-5.643680	3.519170	11.422700	-0.697801	-15.305600	-13.849400	-2.876810	0.000000	0.000000	0.000000	3.585260	4.011600	-0.251146	-0.077256	17.144300	-1.032670	0.000000	0.000001	-0.000000	-0.000001	-0.000000	0.000064	0.000000	0.000000	0.000000	43.214199	-15.204900	-7.678960	99.386299	-17.002199	108.815002	0.000000	-0.000002	0.000000	0.000000	0.000000	0.000000	-37.056099	-28.294600	39.209499	-106.579002	9.469380	143.688995	0.000000	-0.000000	0.000000	0.195002	0.560509	-0.001907	0.000000	0.000000	-0.000000
0.128902	-0.317865	-5.876730	2.409260	11.440100	-0.478134	-11.084700	-16.113899	-2.438550	-0.000000	0.000000	0.000000	2.948750	3.046270	-0.156843	0.949144	16.185200	-1.086890	0.000000	-0.000001	0.000000	0.000001	0.000000	-0.000012	0.000000	0.000000	0.000000	40.091900	-6.500090	1.446330	95.349602	-16.792000	101.324997	0.000000	0.000000	-0.000000	0.000000	0.000000	0.000000	-37.411800	-22.081301	34.253399	-102.902000	13.941200	128.059998	-0.000000	0.000000	0.000000	-0.100528	1.332050	0.002337	0.000000	0.000000	-0.000000
0.052489	-0.710848	-5.971873	1.672890	11.021400	-0.319905	-8.221290	-14.817000	-1.689470	0.000000	-0.000000	0.000000	3.428930	3.296260	-0.197395	-0.652835	16.736601	-0.798375	-0.000000	-0.000002	0.000000	-0.000001	-0.000000	0.000001	0.000000	0.000000	0.000000	36.395000	-0.369621	9.459760	91.858498	-19.668800	93.503403	0.000001	0.000002	-0.000000	0.000000	0.000000	0.000000	-34.590199	-16.402201	31.590900	-101.376999	14.758800	122.613998	0.000000	0.000001	0.000000	-0.087260	1.043520	0.001588	0.000000	0.000000	-0.000001
-0.086576	-0.530788	-4.972160	2.467380	10.680400	-0.457556	-9.581730	-14.911000	-1.850650	-0.000000	-0.000000	-0.000000	4.329360	2.623300	-0.198529	-2.661520	17.443300	-0.498723	0.000000	-0.000001	0.000000	0.000001	0.000000	-0.000028	0.000000	0.000000	0.000000	35.095299	0.998181	11.639300	89.240196	-19.724199	87.905098	0.000000	-0.000000	-0.000000	0.000000	0.000000	0.000000	-32.884300	-12.126000	28.283100	-100.378998	14.181000	120.206001	0.000000	-0.000001	0.000001	-0.027580	1.260530	0.000606	-0.000000	-0.000000	-0.000000
0.067762	-0.251943	-3.964600	3.422910	9.910830	-0.589820	-13.317400	-13.811000	-2.396950	0.000000	0.000000	0.000000	4.181070	2.200010	-0.160789	-1.747240	18.783501	-0.783105	-0.000000	-0.000000	0.000000	0.000001	0.000000	-0.000013	0.000000	0.000000	0.000000	34.216202	0.855700	11.705600	88.600601	-19.620800	86.557098	0.000000	-0.000001	-0.000000	0.000000	0.000000	0.000000	-32.909100	-10.175900	25.811001	-100.111000	13.022400	120.563004	0.000000	-0.000000	-0.000000	-0.074305	0.992314	0.001287	-0.000000	0.000000	-0.000000
0.254754	-0.009878	-3.568970	3.753590	10.093600	-0.658756	-15.593200	-15.004100	-3.122140	0.000000	0.000000	0.000000	3.129520	2.039780	-0.111502	1.471690	19.382799	-1.529310	0.000000	0.000001	0.000000	-0.000001	-0.000000	-0.000096	0.000000	0.000000	0.000000	33.300201	0.089202	10.877600	89.376404	-20.726101	88.320999	0.000000	-0.000001	-0.000000	0.000000	0.000000	0.000000	-33.793800	-10.377400	25.358200	-99.970299	12.649900	120.737999	-0.000001	-0.000000	0.000001	-0.061655	0.918243	0.000988	0.000000	-0.000000	0.000000
0.299740	-0.047554	-3.460002	3.250270	8.741600	-0.494492	-15.518700	-12.397900	-2.681550	0.000000	-0.000000	0.000000	2.960200	2.143800	-0.110833	1.514370	18.895901	-1.451060	-0.000000	0.000000	-0.000000	-0.000001	-0.000000	-0.000051	0.000000	0.000000	0.000000	34.577801	-2.290070	7.159800	89.644798	-17.881800	88.216103	-0.000000	-0.000000	0.000000	0.000000	0.000000	0.000000	-35.746399	-12.479800	26.320000	-100.387001	12.562400	122.352997	0.000000	-0.000001	-0.000000	0.011123	1.232840	-0.000239	-0.000000	-0.000000	-0.000000
-0.089686	-0.131175	-3.346410	3.938220	9.785310	-0.670356	-15.416600	-14.557100	-2.936690	-0.000001	0.000000	0.000000	3.446560	2.069470	-0.124610	2.049070	19.494400	-1.838230	0.000000	-0.000001	0.000000	-0.000001	-0.000000	-0.000002	0.000000	0.000000	0.000000	36.395901	-6.252520	1.555390	90.188004	-13.179300	88.239700	0.000001	0.000000	-0.000000	0.000000	0.000000	0.000000	-33.635399	-13.970800	29.642099	-103.012001	12.583700	128.727005	-0.000000	-0.000001	-0.000000	-0.200609	1.153050	0.004037	-0.000000	-0.000000	-0.000000
-0.115114	0.260284	-3.022770	4.758260	9.037380	-0.749104	-17.058300	-13.692900	-2.969230	-0.000000	0.000000	0.000000	4.212250	1.078090	-0.079398	-0.660723	20.549500	-1.247780	-0.000000	-0.000001	0.000000	-0.000000	0.000000	0.000016	0.000000	0.000000	0.000000	35.580502	-9.797960	-3.451920	95.047798	-11.558100	102.907997	-0.000001	-0.000001	-0.000001	0.000000	0.000000	0.000000	-34.469398	-17.532499	32.591702	-103.997002	13.171700	130.770004	0.000001	0.000001	-0.000001	-0.284676	1.292560	0.006421	0.000000	-0.000000	0.000000
-0.215467	-0.295912	-3.375901	4.624000	8.792140	-0.708284	-16.645800	-12.663200	-2.685300	0.000000	-0.000000	-0.000000	3.980020	2.206630	-0.153491	0.523802	18.350901	-1.419670	-0.000000	-0.000001	0.000000	-0.000001	0.000000	-0.000073	0.000000	0.000000	0.000000	36.937500	-14.913400	-9.871990	97.204597	-8.653110	111.092003	0.000001	0.000001	-0.000001	0.000000	0.000000	0.000000	-35.362598	-21.533501	35.470600	-105.014000	11.232600	136.727005	-0.000000	0.000000	-0.000001	-0.144694	1.385170	0.003498	0.000000	-0.000000	0.000000
-0.295775	0.223076	-3.193740	4.414700	8.673050	-0.667011	-13.956500	-13.816600	-2.311190	-0.000000	-0.000000	0.000000	4.682590	2.071250	-0.169617	-0.577938	16.288500	-1.152210	-0.000000	-0.000002	0.000000	-0.000001	-0.000000	-0.000037	0.000000	0.000000	0.000000	38.517502	-21.417000	-16.781500	98.652901	-7.188080	116.831001	-0.000001	-0.000001	0.000001	0.000000	0.000000	0.000000	-34.994801	-24.603300	38.311501	-107.834000	8.477370	146.966003	0.000000	0.000001	-0.000001	-0.003883	1.560790	0.000105	0.000000	0.000000	0.000000
-0.071495	-0.542150	-2.669189	3.601320	9.296270	-0.582506	-11.896800	-13.968800	-2.027410	-0.000000	0.000000	0.000000	4.638620	2.602930	-0.211120	-2.044500	16.274500	-0.726091	0.000000	-0.000000	-0.000000	0.000001	0.000000	0.000042	0.000000	0.000000	0.000000	36.256599	-27.099600	-24.780199	101.952003	-9.502760	122.196999	0.000000	0.000000	0.000001	0.000000	0.000000	0.000000	-34.419498	-30.193701	42.805401	-107.693001	6.343080	152.792007	0.000001	0.000000	-0.000000	0.034731	1.386650	-0.000841	-0.000000	0.000000	0.000000
-0.094020	-0.722139	-2.638911	3.786910	9.557230	-0.629645	-13.729400	-13.572100	-2.368270	-0.000000	-0.000000	-0.000000	4.177770	2.725620	-0.199019	-1.327570	17.843000	-0.872536	-0.000000	-0.000000	-0.000000	-0.000000	-0.000000	-0.000060	0.000000	0.000000	0.000000	34.257099	-31.577200	-31.292801	105.822998	-14.980300	123.205002	-0.000000	0.000000	0.000000	0.000000	0.000000	0.000000	-30.464800	-31.818300	48.044601	-110.898003	-1.792460	174.203003	-0.000000	-0.000000	0.000002	0.074531	1.644040	-0.002139	0.000000	-0.000000	-0.000000
-0.123681	-0.981102	-3.379860	3.943850	9.575500	-0.657060	-14.248500	-12.714400	-2.304010	0.000000	0.000000	-0.000000	4.111760	2.980890	-0.214191	0.057265	19.023800	-1.359270	0.000000	0.000000	-0.000000	0.000001	-0.000000	0.000022	0.000000	0.000000	0.000000	32.646801	-33.139599	-34.617001	109.908997	-25.041100	120.647003	0.000000	-0.000000	0.000000	0.000000	0.000000	0.000000	-26.015600	-35.045502	55.113899	-113.089996	-10.747000	-166.434006	-0.000001	0.000000	-0.000000	-0.097931	1.644250	0.002810	0.000000	0.000000	0.000000
-0.213513	-1.035240	-4.632051	4.087760	10.396100	-0.738858	-14.493900	-14.296000	-2.613590	-0.000000	0.000000	-0.000000	4.268910	3.047840	-0.227397	-0.597018	17.587400	-1.109050	-0.000000	0.000000	-0.000000	-0.000001	-0.000000	0.000008	0.000000	0.000000	0.000000	26.772200	-34.787701	-43.369900	114.079002	-31.174200	122.560997	-0.000000	0.000001	-0.000000	0.000000	0.000000	0.000000	-18.712099	-39.305901	66.166901	-112.545998	-16.844299	-154.089005	0.000001	-0.000000	0.000001	-0.039154	1.341170	0.000917	0.000000	-0.000000	-0.000000
-0.719681	-1.176040	-2.307580	4.418300	9.869410	-0.758773	-13.370500	-13.224100	-2.079180	0.000000	0.000000	-0.000000	4.923230	3.081070	-0.265271	-0.495548	18.317900	-1.391820	0.000000	-0.000000	-0.000000	-0.000001	-0.000000	-0.000017	0.000000	0.000000	0.000000	18.150299	-42.548302	-60.948700	111.055000	-32.225101	117.533997	0.000001	-0.000000	-0.000001	0.000000	0.000000	0.000000	-12.240300	-41.153900	74.729599	-111.036003	-20.896500	-145.212006	-0.000000	-0.000000	0.000000	-0.023701	0.748220	0.000309	-0.000000	0.000000	0.000000
-0.836742	-1.431301	-2.253290	5.716510	10.626700	-1.057570	-16.100000	-13.139700	-2.408320	0.000000	0.000000	0.000000	5.394520	4.571840	-0.431260	-0.806310	16.105801	-1.270540	-0.000000	-0.000001	-0.000000	-0.000001	-0.000000	-0.000012	0.000000	0.000000	0.000000	8.394710	-42.881500	-76.016701	109.228996	-33.088200	114.745003	-0.000000	0.000000	-0.000001	0.000000	0.000000	0.000000	-4.311930	-41.555901	85.281197	-109.302002	-23.719299	-138.330994	0.000001	-0.000001	0.000000	0.034438	-0.180146	0.000108	0.000000	0.000000	0.000000
-0.665422	-1.706770	-3.084831	5.280430	12.500000	-1.145990	-15.467100	-15.611800	-2.803320	-0.000000	-0.000000	-0.000000	5.112080	5.432320	-0.485238	-1.020910	16.462500	-1.154650	0.000000	-0.000001	0.000000	0.000001	0.000000	0.000086	0.000000	0.000000	0.000000	7.806490	-36.452000	-74.833702	116.637001	-43.056702	120.446999	0.000001	0.000000	-0.000001	0.000000	0.000000	0.000000	4.246570	-41.612000	96.875504	-106.228996	-27.642799	-128.878006	-0.000000	-0.000001	0.000000	-0.220331	-0.748621	-0.002879	0.000000	0.000000	0.000000
-0.466578	-1.743441	-2.207772	5.705990	12.902000	-1.278080	-17.710800	-15.440700	-3.280430	-0.000000	-0.000000	-0.000000	4.449180	5.454570	-0.423769	2.282770	17.479300	-2.024380	-0.000000	-0.000000	0.000000	-0.000000	0.000000	-0.000004	0.000000	0.000000	0.000000	9.866890	-34.128101	-69.542801	129.033997	-57.077999	129.104996	0.000001	-0.000000	0.000001	0.000000	0.000000	0.000000	-3.387650	-30.850599	85.710297	-116.933998	-36.395500	-135.266006	0.000001	0.000001	-0.000001	-0.398345	-1.139640	-0.007923	0.000000	0.000000	-0.000000
-0.461034	-1.790560	-2.390770	5.802760	13.004000	-1.309990	-18.290100	-15.296000	-3.384790	0.000000	0.000000	0.000000	4.659650	5.763060	-0.468923	0.348144	15.679400	-1.350160	0.000000	-0.000000	-0.000000	-0.000000	-0.000000	-0.000054	0.000000	0.000000	0.000000	10.449400	-32.513699	-67.383904	133.604004	-57.916599	133.574997	0.000001	-0.000000	-0.000001	0.000000	0.000000	0.000000	-6.954490	-26.132900	78.680199	-123.800003	-42.657200	-138.817993	-0.000000	-0.000001	0.000001	-0.261424	-1.225470	-0.005591	0.000000	-0.000000	-0.000000
-0.417130	-1.581940	-2.068050	4.830740	11.873800	-0.996216	-15.034200	-13.640600	-2.455770	-0.000000	0.000000	0.000000	5.172010	5.546620	-0.501255	-1.120870	16.123699	-1.120010	-0.000000	0.000001	0.000000	-0.000001	0.000000	0.000082	0.000000	0.000000	0.000000	9.168080	-31.642599	-69.306297	132.957993	-54.001202	134.251007	0.000001	-0.000001	-0.000000	0.000000	0.000000	0.000000	-10.802600	-24.627199	71.098602	-128.248993	-50.987301	-139.373001	-0.000001	0.000001	0.000000	-0.334495	-1.237660	-0.007225	-0.000000	-0.000000	-0.000000
-0.436904	-1.704520	-2.127181	5.242140	11.739000	-1.069400	-16.037701	-13.314400	-2.540580	-0.000000	-0.000000	0.000000	5.230960	5.290890	-0.483693	-1.229420	17.189301	-1.177700	-0.000000	0.000000	0.000000	-0.000001	-0.000000	0.000025	0.000000	0.000000	0.000000	0.488593	-38.674198	-88.809998	113.431000	-41.694801	117.290001	-0.000001	0.000001	-0.000001	0.000000	0.000000	0.000000	-12.528500	-25.118700	68.371101	-130.317001	-54.380501	-140.182007	0.000000	-0.000001	-0.000000	-0.177923	-1.281280	-0.003978	-0.000000	-0.000000	0.000000
-0.511107	-1.120670	-2.472210	5.861070	12.225100	-1.245250	-17.282301	-15.632500	-3.153290	-0.000000	0.000000	-0.000000	5.050290	5.592340	-0.493417	0.091306	15.242200	-1.348730	-0.000000	0.000000	-0.000000	-0.000001	-0.000000	0.000042	0.000000	0.000000	0.000000	-0.187120	-39.785099	-90.120499	111.821999	-37.076599	117.382004	-0.000001	0.000000	-0.000001	0.000000	0.000000	0.000000	-9.471930	-28.821100	75.251297	-125.032997	-47.897099	-137.632996	-0.000000	0.000001	0.000000	-0.240252	-1.079990	-0.004528	0.000000	-0.000000	-0.000000
-0.331783	-0.759218	-1.275920	6.427870	11.491900	-1.285810	-18.680799	-15.256000	-3.306200	0.000000	-0.000000	-0.000000	4.873910	4.537590	-0.386518	1.948190	17.100401	-2.010160	-0.000000	0.000001	0.000000	-0.000001	-0.000000	-0.000046	0.000000	0.000000	0.000000	-0.623361	-42.398701	-90.628197	112.786003	-33.712002	120.504997	0.000001	0.000001	-0.000000	0.000000	0.000000	0.000000	-4.117650	-34.498199	84.784698	-116.982002	-37.890499	-134.524002	0.000001	0.000000	-0.000000	-0.150214	-0.719396	-0.001886	0.000000	-0.000000	0.000000
-0.155417	-1.168730	-0.922970	5.831680	11.185100	-1.135000	-18.636700	-13.875200	-3.147800	0.000000	-0.000000	-0.000000	4.348710	4.569700	-0.347133	0.809802	17.542101	-1.554430	-0.000000	-0.000000	-0.000000	0.000000	0.000000	0.000004	0.000000	0.000000	0.000000	3.009610	-42.892300	-84.545502	113.471001	-31.739700	122.404999	-0.000000	0.000000	0.000000	0.000000	0.000000	0.000000	-2.306050	-40.778198	87.744904	-112.667000	-31.303900	-134.690002	0.000000	0.000001	0.000000	-0.033178	-0.510966	-0.000296	0.000000	0.000000	-0.000000
0.123269	-0.869586	-1.786480	4.792210	10.671300	-0.889397	-17.140600	-14.179400	-3.090900	0.000000	0.000000	0.000000	4.034320	3.706630	-0.261241	0.269107	18.714001	-1.380340	0.000000	0.000000	0.000000	0.000001	-0.000000	0.000051	0.000000	0.000000	0.000000	9.308410	-44.174702	-74.896698	116.260002	-29.408701	127.627998	0.000001	-0.000001	-0.000002	0.000000	0.000000	0.000000	-3.611930	-43.656200	86.262199	-112.469002	-26.591200	-139.276001	0.000000	0.000000	-0.000001	0.115515	0.275511	-0.000555	-0.000000	-0.000000	-0.000000
0.001550	-1.295040	-2.325000	4.525880	10.096100	-0.794989	-16.313499	-12.444900	-2.590730	-0.000000	0.000000	0.000000	4.149400	3.289140	-0.238487	-0.506992	19.928699	-1.240660	0.000000	0.000000	-0.000000	-0.000001	0.000000	-0.000027	0.000000	0.000000	0.000000	20.663200	-39.193501	-55.139999	118.930000	-31.559000	128.837006	-0.000001	0.000001	0.000001	0.000000	0.000000	0.000000	-8.302520	-45.343399	80.510803	-112.214996	-20.897800	-146.350998	-0.000000	-0.000000	-0.000000	-0.062993	0.737565	0.000811	0.000000	0.000000	-0.000000
0.041643	-1.216280	-2.638470	4.804700	10.258000	-0.857570	-16.840300	-13.006400	-2.765250	-0.000000	0.000000	-0.000000	4.325490	3.648350	-0.275765	-1.169420	17.638399	-0.954527	-0.000000	0.000000	0.000000	0.000001	0.000000	0.000028	0.000000	0.000000	0.000000	28.889099	-35.542900	-41.141499	115.711998	-28.085100	126.878998	0.000000	-0.000001	-0.000000	0.000000	0.000000	0.000000	-18.028299	-43.027302	67.972000	-113.931000	-15.734600	-156.837997	0.000001	-0.000000	-0.000001	0.245847	0.765022	-0.003283	-0.000000	0.000000	-0.000000
-0.304768	-1.586450	-3.701280	3.664590	10.213800	-0.650675	-13.346100	-11.993200	-2.042720	0.000000	-0.000000	-0.000000	4.534460	3.807050	-0.301701	-1.314960	18.613701	-1.025390	-0.000000	-0.000000	-0.000000	-0.000000	-0.000000	-0.000000	0.000000	0.000000	0.000000	36.521400	-30.614500	-28.254801	109.960999	-24.781799	121.027000	0.000000	0.000000	-0.000000	0.000000	0.000000	0.000000	-25.076300	-37.763699	57.601700	-115.596001	-10.053600	-168.834000	-0.000000	0.000000	0.000000	0.441092	0.608135	-0.004682	0.000000	0.000000	0.000000
-0.068149	-1.682560	-4.933816	3.568490	11.313000	-0.700902	-13.754400	-13.909700	-2.490410	-0.000001	-0.000000	0.000000	4.070290	4.655220	-0.330897	-0.850290	17.679701	-0.974742	-0.000000	-0.000001	0.000000	-0.000001	-0.000000	0.000057	0.000000	0.000000	0.000000	40.908501	-21.563700	-15.566600	106.091003	-25.135599	115.274002	-0.000000	0.000002	-0.000000	0.000000	0.000000	0.000000	-29.860701	-32.543999	49.423500	-115.127998	-5.482050	-178.371002	0.000000	0.000000	-0.000000	0.316940	0.589944	-0.003263	-0.000000	-0.000000	0.000000
-0.013939	-1.472870	-5.867590	3.345250	11.204000	-0.650706	-14.210100	-13.886500	-2.653250	0.000001	0.000000	0.000000	3.381540	3.348910	-0.197766	1.541090	20.241400	-1.704800	-0.000000	-0.000000	-0.000000	0.000000	-0.000000	0.000011	0.000000	0.000000	0.000000	41.717300	-12.838000	-5.653880	107.127998	-24.262800	118.695000	-0.000000	-0.000001	0.000001	0.000000	0.000000	0.000000	-31.753401	-28.241301	44.620602	-115.441002	-2.083170	174.210007	-0.000001	-0.000000	-0.000000	-0.089669	0.820338	0.001284	0.000000	0.000000	-0.000000
-0.144453	-0.596364	-6.265750	3.986400	10.549300	-0.730977	-16.077999	-13.996400	-2.983050	0.000000	0.000000	-0.000000	4.001620	2.482580	-0.173615	-1.398120	19.488001	-0.867831	0.000000	0.000001	0.000000	-0.000001	-0.000000	-0.000067	0.000000	0.000000	0.000000	40.948700	-8.390210	-0.715237	106.739998	-19.397400	122.830002	0.000001	0.000000	-0.000001	0.000000	0.000000	0.000000	-31.600800	-22.805201	40.580700	-117.753998	-0.263870	170.546005	-0.000000	-0.000000	-0.000001	-0.187019	1.045080	0.003411	-0.000000	-0.000000	-0.000000
-0.040178	0.669095	-6.040802	2.602160	8.801100	-0.398412	-11.395200	-13.459200	-2.069240	-0.000000	0.000000	-0.000000	4.131780	0.235578	-0.017018	-2.562260	20.395399	-0.547082	-0.000000	-0.000000	-0.000000	-0.000001	-0.000000	-0.000052	0.000000	0.000000	0.000000	41.108799	-6.432560	1.636750	105.241997	-14.740700	125.709999	-0.000000	-0.000000	0.000000	0.000000	0.000000	0.000000	-31.381800	-21.837000	39.933102	-118.473999	5.721090	161.082001	0.000000	0.000000	0.000001	-0.273425	1.532480	0.007312	0.000000	0.000000	-0.000001
-0.046292	1.101080	-5.996687	2.800500	8.241820	-0.401770	-11.792400	-14.142600	-2.221400	-0.000000	0.000000	0.000000	4.099660	-1.340520	0.096073	-1.843570	23.989599	-0.917208	-0.000000	0.000001	0.000000	-0.000001	-0.000000	-0.000060	0.000000	0.000000	0.000000	38.110401	-3.479950	5.222040	107.236000	-14.756200	129.957001	-0.000001	-0.000001	-0.000001	0.000000	0.000000	0.000000	-31.803900	-21.450100	39.130901	-117.709999	9.137730	155.386993	-0.000000	0.000000	0.000000	-0.337941	1.790610	0.010558	0.000000	0.000000	-0.000000
-0.040810	1.167590	-6.601870	3.241370	7.982790	-0.450620	-14.056000	-13.534300	-2.567330	0.000001	0.000000	0.000000	3.793520	-0.352170	0.023351	-0.857630	20.437799	-1.025950	0.000000	0.000000	-0.000000	-0.000001	0.000000	0.000023	0.000000	0.000000	0.000000	36.864399	-0.905515	8.721340	108.594002	-15.316500	131.970001	0.000000	-0.000000	0.000000	0.000000	0.000000	0.000000	-32.433102	-23.266600	40.110100	-117.433998	12.941600	150.186005	0.000001	0.000001	0.000000	-0.336696	1.789080	0.010511	0.000000	0.000000	0.000000
-0.141897	1.129980	-6.548280	3.551610	7.935840	-0.490969	-14.674100	-13.434500	-2.623480	0.000000	-0.000000	-0.000000	4.100980	-0.731065	0.052414	-1.033810	20.369400	-1.068380	0.000000	0.000000	0.000000	-0.000001	-0.000000	-0.000038	0.000000	0.000000	0.000000	36.517899	-0.639715	9.139750	108.407997	-14.381900	132.942993	-0.000001	-0.000002	0.000001	0.000000	0.000000	0.000000	-33.527000	-22.808399	38.592999	-116.537003	14.468100	147.194000	-0.000001	0.000001	-0.000000	-0.603532	1.783700	0.018786	-0.000000	0.000000	0.000000
-0.407903	1.267850	-5.739552	2.635570	7.223480	-0.331628	-11.128300	-12.497300	-1.855320	0.000000	0.000000	-0.000000	4.121100	-0.537144	0.038701	-0.840810	19.987600	-1.122280	0.000000	0.000000	0.000000	-0.000002	-0.000000	-0.000080	0.000000	0.000000	0.000000	35.994499	-0.993390	8.770280	108.556000	-13.453900	134.483994	-0.000001	0.000001	-0.000000	0.000000	0.000000	0.000000	-31.581699	-18.268700	36.296001	-118.915001	14.538600	148.865005	0.000001	0.000001	-0.000000	-0.587957	1.644400	0.016873	-0.000000	0.000000	-0.000000
-0.567233	1.468670	-5.686521	3.312240	7.127050	-0.411402	-11.953700	-12.987000	-1.961980	-0.000000	-0.000000	-0.000000	4.486050	-1.064170	0.083487	-1.247390	22.031200	-1.215680	-0.000000	0.000001	-0.000000	0.000001	0.000000	0.000033	0.000000	0.000000	0.000000	36.501999	-0.734461	9.027660	108.327003	-13.264200	134.464005	0.000000	0.000000	-0.000000	0.000000	0.000000	0.000000	-29.389700	-17.239300	37.527199	-118.227997	15.855600	146.653000	0.000000	0.000001	-0.000001	-0.246488	1.851300	0.007962	0.000000	0.000000	0.000001
-0.774876	1.456480	-6.683670	3.909280	7.764030	-0.528927	-12.624000	-13.620900	-2.076010	-0.000000	0.000000	-0.000000	4.521200	0.160134	-0.012663	-0.458412	16.775999	-1.174450	0.000000	0.000001	-0.000000	-0.000001	-0.000000	-0.000050	0.000000	0.000000	0.000000	37.686901	0.352982	10.186100	106.196999	-14.071400	129.787003	-0.000000	0.000000	0.000000	0.000000	0.000000	0.000000	-27.896799	-19.379900	41.557400	-115.790001	19.666901	140.298996	-0.000000	0.000002	-0.000001	-0.508199	1.847390	0.016383	0.000000	0.000000	-0.000001
-0.352417	1.085780	-6.555730	2.484630	8.748030	-0.378120	-9.430070	-14.260100	-1.725960	0.000000	0.000000	-0.000000	4.039310	-0.204305	0.014427	-1.244350	18.901600	-0.906048	-0.000000	0.000000	0.000000	-0.000000	0.000000	-0.000026	0.000000	0.000000	0.000000	37.438599	-0.254237	9.454080	105.252998	-14.534300	127.276001	0.000000	0.000000	0.000001	0.000000	0.000000	0.000000	-28.993500	-19.206301	40.100800	-114.676003	18.882401	139.733994	-0.000001	-0.000001	0.000002	-0.473790	1.718060	0.014204	-0.000000	-0.000000	-0.000000
-0.427446	-0.039060	-6.766750	1.879450	10.110500	-0.330051	-7.964260	-15.359700	-1.625200	0.000000	0.000000	0.000001	3.631620	1.446860	-0.091821	-0.710518	19.203300	-0.961180	-0.000000	0.000000	-0.000000	0.000000	0.000000	0.000045	0.000000	0.000000	0.000000	36.055401	-0.560484	9.302980	106.914001	-15.097500	129.339005	-0.000001	-0.000000	0.000001	0.000000	0.000000	0.000000	-28.784500	-18.658001	39.805199	-114.584999	16.591900	142.195999	-0.000000	-0.000001	0.000001	-0.430866	1.289070	0.009694	0.000000	-0.000000	-0.000000
-0.382924	1.000350	-5.993550	3.160640	8.659980	-0.476374	-13.015000	-14.789900	-2.548480	-0.000000	-0.000000	0.000000	3.417950	0.614521	-0.036702	0.273951	17.449301	-1.108400	-0.000000	-0.000001	0.000000	-0.000001	0.000000	0.000087	0.000000	0.000000	0.000000	36.740002	-4.243080	4.277210	107.722000	-12.163800	134.248001	0.000000	0.000000	0.000001	0.000000	0.000000	0.000000	-29.295000	-19.830500	40.321098	-116.841003	16.591299	144.923996	-0.000000	-0.000000	0.000000	-0.335697	1.720590	0.010080	0.000000	0.000000	0.000001
-0.548365	0.557383	-5.409391	3.616010	9.166880	-0.576817	-13.911100	-15.669600	-2.821520	-0.000001	-0.000000	-0.000000	3.540630	1.358800	-0.084067	1.233320	16.765499	-1.379720	0.000000	0.000001	0.000000	0.000001	0.000000	0.000016	0.000000	0.000000	0.000000	37.809399	-8.483410	-1.285340	109.069000	-10.932700	137.712997	-0.000000	0.000000	-0.000001	0.000000	0.000000	0.000000	-29.854601	-21.364901	41.089600	-117.932999	14.735400	148.565002	0.000001	0.000000	0.000000	-0.142764	1.651360	0.004114	0.000000	-0.000000	0.000001
-0.775791	-0.077270	-4.909530	3.698990	9.490490	-0.610731	-12.772000	-14.108800	-2.241870	0.000000	-0.000000	-0.000000	3.785480	2.130510	-0.140934	1.467880	17.767000	-1.606330	0.000000	0.000000	-0.000000	-0.000000	-0.000000	-0.000047	0.000000	0.000000	0.000000	38.705700	-13.434400	-7.334600	111.500999	-10.782100	141.078995	0.000000	-0.000000	0.000000	0.000000	0.000000	0.000000	-29.960501	-25.127899	44.141998	-116.953003	10.624700	153.830002	-0.000000	0.000000	0.000001	-0.065730	1.339830	0.001536	-0.000000	0.000000	-0.000000
-0.610421	0.053910	-4.164749	3.817450	9.815490	-0.651723	-13.756100	-14.364800	-2.503460	0.000001	0.000000	-0.000000	3.436850	1.730120	-0.103890	2.483180	18.261200	-1.860510	-0.000000	-0.000000	-0.000000	-0.000002	-0.000000	0.000000	0.000000	0.000000	0.000000	37.463200	-20.549601	-16.576099	114.501999	-9.970280	146.069000	0.000000	-0.000000	-0.000000	0.000000	0.000000	0.000000	-28.205200	-27.500299	47.878201	-119.947998	4.236780	165.785004	0.000000	-0.000000	0.000001	0.204212	1.214620	-0.004330	0.000000	-0.000000	-0.000000
-0.628548	0.155603	-3.293270	3.603160	9.497580	-0.595308	-12.988200	-14.414100	-2.368610	-0.000000	-0.000000	-0.000000	3.417380	2.409950	-0.143869	1.888750	16.957500	-1.550770	-0.000000	0.000001	-0.000000	0.000001	0.000000	0.000105	0.000000	0.000000	0.000000	33.623798	-26.156300	-26.190500	118.079002	-14.417000	143.951996	-0.000000	0.000000	0.000000	0.000000	0.000000	0.000000	-24.820200	-28.269800	52.443699	-123.212997	-4.943780	-179.671997	-0.000000	0.000000	0.000001	0.500157	1.261860	-0.011016	-0.000000	0.000000	0.000000
-0.542000	-0.164110	-2.865690	3.558940	9.211830	-0.570450	-13.447200	-13.617000	-2.361200	-0.000000	-0.000000	0.000000	3.442310	2.169160	-0.130448	1.723170	18.458300	-1.638680	0.000000	-0.000001	0.000000	-0.000000	-0.000000	-0.000083	0.000000	0.000000	0.000000	28.840401	-29.522800	-35.093498	121.668999	-22.848101	138.955994	0.000000	0.000000	-0.000000	0.000000	0.000000	0.000000	-19.275700	-33.337601	62.643398	-119.598999	-10.580200	-169.128006	-0.000000	0.000001	0.000000	0.210340	0.857951	-0.003150	-0.000000	0.000000	0.000000
-0.857973	-0.320435	-2.123089	4.670010	8.831970	-0.718577	-15.117300	-12.893700	-2.368890	0.000000	0.000000	-0.000000	4.137610	2.442910	-0.176668	0.675776	16.719801	-1.386680	0.000000	-0.000001	0.000000	0.000001	-0.000000	0.000062	0.000000	0.000000	0.000000	21.806200	-33.970001	-49.039700	120.873001	-29.117701	133.065002	0.000000	-0.000000	-0.000000	0.000000	0.000000	0.000000	-12.944800	-36.414299	72.442497	-117.403000	-15.981700	-158.587006	0.000001	0.000000	-0.000001	-0.022408	0.554146	0.000216	0.000000	0.000000	0.000000
-0.953309	-0.806191	-1.417969	5.142520	9.517960	-0.852581	-15.428800	-12.436200	-2.253900	0.000000	0.000000	0.000000	4.272820	3.372900	-0.251854	2.019540	16.997601	-1.844060	0.000000	0.000000	-0.000000	0.000001	0.000000	0.000067	0.000000	0.000000	0.000000	11.399000	-38.956200	-69.292099	114.278000	-29.812201	124.494003	-0.000000	-0.000001	-0.000000	0.000000	0.000000	0.000000	-3.895700	-39.674702	85.551003	-112.527000	-18.167299	-149.350006	-0.000000	-0.000000	0.000001	0.092257	-0.235953	0.000380	-0.000000	-0.000000	0.000000
-1.322160	-1.315980	-2.076700	5.715210	11.366400	-1.129980	-15.573600	-14.593600	-2.536290	0.000001	0.000000	0.000000	4.730260	5.297270	-0.437699	1.966700	14.847800	-1.718200	0.000000	0.000001	-0.000000	-0.000001	-0.000000	-0.000019	0.000000	0.000000	0.000000	6.518420	-37.778099	-77.491699	113.775002	-35.205399	120.712997	0.000001	0.000000	0.000000	0.000000	0.000000	0.000000	3.867790	-39.458500	96.421303	-108.588997	-20.128000	-140.572998	-0.000001	-0.000001	0.000001	-0.158504	-0.580046	-0.001605	-0.000000	0.000000	-0.000000
-1.413330	-1.450830	-2.449540	6.047020	12.795700	-1.344020	-15.950600	-16.585699	-2.897340	0.000000	0.000000	0.000000	5.192410	5.749390	-0.521579	1.225760	14.307100	-1.585760	-0.000000	-0.000000	-0.000000	0.000001	-0.000000	0.000008	0.000000	0.000000	0.000000	2.490020	-37.460899	-84.991798	111.239998	-35.683102	117.238998	0.000000	-0.000000	-0.000001	0.000000	0.000000	0.000000	3.118100	-36.211899	95.767502	-108.971001	-24.428600	-135.567993	0.000001	-0.000001	-0.000000	-0.194683	-0.760875	-0.002586	0.000000	-0.000000	0.000000
