1.142060	-7.604480	0.651184	-2.202970	23.683100	0.885252	-1.498890	-10.546800	-0.644392	-0.000000	0.000000	-0.000000	-0.908928	27.738400	0.423078	3.508490	-22.353500	1.029050	0.000000	0.000000	-0.000000	0.000001	0.000039	-0.000011	0.000000	0.000000	0.000000	34.132301	9.796250	22.572701	79.332001	-36.180099	74.655197	0.000000	0.000001	0.000000	0.000000	0.000000	0.000000	-31.180700	15.008300	-13.476300	-108.324997	-22.556299	-137.496002	-0.000000	0.000002	-0.000001	0.291027	1.832380	-0.009305	0.000000	0.000000	0.000000
0.709276	-7.927010	1.128440	-1.148250	23.770300	0.462889	-2.226890	-10.340800	-0.588986	-0.000000	-0.000000	0.000000	-0.101209	27.221600	0.046307	3.476870	-21.198799	1.225950	0.000000	-0.000000	0.000000	0.000001	0.000001	-0.000047	0.000000	0.000000	0.000000	34.653801	4.039610	15.037900	88.913200	-31.615000	88.014801	-0.000000	-0.000000	-0.000000	0.000000	0.000000	0.000000	-34.594601	8.125090	-1.453470	-107.266998	-13.693500	-157.018005	0.000001	-0.000000	0.000001	0.213777	1.794860	-0.006695	-0.000000	-0.000000	0.000000
0.763063	-7.958419	1.006890	-1.049780	23.071899	0.411442	-2.691600	-9.119260	-0.580434	-0.000000	0.000000	-0.000000	0.050674	27.917101	-0.023716	3.091720	-22.994699	1.226290	0.000000	0.000000	-0.000000	-0.000001	-0.000000	-0.000105	0.000000	0.000000	0.000000	34.369202	-2.781890	5.758560	99.337700	-25.877399	106.082001	0.000000	0.000000	-0.000000	0.000000	0.000000	0.000000	-34.897598	0.387486	9.847990	-110.303001	-8.180940	-175.197006	-0.000001	0.000000	0.000000	0.307799	1.866530	-0.010025	0.000000	0.000000	0.000000
0.673919	-7.581361	0.907172	-0.897275	22.544701	0.344043	-3.063540	-9.082670	-0.615351	0.000000	-0.000000	-0.000000	0.155269	27.157400	-0.070870	2.737590	-22.531601	1.102760	0.000000	-0.000000	-0.000000	0.000001	-0.000002	0.000059	0.000000	0.000000	0.000000	33.362900	-10.776600	-6.042330	106.470001	-22.263100	119.431000	0.000000	-0.000000	-0.000000	0.000000	0.000000	0.000000	-35.249199	-6.090450	18.459999	-115.061996	-8.410830	-175.798004	0.000001	-0.000001	0.000000	0.152778	1.757940	-0.004686	-0.000000	0.000000	-0.000000
0.259197	-8.339449	0.128760	-0.101046	23.068001	0.039594	-3.529780	-8.999220	-0.567411	0.000000	-0.000000	0.000000	0.879266	27.733101	-0.409193	2.343470	-22.535601	1.197430	0.000000	-0.000000	0.000000	-0.000000	0.000001	0.000032	0.000000	0.000000	0.000000	32.507599	-19.074301	-18.510300	110.980003	-22.109100	125.628998	-0.000001	-0.000000	0.000000	0.000000	0.000000	0.000000	-30.615000	-13.758200	31.461000	-119.595001	-9.871130	-173.632996	-0.000001	0.000000	0.000000	0.255734	1.389990	-0.006203	0.000000	-0.000000	0.000000
0.477303	-8.435312	-0.287209	-0.565719	23.051901	0.221525	-3.318660	-8.905840	-0.595223	-0.000000	0.000000	0.000000	0.695155	27.496201	-0.320954	1.922210	-22.187700	0.959307	0.000000	-0.000000	0.000000	-0.000001	-0.000039	-0.000014	0.000000	0.000000	0.000000	28.894199	-24.874201	-29.643000	116.030998	-25.583000	129.401993	-0.000000	-0.000001	-0.000000	0.000000	0.000000	0.000000	-25.738100	-21.111500	44.849400	-121.824997	-12.389100	-169.483002	-0.000000	-0.000000	-0.000000	0.281375	1.650160	-0.008103	-0.000000	0.000000	0.000000
0.743541	-8.895308	0.454918	-0.435713	25.017700	0.184269	-3.898500	-11.666500	-0.869736	0.000000	-0.000000	-0.000000	0.691668	27.950399	-0.324197	1.459200	-21.559601	0.761012	0.000000	-0.000000	0.000000	0.000000	0.000038	0.000018	0.000000	0.000000	0.000000	22.362600	-27.949600	-41.735100	121.757004	-30.670601	132.626007	0.000000	-0.000000	0.000000	0.000000	0.000000	0.000000	-20.035400	-25.000200	55.805302	-123.452003	-16.389000	-163.959000	-0.000000	0.000000	0.000000	0.085633	0.803374	-0.001201	-0.000000	0.000000	-0.000001
-1.135870	-9.024955	-0.480455	2.645510	25.060801	-1.121240	-4.995920	-10.994600	-0.496119	0.000000	-0.000000	0.000000	3.586510	28.486099	-1.712300	1.095390	-21.807100	1.580260	0.000000	0.000000	-0.000000	-0.000001	-0.000000	0.000094	0.000000	0.000000	0.000000	17.386900	-31.196600	-53.439301	120.877998	-32.666901	130.404999	-0.000000	0.000000	0.000000	0.000000	0.000000	0.000000	-7.772970	-28.206200	77.488503	-121.994003	-15.701100	-161.651001	-0.000000	-0.000001	0.000000	-0.121225	0.262745	0.000556	-0.000000	0.000000	-0.000000
-1.571460	-9.633916	1.475270	5.692640	26.535801	-2.549940	-7.274510	-12.100400	-0.457877	0.000000	0.000000	0.000000	6.443960	29.547001	-3.187930	-0.713782	-22.358601	1.863750	0.000000	-0.000000	0.000000	-0.000000	0.000000	-0.000032	0.000000	0.000000	0.000000	4.148860	-37.941299	-81.379402	113.367996	-25.830400	126.471001	0.000000	0.000000	0.000000	0.000000	0.000000	0.000000	0.569206	-28.251499	91.777603	-118.778999	-14.706600	-158.613998	0.000001	-0.000001	-0.000001	0.249152	-0.872563	0.003793	-0.000000	-0.000000	-0.000000
-1.211010	-9.349269	0.368934	4.658110	26.814899	-2.105010	-6.972710	-12.759300	-0.622501	-0.000000	-0.000000	-0.000000	5.337520	29.081301	-2.600040	-0.528254	-21.596500	1.524160	-0.000000	-0.000000	0.000000	-0.000001	0.000038	-0.000061	0.000000	0.000000	0.000000	-5.331940	-38.659401	-98.896896	109.606003	-24.008499	123.245003	0.000000	-0.000000	-0.000000	0.000000	0.000000	0.000000	4.042770	-25.101601	98.799103	-117.204002	-20.932199	-148.528000	0.000000	-0.000001	-0.000000	0.437097	-1.027950	0.007841	-0.000000	0.000000	-0.000000
-1.033930	-10.928901	-0.669089	3.036350	29.936899	-1.516340	-5.138190	-14.634200	-0.633837	0.000000	0.000000	-0.000000	3.795650	32.786499	-2.057500	0.995935	-24.329201	1.727190	-0.000000	0.000000	0.000000	0.000001	0.000002	-0.000000	0.000000	0.000000	0.000000	-18.607700	-39.850399	-120.369003	99.916199	-16.970400	108.731003	0.000001	-0.000001	0.000001	0.000000	0.000000	0.000000	-1.810210	-16.908600	86.984901	-123.509003	-39.422401	-139.867004	0.000000	-0.000001	0.000000	0.282661	-0.916001	0.004519	0.000000	0.000000	-0.000001
0.073672	-9.824160	-0.048154	0.815009	28.596399	-0.390105	-4.353260	-14.158700	-0.890936	-0.000000	0.000000	-0.000000	1.667380	31.313999	-0.866752	1.469550	-24.194201	1.186880	-0.000000	0.000000	-0.000000	-0.000001	0.000039	-0.000014	0.000000	0.000000	0.000000	-25.421301	-39.873901	-129.811005	97.473099	-14.607200	102.648003	0.000000	-0.000001	0.000000	0.000000	0.000000	0.000000	-5.893730	-14.613800	75.122498	-131.832001	-50.635201	-142.737000	-0.000001	-0.000001	0.000000	0.185834	-0.696538	0.002259	-0.000000	0.000000	0.000001
0.432812	-9.603163	0.208181	-0.499394	27.636499	0.231658	-3.723540	-13.076800	-0.944157	-0.000000	0.000000	0.000000	0.854492	31.408800	-0.445329	1.413460	-25.184000	0.912137	0.000000	-0.000000	-0.000000	-0.000000	0.000000	-0.000026	0.000000	0.000000	0.000000	-23.201300	-37.412701	-128.643997	99.588699	-14.164400	113.041000	-0.000001	-0.000001	0.000001	0.000000	0.000000	0.000000	-6.857430	-13.172700	71.315804	-135.307007	-51.368198	-145.835007	0.000000	0.000001	0.000000	0.040052	-0.970709	0.000678	-0.000000	-0.000000	0.000000
0.985106	-9.041391	2.168930	0.019180	27.612301	-0.008925	-4.375030	-13.855100	-1.045520	0.000000	-0.000000	-0.000000	1.048060	30.751200	-0.535963	1.147430	-24.207800	0.840110	-0.000000	0.000000	-0.000000	-0.000001	-0.000001	0.000032	0.000000	0.000000	0.000000	-19.516199	-38.795700	-122.000999	103.420998	-14.921400	123.746002	0.000000	0.000000	-0.000001	0.000000	0.000000	0.000000	-5.053090	-15.938000	77.466698	-129.651993	-40.495800	-145.539001	0.000000	0.000000	-0.000000	0.320336	-0.913841	0.005109	-0.000000	-0.000000	-0.000001
1.234460	-8.155398	3.645230	-0.167113	25.479401	0.071896	-4.376030	-12.305800	-0.966735	-0.000000	0.000000	0.000000	0.967036	30.743500	-0.494372	0.893590	-26.365801	0.766126	-0.000000	-0.000000	-0.000000	-0.000002	0.000001	-0.000025	0.000000	0.000000	0.000000	-12.445700	-39.534500	-110.209999	108.169998	-15.748300	132.535004	-0.000000	0.000000	-0.000000	0.000000	0.000000	0.000000	-5.024940	-26.580700	81.008202	-122.002998	-28.570101	-147.048996	0.000000	0.000001	0.000001	0.206161	-0.905584	0.003259	-0.000000	-0.000000	0.000000
0.712556	-7.673822	3.092530	-0.345224	23.703501	0.138791	-3.670720	-10.952900	-0.758686	-0.000000	0.000000	-0.000000	0.612079	29.194401	-0.298554	2.282610	-25.141500	1.197570	0.000000	0.000000	0.000000	0.000001	0.000037	-0.000071	0.000000	0.000000	0.000000	3.234800	-39.627201	-82.962799	113.092003	-22.357901	129.535995	0.000001	-0.000000	0.000002	0.000000	0.000000	0.000000	-13.263300	-32.828602	69.834503	-120.632004	-22.841499	-152.776001	0.000000	-0.000000	0.000000	0.158252	-0.001256	0.000002	0.000000	-0.000000	-0.000000
0.544312	-7.835911	1.143430	-1.012370	22.867701	0.393455	-2.714520	-10.207900	-0.647229	-0.000000	-0.000000	-0.000000	0.368284	27.632900	-0.170805	2.487840	-23.286699	1.113260	-0.000000	0.000000	0.000000	-0.000000	0.000000	-0.000092	0.000000	0.000000	0.000000	21.353100	-36.354099	-51.645000	113.692001	-25.437201	126.072998	-0.000000	0.000001	0.000000	0.000000	0.000000	0.000000	-26.206200	-31.859800	52.329399	-119.996002	-17.610300	-160.389999	0.000000	0.000001	-0.000000	0.104992	1.039250	-0.001905	0.000000	0.000000	-0.000000
0.265088	-7.961480	0.141512	-0.585351	22.653601	0.225468	-3.029000	-9.531670	-0.591780	0.000000	-0.000000	-0.000000	0.422872	27.175400	-0.193124	2.983550	-22.441000	1.283770	0.000000	-0.000000	0.000000	-0.000001	0.000000	-0.000029	0.000000	0.000000	0.000000	33.438400	-29.368401	-30.007799	109.717003	-24.178499	121.093002	-0.000000	-0.000000	0.000000	0.000000	0.000000	0.000000	-36.180801	-22.656099	35.053101	-118.508003	-12.333500	-168.817993	-0.000000	-0.000000	-0.000000	-0.120809	1.335090	0.002815	-0.000000	-0.000000	-0.000000
0.834348	-8.165578	-0.856101	-1.210970	23.403900	0.481070	-3.543730	-10.262400	-0.831103	0.000000	-0.000000	0.000000	-0.310738	26.946100	0.140812	2.662730	-22.038900	0.895657	0.000000	0.000000	0.000000	-0.000002	-0.000000	0.000046	0.000000	0.000000	0.000000	38.769100	-16.421600	-11.270100	103.918999	-26.348301	111.505997	-0.000000	0.000001	0.000002	0.000000	0.000000	0.000000	-40.737598	-13.898300	23.833200	-113.153999	-7.354530	-177.173996	0.000000	-0.000000	0.000001	-0.140707	1.598560	0.003925	-0.000000	0.000000	0.000000
0.768488	-7.838322	-1.385800	-1.745780	23.150400	0.686531	-2.900220	-10.132500	-0.794200	0.000000	-0.000000	-0.000000	-0.513996	26.835100	0.232043	2.359620	-22.255800	0.720202	0.000000	-0.000000	-0.000000	-0.000001	0.000001	-0.000036	0.000000	0.000000	0.000000	40.122601	-5.326640	2.350320	95.756897	-28.726299	98.339500	0.000000	0.000001	0.000000	0.000000	0.000000	0.000000	-41.033501	-3.941390	13.552100	-107.910004	-6.320880	-179.817993	-0.000001	0.000000	-0.000000	-0.509654	1.776370	0.015799	0.000000	0.000000	0.000000
1.188100	-7.594369	-1.152060	-1.745010	22.782000	0.675890	-3.423120	-9.928200	-0.869749	0.000000	0.000000	0.000000	-0.394058	26.508699	0.175887	1.612190	-22.296801	0.477949	0.000000	-0.000000	-0.000000	-0.000001	-0.000001	-0.000001	0.000000	0.000000	0.000000	38.386002	3.247570	12.783300	85.553101	-31.123501	82.240700	-0.000000	-0.000003	-0.000001	0.000000	0.000000	0.000000	-39.506802	5.592110	2.514640	-104.361000	-11.503200	-159.798004	-0.000002	0.000001	0.000000	-0.400376	1.662310	0.011615	-0.000000	0.000000	-0.000000
1.138020	-7.800032	-0.706222	-2.359500	23.392200	0.937220	-2.197400	-10.690600	-0.810854	-0.000000	0.000000	0.000000	-1.282010	26.819901	0.578506	3.315630	-21.955999	0.812263	-0.000000	0.000000	0.000000	-0.000000	-0.000001	0.000059	0.000000	0.000000	0.000000	35.818199	9.089860	20.779100	80.109398	-35.540600	75.502899	-0.000000	0.000000	-0.000001	0.000000	0.000000	0.000000	-38.813900	11.534200	-5.111280	-101.626999	-16.632700	-135.867004	-0.000001	-0.000001	-0.000000	-0.000348	1.562270	0.000010	0.000000	-0.000000	0.000000
1.163960	-7.971591	-0.057140	-1.903380	23.028500	0.744824	-2.498250	-9.396720	-0.695124	-0.000000	0.000000	0.000000	-0.482055	27.006701	0.218913	2.327120	-21.596300	0.698666	0.000000	0.000000	0.000000	0.000001	0.000001	-0.000087	0.000000	0.000000	0.000000	34.807800	10.873800	23.426300	78.370903	-37.810501	73.849297	0.000000	0.000000	-0.000000	0.000000	0.000000	0.000000	-37.752800	14.305800	-9.033730	-101.664001	-19.113100	-129.233994	0.000000	-0.000001	-0.000000	0.323924	1.709560	-0.009664	0.000000	0.000000	0.000000
1.266128	-8.019360	0.245676	-1.730580	23.478600	0.689650	-2.899990	-10.120100	-0.790030	0.000000	-0.000000	-0.000000	-0.410774	27.372999	0.188869	2.385960	-21.759701	0.749550	0.000000	0.000000	0.000000	-0.000000	-0.000040	0.000096	0.000000	0.000000	0.000000	34.638401	9.376330	21.771601	81.051697	-35.425400	76.912498	-0.000000	-0.000001	-0.000001	0.000000	0.000000	0.000000	-37.481800	12.993100	-7.429600	-102.386002	-17.537901	-135.365997	-0.000001	0.000001	0.000001	0.187934	1.978160	-0.006487	-0.000000	0.000000	-0.000000
1.459240	-7.939720	0.783070	-1.803030	23.219601	0.711050	-2.952160	-9.902850	-0.794326	0.000000	0.000000	0.000000	-0.857585	27.023100	0.389664	3.111680	-21.511900	0.861315	-0.000000	-0.000000	0.000000	-0.000001	-0.000039	0.000106	0.000000	0.000000	0.000000	34.073502	4.323250	15.695100	85.429604	-31.014900	82.144600	0.000000	-0.000003	-0.000000	0.000000	0.000000	0.000000	-37.973301	9.101130	-2.147100	-104.505997	-14.583200	-149.626007	-0.000001	-0.000000	0.000001	-0.188701	2.083720	0.006861	-0.000000	0.000000	-0.000000
1.357360	-7.578056	0.926503	-1.794000	22.079399	0.674539	-2.875350	-8.868880	-0.701034	-0.000000	0.000000	-0.000000	-0.604718	27.113600	0.275614	2.957200	-22.555599	0.928326	-0.000000	-0.000000	0.000000	0.000000	-0.000039	0.000023	0.000000	0.000000	0.000000	32.760399	-1.123290	8.453760	93.479301	-27.018400	95.296501	-0.000000	-0.000002	0.000000	0.000000	0.000000	0.000000	-38.551102	2.430040	6.526420	-107.661003	-11.028500	-165.660004	0.000000	-0.000000	-0.000000	-0.044775	2.068760	0.001617	0.000000	0.000000	0.000000
1.385790	-7.550349	0.937187	-1.851920	21.781700	0.687401	-2.326570	-8.562190	-0.603395	0.000000	-0.000000	-0.000000	-0.616509	26.913200	0.279066	3.294020	-22.482000	1.050080	0.000000	0.000000	-0.000000	-0.000003	-0.000040	0.000011	0.000000	0.000000	0.000000	30.841600	-7.875490	-2.184070	102.655998	-21.589001	113.514000	-0.000000	-0.000000	0.000001	0.000000	0.000000	0.000000	-36.917900	-3.554650	14.503100	-113.828003	-11.879100	-168.294006	0.000000	0.000000	0.000000	0.231604	2.042110	-0.008253	0.000000	0.000000	0.000000
1.283860	-6.986670	0.963494	-1.609060	21.050600	0.578102	-2.987230	-8.655660	-0.676915	0.000000	-0.000000	0.000000	0.072206	26.131800	-0.031792	1.556760	-22.911400	0.631431	-0.000000	0.000000	-0.000000	-0.000001	0.000000	-0.000098	0.000000	0.000000	0.000000	29.994699	-17.113199	-17.424500	108.978996	-16.713301	128.207993	-0.000000	0.000000	0.000000	0.000000	0.000000	0.000000	-34.716099	-13.819600	27.937099	-117.518997	-9.972030	-172.925995	0.000000	-0.000001	0.000001	0.294760	2.226350	-0.011450	0.000000	0.000000	0.000001
1.246350	-6.718170	1.494750	-1.361330	20.596300	0.478971	-3.093180	-8.693310	-0.661377	-0.000000	0.000000	0.000000	0.186321	25.298500	-0.079620	1.747360	-22.489201	0.733048	0.000000	-0.000000	0.000000	-0.000001	-0.000000	0.000032	0.000000	0.000000	0.000000	25.797701	-26.262199	-34.730701	113.278999	-15.156500	136.628006	-0.000000	-0.000002	-0.000000	0.000000	0.000000	0.000000	-30.226900	-22.087500	40.352299	-120.161003	-12.328000	-168.983002	-0.000000	0.000000	0.000000	0.426519	2.017430	-0.015015	-0.000000	-0.000000	-0.000001
1.144199	-6.866467	2.932499	-0.888812	20.513800	0.311492	-2.671910	-7.881340	-0.481113	0.000000	0.000000	-0.000000	0.703654	24.910601	-0.296393	1.975430	-20.997700	0.937105	-0.000000	0.000000	-0.000000	-0.000002	0.000001	0.000061	0.000000	0.000000	0.000000	17.541201	-34.621101	-55.654202	114.818001	-15.847900	138.608994	-0.000000	-0.000001	-0.000001	0.000000	0.000000	0.000000	-22.617701	-29.765800	55.263000	-120.552002	-15.029000	-163.610001	0.000000	0.000000	-0.000001	0.100734	1.276910	-0.002244	0.000000	-0.000000	-0.000000
0.601629	-7.272144	6.094458	1.063240	21.459101	-0.389004	-3.182110	-8.613480	-0.328539	-0.000000	0.000000	0.000000	2.658020	27.892799	-1.244160	1.629540	-24.504000	1.652330	-0.000000	0.000000	0.000000	-0.000005	-0.000039	0.000030	0.000000	0.000000	0.000000	4.358830	-38.375401	-80.186798	114.768997	-17.149900	138.335007	-0.000000	-0.000000	-0.000000	0.000000	0.000000	0.000000	-10.638400	-32.618000	73.198303	-120.235001	-16.268101	-159.376007	-0.000001	0.000001	0.000000	-0.095180	-0.126430	-0.000210	0.000000	-0.000000	0.000001
0.571560	-7.510331	4.498500	1.256840	22.397301	-0.478909	-4.099190	-9.068020	-0.463317	0.000000	0.000000	0.000000	2.100110	28.536100	-1.003550	2.725400	-23.827000	1.849580	-0.000000	0.000000	-0.000000	-0.000000	0.000000	-0.000013	0.000000	0.000000	0.000000	-8.370330	-39.671700	-103.184998	110.428001	-11.887000	143.932007	0.000000	0.000001	-0.000001	0.000000	0.000000	0.000000	-0.074184	-32.902500	89.995201	-118.021004	-19.715900	-151.610992	-0.000001	0.000001	-0.000000	0.107856	-0.945463	0.001780	-0.000000	0.000001	-0.000000
0.370401	-8.551548	4.543971	1.602100	24.365000	-0.661119	-4.001390	-10.387800	-0.458649	-0.000000	-0.000000	0.000000	2.384170	30.124500	-1.197120	2.845040	-24.073601	2.005710	0.000000	-0.000000	-0.000000	-0.000001	-0.000001	-0.000107	0.000000	0.000000	0.000000	-14.523700	-36.698502	-115.147003	106.362000	-15.936100	128.882996	0.000000	0.000001	-0.000001	0.000000	0.000000	0.000000	-4.055540	-20.837700	81.239700	-127.321999	-36.936298	-145.419006	-0.000000	-0.000000	0.000000	0.287845	-1.022650	0.005138	0.000000	-0.000000	0.000001
-1.486790	-5.685990	2.627671	2.222740	21.530199	-0.816031	-2.786440	-10.233200	-0.127717	0.000000	-0.000000	-0.000000	3.522970	26.644400	-1.581420	2.941610	-23.351801	2.421650	0.000000	-0.000000	-0.000000	0.000000	0.000000	0.000019	0.000000	0.000000	0.000000	-25.109900	-41.866901	-127.761002	98.402298	-17.639799	103.139999	-0.000001	0.000001	0.000001	0.000000	0.000000	0.000000	-10.483200	-18.368900	66.559196	-143.401001	-52.508801	-153.136993	-0.000000	-0.000000	-0.000000	3.140120	-4.534140	0.248482	-0.000000	-0.000000	-0.000001
-0.912169	-6.754010	1.758211	2.744460	23.712999	-1.104410	-3.953630	-13.342300	-0.332613	0.000000	-0.000000	-0.000000	3.955360	28.424400	-1.885060	2.370850	-25.529301	2.527800	-0.000000	0.000000	-0.000000	0.000001	0.000039	0.000033	0.000000	0.000000	0.000000	-24.630899	-39.362598	-128.998993	99.895103	-17.281700	109.446999	0.000000	-0.000001	0.000000	0.000000	0.000000	0.000000	-12.130500	-16.223000	61.359798	-153.882004	-60.068001	-160.563995	-0.000000	-0.000001	0.000000	1.324130	-2.153200	0.049757	-0.000000	0.000000	0.000000
-0.601720	-7.060019	1.132880	1.993520	23.895300	-0.807769	-3.826750	-12.785100	-0.443690	0.000000	0.000000	-0.000000	3.428200	28.055799	-1.613880	1.758540	-24.453899	1.983990	-0.000000	0.000000	0.000000	0.000001	-0.000000	-0.000024	0.000000	0.000000	0.000000	-21.809900	-37.972801	-126.204002	101.637001	-19.329399	112.736000	-0.000000	0.000001	-0.000000	0.000000	0.000000	0.000000	-11.915000	-15.562500	61.262001	-154.464996	-60.651600	-160.957993	0.000000	-0.000001	-0.000001	0.485750	-1.055230	0.008946	0.000000	0.000001	0.000000
-0.419822	-7.740217	0.898307	1.974640	24.662701	-0.824192	-4.686500	-12.447400	-0.623864	0.000000	-0.000000	-0.000000	2.938300	28.993299	-1.425130	1.941020	-24.868099	1.900170	0.000000	0.000000	0.000000	0.000001	-0.000001	-0.000043	0.000000	0.000000	0.000000	-20.485800	-39.337200	-123.306999	101.597000	-18.856501	112.532997	0.000001	-0.000002	0.000000	0.000000	0.000000	0.000000	-10.460200	-14.344000	63.235298	-147.143005	-55.160400	-155.718002	-0.000000	-0.000001	-0.000000	0.141739	-1.184430	0.002930	-0.000000	-0.000000	0.000000
-0.552870	-8.709490	1.570390	2.520560	26.050200	-1.107490	-5.364880	-12.511500	-0.672316	0.000000	-0.000000	-0.000000	3.347550	30.654301	-1.708200	1.377240	-25.224800	1.816760	0.000000	-0.000000	0.000000	0.000000	0.000000	0.000031	0.000000	0.000000	0.000000	-20.361099	-41.151001	-121.809998	103.264999	-13.104500	126.844002	-0.000001	-0.000000	0.000001	0.000000	0.000000	0.000000	-5.263260	-20.071199	79.054298	-130.192993	-37.538502	-148.076996	-0.000000	0.000000	0.000000	0.173617	-1.202530	0.003643	-0.000000	-0.000001	-0.000000
-0.557024	-7.970080	0.842101	2.322800	24.952700	-0.980347	-5.190690	-12.061100	-0.645189	-0.000000	0.000000	0.000000	3.316540	27.382500	-1.526700	0.903278	-21.304399	1.399830	0.000000	0.000000	-0.000000	-0.000001	-0.000002	-0.000051	0.000000	0.000000	0.000000	-10.785100	-43.854500	-106.294998	108.598000	-13.508800	137.468002	-0.000001	-0.000000	0.000001	0.000000	0.000000	0.000000	-4.783540	-30.982100	82.873901	-123.365997	-26.035101	-151.014999	-0.000001	0.000000	0.000000	0.114723	-0.410409	0.000821	0.000000	-0.000000	0.000001
-0.182960	-7.436060	-0.363731	0.539524	23.846300	-0.218124	-3.766670	-11.439200	-0.649849	0.000000	-0.000000	0.000000	1.744820	27.144199	-0.796234	1.846330	-22.816900	1.319370	-0.000000	0.000000	-0.000000	-0.000001	-0.000000	0.000084	0.000000	0.000000	0.000000	2.918270	-43.492901	-84.664200	111.971001	-11.434600	145.281998	-0.000000	-0.000000	-0.000001	0.000000	0.000000	0.000000	-13.795400	-34.625801	70.307701	-121.913002	-19.716200	-157.718994	-0.000001	0.000000	0.000001	0.098928	0.603620	-0.001042	-0.000000	0.000000	-0.000000
0.261886	-7.144480	-0.968308	-0.929342	22.019300	0.348464	-2.672730	-9.604460	-0.590410	0.000000	-0.000000	0.000000	0.247741	26.282301	-0.109688	2.831160	-22.584499	1.173540	0.000000	0.000000	0.000000	-0.000001	-0.000039	-0.000033	0.000000	0.000000	0.000000	19.754000	-37.865002	-55.467800	110.385002	-12.665400	136.658005	-0.000000	-0.000001	-0.000000	0.000000	0.000000	0.000000	-25.651501	-30.520901	52.445202	-120.018997	-13.387700	-166.348999	-0.000001	-0.000000	0.000001	0.064917	1.609070	-0.001822	-0.000000	0.000000	-0.000000
0.322589	-7.302461	-0.863785	-1.026850	21.189800	0.371200	-3.002900	-7.303200	-0.504225	0.000000	-0.000000	0.000000	-0.161242	25.838400	0.070278	3.446560	-21.731899	1.223570	0.000000	-0.000000	-0.000000	-0.000001	0.000000	0.000027	0.000000	0.000000	0.000000	27.952999	-26.221800	-32.417198	104.647003	-14.757400	121.037003	0.000000	-0.000001	0.000000	0.000000	0.000000	0.000000	-33.656200	-21.170500	36.265701	-115.848000	-8.429790	-174.339005	-0.000000	-0.000001	0.000000	-0.087198	1.745920	0.002657	0.000000	-0.000000	-0.000000
0.000915	-7.296054	-0.573907	-0.573364	21.817801	0.213103	-2.517710	-8.892490	-0.471908	0.000000	-0.000000	0.000000	0.585514	25.951700	-0.256233	3.537030	-21.433901	1.487070	-0.000000	0.000000	-0.000000	-0.000000	0.000039	0.000084	0.000000	0.000000	0.000000	33.541698	-15.533000	-12.893300	95.782097	-19.501600	98.606003	-0.000000	-0.000001	0.000000	0.000000	0.000000	0.000000	-38.277199	-10.925900	22.425200	-109.033997	-5.757270	179.492004	-0.000001	-0.000000	-0.000001	0.009033	1.418810	-0.000223	-0.000000	-0.000000	-0.000000
0.292097	-7.649300	-0.380152	-0.782101	22.628799	0.300946	-2.629830	-9.582470	-0.558574	0.000000	-0.000000	0.000000	0.054214	26.912399	-0.024528	3.955220	-22.471300	1.532370	0.000000	-0.000000	-0.000000	-0.000000	0.000001	-0.000075	0.000000	0.000000	0.000000	36.229401	-5.189730	2.385150	85.033699	-25.872801	78.617302	0.000000	-0.000001	-0.000000	0.000000	0.000000	0.000000	-39.304199	-0.266404	9.756810	-101.508003	-9.640130	-163.725998	-0.000002	0.000000	-0.000000	0.171057	1.147270	-0.003424	0.000000	-0.000000	0.000000
0.159991	-7.862600	-0.313985	-0.745446	23.348400	0.295453	-2.762550	-10.068700	-0.603335	0.000000	0.000000	0.000000	-0.379344	27.748600	0.176626	5.077960	-23.150200	1.867980	-0.000000	-0.000000	0.000000	-0.000001	-0.000038	0.000011	0.000000	0.000000	0.000000	37.219799	4.384790	14.502100	80.104401	-33.803699	74.447998	0.000000	0.000001	0.000000	0.000000	0.000000	0.000000	-40.444500	7.621290	0.095465	-95.835297	-14.588000	-122.387001	-0.000000	0.000000	-0.000001	0.269891	1.231280	-0.005799	0.000000	-0.000000	-0.000000
0.235853	-6.730310	-0.294082	-0.479451	22.326401	0.182147	-3.005730	-10.323900	-0.618877	0.000000	-0.000000	-0.000000	0.185340	26.627899	-0.083058	4.117470	-23.123100	1.684680	0.000000	-0.000000	-0.000000	-0.000000	0.000039	-0.000101	0.000000	0.000000	0.000000	36.631699	10.882600	22.314699	78.012299	-38.145699	73.638000	-0.000000	0.000001	-0.000001	0.000000	0.000000	0.000000	-39.028400	12.457100	-6.183060	-94.657303	-17.513399	-107.549004	-0.000000	-0.000000	-0.000000	0.313389	1.543190	-0.008439	-0.000000	0.000000	-0.000000
0.122288	-6.339341	-0.223967	-0.433252	21.168699	0.156462	-3.138990	-8.814300	-0.543583	-0.000000	0.000000	-0.000000	0.165934	25.936001	-0.072568	4.135450	-22.851000	1.666530	-0.000000	-0.000000	0.000000	-0.000002	0.000000	-0.000060	0.000000	0.000000	0.000000	35.855900	13.607700	25.751900	78.423599	-41.217499	75.335503	-0.000000	0.000000	-0.000001	0.000000	0.000000	0.000000	-36.231098	14.696800	-10.252500	-95.604797	-19.857300	-107.500000	0.000000	-0.000001	0.000000	0.099757	1.776820	-0.003093	-0.000000	-0.000000	-0.000000
0.375110	-6.783230	-0.487918	-1.175890	21.888599	0.438429	-2.364450	-8.902200	-0.535376	-0.000000	0.000001	0.000000	-0.309922	26.839300	0.139928	4.198670	-23.216200	1.548150	-0.000000	-0.000000	0.000000	0.000001	0.000001	0.000031	0.000000	0.000000	0.000000	36.640499	13.177800	24.750401	80.515198	-39.062401	77.623703	-0.000000	0.000001	-0.000000	0.000000	0.000000	0.000000	-37.090801	12.290500	-6.665860	-97.270599	-15.509000	-123.528000	0.000000	-0.000000	0.000000	0.090805	1.893950	-0.003000	-0.000000	-0.000000	-0.000000
0.243688	-7.277330	-0.549407	-0.737790	22.270599	0.279630	-3.014100	-8.720860	-0.561283	-0.000000	0.000000	-0.000000	-0.117699	26.084200	0.051761	3.944390	-20.998100	1.377330	-0.000000	-0.000000	-0.000000	0.000001	-0.000001	-0.000099	0.000000	0.000000	0.000000	34.809898	10.555600	23.116899	90.176300	-37.429699	91.017799	-0.000000	0.000001	0.000000	0.000000	0.000000	0.000000	-36.928902	9.210170	-2.545570	-100.403999	-13.508400	-143.110001	0.000000	-0.000001	-0.000001	0.201943	1.538970	-0.005423	0.000000	0.000000	-0.000000
0.043049	-7.553425	-0.963857	-0.469704	22.778299	0.181865	-3.340860	-9.531810	-0.625828	0.000000	0.000000	0.000000	0.087888	26.376499	-0.039037	3.753490	-21.300800	1.393910	0.000000	0.000000	0.000000	0.000002	-0.000001	0.000007	0.000000	0.000000	0.000000	35.771000	6.047650	17.201300	98.171204	-33.339199	103.032997	-0.000000	-0.000001	-0.000000	0.000000	0.000000	0.000000	-38.111698	1.675310	7.553460	-101.732002	-5.718060	177.962006	0.000000	0.000000	0.000000	0.112052	1.578150	-0.003086	0.000000	-0.000000	-0.000000
-0.168509	-7.317640	-0.933277	0.089979	22.350599	-0.034215	-3.451790	-9.445480	-0.553434	0.000000	-0.000000	-0.000000	1.172770	25.300699	-0.501258	2.501980	-20.050501	1.222700	-0.000000	-0.000000	-0.000000	-0.000000	0.000000	0.000093	0.000000	0.000000	0.000000	36.466801	-1.772940	6.969640	104.607002	-26.215200	115.065002	-0.000000	-0.000001	-0.000001	0.000000	0.000000	0.000000	-37.813400	-5.243130	16.277800	-106.331001	-1.243300	164.634995	-0.000001	-0.000000	0.000001	-0.023860	1.847620	0.000771	-0.000000	-0.000000	-0.000000
-0.132527	-7.608870	-0.067684	-0.319662	22.862301	0.124200	-2.263130	-9.757220	-0.433742	-0.000000	0.000000	-0.000000	0.978054	25.588800	-0.422458	3.011010	-19.970301	1.331440	0.000000	0.000000	0.000000	0.000001	-0.000001	0.000015	0.000000	0.000000	0.000000	35.764702	-11.294400	-5.997200	110.317001	-23.899500	124.146004	0.000000	0.000000	-0.000000	0.000000	0.000000	0.000000	-37.210300	-11.186400	23.346100	-111.732002	-2.606960	172.166000	-0.000000	-0.000000	-0.000001	0.277919	1.803950	-0.008749	0.000000	-0.000000	0.000000
-0.049374	-6.994187	-0.164711	-0.249106	21.560400	0.091546	-2.511340	-9.193280	-0.438568	-0.000000	-0.000000	-0.000000	0.645426	24.582399	-0.268504	3.706910	-19.524401	1.437420	0.000000	0.000000	-0.000000	0.000002	-0.000039	0.000092	0.000000	0.000000	0.000000	33.264599	-19.872700	-18.949499	116.751999	-24.548800	131.602005	0.000000	-0.000001	-0.000000	0.000000	0.000000	0.000000	-34.666901	-20.153601	34.345402	-115.863998	-5.793580	-179.399002	-0.000000	0.000000	-0.000000	0.248073	1.957950	-0.008476	-0.000000	0.000000	0.000000
-0.287768	-8.496985	-0.783107	0.201888	23.001301	-0.078878	-2.842210	-8.702240	-0.402193	-0.000000	0.000000	-0.000000	1.434660	26.540001	-0.641135	3.032020	-20.304300	1.499990	-0.000000	0.000000	0.000000	-0.000002	0.000039	-0.000047	0.000000	0.000000	0.000000	26.258900	-25.320400	-33.315601	121.311996	-28.907101	133.354004	0.000000	0.000001	-0.000000	0.000000	0.000000	0.000000	-23.995300	-30.198799	54.281898	-117.244003	-9.056030	-171.421005	0.000000	0.000001	-0.000001	0.133100	1.176110	-0.002731	-0.000000	-0.000000	0.000000
-0.458940	-8.642886	-0.341028	0.570058	23.777901	-0.229842	-2.672650	-9.423140	-0.352333	0.000000	0.000000	0.000000	1.709270	27.168699	-0.780645	3.183720	-20.128099	1.622070	-0.000000	-0.000000	0.000000	0.000001	-0.000040	-0.000041	0.000000	0.000000	0.000000	16.890600	-34.089100	-56.846699	117.975998	-27.069201	130.966995	-0.000000	0.000001	0.000000	0.000000	0.000000	0.000000	-13.691300	-35.903500	70.898903	-117.592003	-13.891300	-161.988007	-0.000000	-0.000000	-0.000001	0.085236	0.218052	-0.000325	-0.000000	-0.000000	-0.000000
-0.340029	-9.226179	1.438490	1.044240	24.956900	-0.440639	-2.645850	-10.071400	-0.297221	0.000000	-0.000000	-0.000000	2.529600	28.984600	-1.226380	2.412240	-21.768600	1.718380	-0.000000	0.000000	0.000000	-0.000003	-0.000039	0.000038	0.000000	0.000000	0.000000	2.302570	-38.511600	-84.782204	111.725998	-21.037701	129.056000	-0.000001	0.000000	0.000001	0.000000	0.000000	0.000000	-3.064010	-35.279499	85.971100	-117.210999	-18.241400	-153.770996	0.000001	-0.000000	0.000000	0.262778	-0.851184	0.003903	0.000000	0.000000	0.000000
-0.278623	-9.612120	1.399200	0.758738	25.990200	-0.332498	-2.716610	-11.058400	-0.390417	0.000000	-0.000000	0.000000	1.987460	30.135799	-0.998094	2.817270	-22.362200	1.728850	0.000000	0.000000	-0.000000	0.000002	0.000001	-0.000006	0.000000	0.000000	0.000000	-4.701200	-37.531300	-97.753899	108.727997	-24.290001	121.167000	-0.000000	0.000001	0.000001	0.000000	0.000000	0.000000	-2.947540	-28.275101	85.488899	-121.376999	-29.057400	-146.048004	0.000001	0.000001	0.000000	0.151835	-1.570570	0.004161	-0.000000	-0.000000	0.000001
-0.507977	-10.449199	1.746469	1.067060	27.963100	-0.500423	-2.753510	-12.397600	-0.388952	0.000000	-0.000000	-0.000000	2.307570	31.296400	-1.199200	2.801580	-22.731800	1.848090	0.000000	-0.000000	0.000000	0.000001	-0.000001	0.000002	0.000000	0.000000	0.000000	-12.209800	-37.865299	-110.972000	105.360001	-24.712799	114.813004	-0.000000	-0.000001	-0.000000	0.000000	0.000000	0.000000	-7.636150	-19.955601	73.775597	-131.505005	-45.461899	-145.270004	-0.000000	0.000000	0.000001	0.297104	-1.836190	0.009519	-0.000000	0.000000	0.000001
-0.777575	-9.619080	1.856720	2.140080	27.132700	-0.976339	-3.900590	-12.141800	-0.420014	0.000000	0.000000	0.000000	3.080200	30.810499	-1.578790	2.480130	-22.749800	1.986480	0.000000	0.000000	0.000000	-0.000001	-0.000001	-0.000034	0.000000	0.000000	0.000000	-12.097400	-37.325401	-111.072998	106.474998	-27.392799	115.035004	-0.000000	-0.000000	-0.000000	0.000000	0.000000	0.000000	-8.566340	-17.775700	70.363701	-137.940994	-51.098400	-148.753998	-0.000001	-0.000001	0.000001	0.046340	-1.765510	0.001428	-0.000000	-0.000000	0.000000
-0.165142	-9.548222	3.502770	1.666550	26.727400	-0.749723	-3.901790	-11.740000	-0.491331	-0.000000	0.000000	-0.000000	2.438780	30.953501	-1.254950	2.644800	-23.562901	1.896890	-0.000000	0.000000	-0.000000	-0.000002	-0.000000	-0.000122	0.000000	0.000000	0.000000	-17.460400	-38.512299	-118.849998	104.244003	-24.874599	112.582001	0.000000	0.000001	-0.000001	0.000000	0.000000	0.000000	-11.709500	-16.059099	61.579300	-147.753006	-53.685600	-156.932999	0.000001	0.000001	-0.000002	0.203668	-1.512100	0.005374	-0.000000	0.000000	0.000001
-0.413297	-10.340901	2.751730	0.668145	27.695000	-0.310534	-2.818080	-11.994800	-0.462941	-0.000000	0.000000	0.000000	1.843880	32.710098	-0.996643	3.029040	-24.696100	1.917090	0.000000	0.000000	-0.000000	-0.000004	-0.000039	0.000059	0.000000	0.000000	0.000000	-13.619200	-37.181702	-113.560997	105.575996	-21.075399	119.128998	0.000001	0.000001	-0.000000	0.000000	0.000000	0.000000	-5.430000	-23.940001	79.708099	-127.158997	-38.801300	-144.643997	-0.000001	0.000000	0.000000	0.063983	-1.754520	0.001958	-0.000000	0.000000	-0.000001
-0.034367	-9.939980	2.091360	0.304781	26.458700	-0.135751	-3.120250	-10.807600	-0.534343	-0.000000	-0.000000	0.000000	0.887997	31.516300	-0.464173	3.820680	-23.107000	1.799750	0.000000	0.000000	-0.000000	-0.000000	0.000002	0.000026	0.000000	0.000000	0.000000	-7.924250	-37.387299	-103.560997	109.514999	-18.470600	130.291000	-0.000001	0.000000	0.000001	0.000000	0.000000	0.000000	-4.116190	-31.681000	83.801804	-122.274002	-30.159500	-146.320007	-0.000001	0.000001	0.000002	0.058483	-1.662910	0.001696	0.000000	0.000000	-0.000001
-0.315818	-8.240390	3.128141	1.682800	24.580299	-0.700152	-3.600450	-10.784200	-0.387518	-0.000000	0.000000	0.000000	2.384490	28.275600	-1.130060	3.077960	-21.508301	1.902850	-0.000000	0.000000	-0.000000	0.000000	0.000001	0.000027	0.000000	0.000000	0.000000	3.960270	-41.101200	-82.008904	115.535004	-23.983601	131.367996	-0.000001	0.000000	0.000002	0.000000	0.000000	0.000000	-9.098110	-35.056599	76.678001	-124.421997	-23.378901	-154.940002	-0.000000	-0.000001	-0.000000	-0.454356	-0.394906	-0.003133	0.000000	0.000000	0.000001
0.017470	-8.532140	2.397141	0.582846	23.621599	-0.233545	-3.031230	-9.609020	-0.417104	0.000000	0.000000	0.000000	1.663240	28.954100	-0.805357	3.119780	-22.949200	1.787110	-0.000000	0.000000	-0.000000	0.000000	0.000039	-0.000066	0.000000	0.000000	0.000000	17.415600	-38.484600	-58.950500	116.749001	-22.641701	133.242996	-0.000000	-0.000001	-0.000000	0.000000	0.000000	0.000000	-21.279200	-31.129900	57.906799	-126.149002	-19.029600	-162.332993	0.000000	-0.000001	0.000001	-0.079204	0.353858	0.000489	-0.000000	-0.000001	-0.000000
-0.187749	-8.352100	0.628432	0.113212	22.896299	-0.044040	-2.972500	-8.116710	-0.405297	-0.000000	0.000000	0.000000	1.231000	28.063499	-0.579181	3.120240	-22.395700	1.605140	0.000000	-0.000000	0.000000	0.000001	-0.000040	0.000003	0.000000	0.000000	0.000000	30.263500	-30.734501	-34.802502	116.251999	-23.064899	131.727997	0.000000	0.000001	0.000000	0.000000	0.000000	0.000000	-29.963800	-25.551001	43.612499	-126.304001	-12.527700	-171.210999	0.000000	0.000001	-0.000002	-0.099274	1.042870	0.001807	0.000000	0.000000	-0.000001
-0.323702	-7.713060	-0.180586	-0.271349	22.361401	0.103240	-2.126970	-8.329300	-0.344665	0.000000	0.000000	0.000000	0.875608	25.735201	-0.380217	3.766510	-19.214399	1.501970	0.000000	-0.000000	-0.000000	-0.000000	0.000038	0.000012	0.000000	0.000000	0.000000	37.337601	-21.383900	-17.857201	113.115997	-20.675400	130.162003	0.000000	0.000001	-0.000000	0.000000	0.000000	0.000000	-36.271999	-16.381901	29.386600	-122.696999	-5.854350	179.406998	-0.000000	0.000000	-0.000000	-0.035751	1.639990	0.001024	-0.000000	-0.000000	-0.000000
-0.169823	-7.558354	-0.606417	-0.643516	22.262400	0.243811	-2.198790	-8.515840	-0.414118	0.000000	-0.000000	0.000000	0.321268	26.054001	-0.141099	4.123220	-20.465700	1.545260	0.000000	-0.000000	-0.000000	0.000000	-0.000000	-0.000080	0.000000	0.000000	0.000000	40.947300	-12.196500	-5.453420	107.452003	-20.800501	122.306000	-0.000000	-0.000000	0.000000	0.000000	0.000000	0.000000	-38.076698	-7.883750	19.196899	-117.130997	0.003734	168.110001	0.000001	0.000000	0.000001	0.117035	1.597560	-0.003262	-0.000000	-0.000000	0.000000
-0.095195	-7.460259	-0.657138	-0.767402	22.523701	0.293989	-1.907870	-9.450380	-0.429944	-0.000000	0.000000	-0.000000	-0.063891	26.314699	0.028332	5.239280	-21.310301	1.887700	-0.000000	0.000000	0.000000	-0.000001	-0.000000	-0.000081	0.000000	0.000000	0.000000	42.812000	-4.891950	2.952790	99.491402	-21.632401	108.342003	-0.000001	-0.000001	-0.000000	0.000000	0.000000	0.000000	-37.134701	0.097432	9.772420	-111.175003	-0.240523	164.725998	-0.000000	0.000000	-0.000001	0.092456	1.726950	-0.002786	-0.000000	0.000000	0.000000
0.167977	-7.491340	-0.031613	-0.597601	22.736300	0.230982	-2.718920	-7.164970	-0.408306	0.000000	0.000000	0.000000	-0.779516	27.123400	0.355415	6.633300	-22.238100	2.254760	-0.000000	0.000000	-0.000000	-0.000001	0.000039	-0.000013	0.000000	0.000000	0.000000	41.331799	-0.179332	8.152410	92.887199	-23.938499	95.096497	-0.000000	-0.000001	-0.000000	0.000000	0.000000	0.000000	-37.265598	7.502100	-0.165290	-105.666000	-5.925820	178.975998	-0.000000	0.000000	-0.000000	0.169031	1.968490	-0.005806	0.000000	0.000000	-0.000000
0.207604	-6.962342	-0.620906	-1.125010	20.958500	0.402460	-2.465440	-3.558080	-0.218479	0.000000	0.000000	0.000000	-1.566370	26.385900	0.696268	8.283210	-23.092699	2.709500	-0.000000	-0.000000	0.000000	0.000001	0.000039	-0.000042	0.000000	0.000000	0.000000	40.414799	4.110440	13.102000	87.653801	-26.164900	85.551903	-0.000000	-0.000001	-0.000000	0.000000	0.000000	0.000000	-33.455101	11.492700	-6.891020	-105.352997	-11.491800	-159.966003	0.000001	0.000000	0.000000	0.184208	2.112380	-0.006789	-0.000000	0.000000	-0.000000
-0.151251	-7.170723	-0.085544	-0.023050	21.106300	0.008302	-2.768220	-2.578310	-0.125594	-0.000000	0.000000	-0.000000	0.535662	26.492001	-0.238947	4.313260	-22.402500	1.830190	0.000000	-0.000000	0.000000	-0.000001	0.000039	0.000031	0.000000	0.000000	0.000000	39.670399	5.941180	15.333400	84.709999	-28.018200	80.747398	-0.000000	0.000000	-0.000000	0.000000	0.000000	0.000000	-31.925200	13.907100	-11.339200	-104.680000	-14.111800	-149.641006	0.000000	-0.000001	0.000000	0.208389	2.107170	-0.007662	0.000000	-0.000000	0.000000
-0.069042	-6.643800	0.113246	0.166586	19.353001	-0.055200	-3.296370	0.063894	0.003504	0.000000	-0.000000	0.000000	0.905131	25.070200	-0.383550	2.967520	-20.837299	1.348940	-0.000000	0.000000	-0.000000	0.000001	0.000039	0.000017	0.000000	0.000000	0.000000	38.986698	5.922070	15.610300	84.454300	-28.274300	80.419800	0.000000	0.000001	0.000000	0.000000	0.000000	0.000000	-31.143000	14.579500	-12.829500	-105.882004	-16.699499	-144.621994	0.000001	-0.000001	-0.000001	0.046950	1.935700	-0.001586	0.000000	0.000000	0.000001
-0.063773	-6.685670	-0.074710	0.163906	19.576300	-0.054913	-4.057110	-1.241150	-0.084665	-0.000000	-0.000000	-0.000000	0.941171	24.900200	-0.396292	2.595270	-20.759399	1.223750	0.000000	0.000000	-0.000000	-0.000001	0.000039	-0.000077	0.000000	0.000000	0.000000	39.806198	4.917980	14.196100	85.482597	-28.151899	82.083603	-0.000000	-0.000001	-0.000000	0.000000	0.000000	0.000000	-33.677898	11.014100	-6.050060	-104.644997	-10.056900	-164.296997	0.000000	-0.000000	-0.000000	0.212809	2.177980	-0.008086	-0.000000	-0.000000	0.000000
0.417902	-7.602170	-0.083403	0.286896	21.552401	-0.105389	-5.315570	-2.721540	-0.240345	0.000000	0.000000	-0.000000	0.661146	26.312599	-0.293072	2.135780	-21.510500	1.001090	-0.000000	-0.000000	-0.000000	-0.000000	0.000039	0.000092	0.000000	0.000000	0.000000	38.487400	4.225970	13.849100	91.297997	-31.244699	92.140900	0.000001	-0.000001	-0.000000	0.000000	0.000000	0.000000	-35.468399	6.819710	0.572028	-105.014999	-6.154090	179.824997	0.000001	-0.000000	0.000000	0.124555	2.029110	-0.004410	0.000000	-0.000000	0.000000
0.556146	-8.101997	0.580633	-0.574789	22.269800	0.217841	-3.900120	-3.601160	-0.278935	-0.000000	0.000000	-0.000000	0.184501	26.947201	-0.083601	2.702690	-21.199499	1.037560	-0.000000	-0.000000	0.000000	-0.000001	-0.000038	-0.000053	0.000000	0.000000	0.000000	38.509201	-1.089260	7.487220	95.759300	-28.467300	99.265900	-0.000001	-0.000000	0.000000	0.000000	0.000000	0.000000	-36.432701	2.883340	6.113550	-107.430000	-3.672490	171.837997	0.000000	-0.000000	-0.000000	0.289752	2.076250	-0.010497	-0.000000	-0.000000	-0.000000
0.625245	-8.125990	0.336613	-1.207040	22.102699	0.454230	-2.500490	-2.578550	-0.163023	0.000000	-0.000000	0.000000	-0.151036	26.735100	0.067949	2.727910	-21.120800	0.934909	0.000000	0.000000	-0.000000	-0.000001	-0.000040	0.000008	0.000000	0.000000	0.000000	38.281601	-7.175880	-0.057300	101.663002	-24.190399	110.365997	0.000001	0.000000	-0.000001	0.000000	0.000000	0.000000	-36.142502	-2.609560	13.574600	-111.924004	-2.075180	169.858002	0.000002	0.000000	-0.000000	0.136815	1.900040	-0.004536	-0.000000	-0.000000	0.000000
0.889442	-7.992121	0.294748	-1.406910	21.409300	0.513658	-2.684020	-2.485650	-0.173491	-0.000000	0.000001	-0.000000	-0.362466	26.583500	0.162215	2.878730	-21.552401	0.938962	0.000000	-0.000000	0.000000	0.000001	-0.000001	-0.000053	0.000000	0.000000	0.000000	37.198101	-13.794100	-8.730200	108.802002	-21.461100	123.615997	-0.000000	0.000001	0.000000	0.000000	0.000000	0.000000	-35.294601	-6.591640	19.097601	-117.661003	-7.128880	-178.847000	-0.000001	-0.000000	-0.000000	0.113885	1.651730	-0.003283	0.000000	-0.000000	0.000000
0.402318	-7.969800	0.333580	-0.832807	21.319099	0.302798	-2.887020	-2.248200	-0.143883	0.000000	-0.000001	-0.000000	0.343440	26.229300	-0.151786	2.392620	-21.220501	0.978166	-0.000000	0.000000	0.000000	0.000001	0.000001	0.000035	0.000000	0.000000	0.000000	34.820900	-21.531401	-19.858400	112.595001	-22.588301	127.502998	0.000000	0.000000	-0.000000	0.000000	0.000000	0.000000	-31.290400	-12.505300	29.326000	-121.925003	-8.058450	-177.263000	0.000000	0.000000	0.000000	-0.068587	1.607160	0.001924	0.000000	-0.000000	0.000000
0.347089	-8.840795	0.697453	-0.540137	22.974701	0.210837	-3.234090	-3.552820	-0.231555	0.000000	0.000000	-0.000000	0.377029	28.306499	-0.178782	2.858700	-22.978500	1.246670	-0.000000	0.000000	-0.000000	0.000001	0.000037	0.000072	0.000000	0.000000	0.000000	29.429001	-30.532200	-35.548801	112.424004	-20.767700	128.376007	0.000000	0.000000	0.000000	0.000000	0.000000	0.000000	-28.394699	-20.124300	40.599300	-122.392998	-10.656600	-172.473999	-0.000000	-0.000000	0.000001	0.049878	1.274040	-0.001109	-0.000000	0.000000	0.000000
0.020355	-8.657938	-0.234803	-0.179969	22.862301	0.069930	-3.336700	-3.482480	-0.213021	0.000000	-0.000000	0.000000	0.508092	27.384800	-0.233698	2.882160	-21.693399	1.233320	0.000000	-0.000000	-0.000000	-0.000001	0.000038	-0.000030	0.000000	0.000000	0.000000	22.859699	-33.437302	-47.094898	117.717003	-26.127899	131.074005	-0.000000	0.000001	-0.000000	0.000000	0.000000	0.000000	-23.562599	-25.303301	51.279999	-123.294998	-16.320700	-164.475006	0.000000	0.000001	-0.000001	-0.012666	1.029310	0.000228	0.000000	-0.000001	0.000001
-0.257634	-8.697011	0.423498	0.576560	22.871901	-0.224089	-3.805970	-3.379670	-0.193264	-0.000000	0.000001	0.000000	1.435500	26.756599	-0.646360	2.191480	-20.364500	1.209960	0.000000	0.000000	0.000000	0.000001	-0.000040	-0.000014	0.000000	0.000000	0.000000	15.347600	-34.657299	-59.754002	121.197998	-32.823200	130.725998	0.000001	-0.000000	-0.000000	0.000000	0.000000	0.000000	-15.422400	-30.005199	65.803001	-123.375999	-19.112499	-159.783005	-0.000000	-0.000000	0.000000	0.213525	0.233673	-0.000871	0.000000	-0.000000	0.000000
0.195338	-9.810493	2.149830	0.824064	23.400400	-0.327295	-3.327790	-2.885690	-0.129546	0.000000	0.000000	0.000000	2.309510	29.176800	-1.126360	1.045450	-22.101801	1.152950	-0.000000	-0.000000	0.000000	-0.000000	-0.000038	0.000021	0.000000	0.000000	0.000000	1.755900	-37.963600	-85.586197	113.473999	-26.899799	125.835999	0.000001	-0.000000	-0.000000	0.000000	0.000000	0.000000	-6.933650	-30.035601	78.888901	-121.899002	-23.569599	-152.365997	0.000000	0.000000	-0.000000	0.082284	-0.909685	0.001306	-0.000000	-0.000000	-0.000001
-0.183753	-9.893901	1.329230	1.003190	25.673401	-0.434654	-3.875740	-6.505480	-0.336976	-0.000000	0.000000	-0.000000	1.674520	30.240000	-0.843502	2.293760	-22.623899	1.440590	0.000000	0.000000	-0.000000	-0.000000	-0.000001	0.000026	0.000000	0.000000	0.000000	-6.217210	-38.039700	-100.422997	108.383003	-28.055000	117.338997	0.000000	-0.000001	-0.000000	0.000000	0.000000	0.000000	-6.521080	-24.576700	78.143402	-124.810997	-35.863602	-144.511993	-0.000001	-0.000000	0.000000	0.210679	-1.777660	0.006535	0.000000	-0.000000	0.000001
-0.438180	-10.365698	1.253940	1.397730	26.461500	-0.622955	-4.054980	-5.664850	-0.276973	0.000000	0.000000	-0.000000	2.579740	31.103100	-1.333330	1.649730	-22.581400	1.483520	-0.000000	0.000000	-0.000000	-0.000002	0.000001	-0.000042	0.000000	0.000000	0.000000	-11.573200	-37.660301	-110.081001	103.962997	-28.651400	109.125999	-0.000001	0.000001	0.000001	0.000000	0.000000	0.000000	-8.172720	-20.401899	73.018600	-132.488998	-50.474400	-143.970993	0.000000	0.000001	-0.000001	0.257460	-1.878980	0.008440	0.000000	0.000001	-0.000000
-0.750208	-9.377552	0.267536	1.652760	25.742701	-0.718038	-3.850340	-6.163620	-0.253712	-0.000000	-0.000000	-0.000000	2.821170	30.350901	-1.426410	1.584390	-23.647600	1.614130	0.000000	-0.000000	0.000000	-0.000001	-0.000001	-0.000108	0.000000	0.000000	0.000000	-7.406700	-35.270599	-103.800003	107.031998	-35.318600	111.143997	0.000000	-0.000001	-0.000001	0.000000	0.000000	0.000000	-9.873670	-19.622101	69.245399	-139.468994	-57.452702	-148.095001	0.000000	-0.000001	0.000001	-0.047118	-1.434820	-0.001180	-0.000000	-0.000000	-0.000000
-0.819068	-9.542900	0.225389	2.246030	25.901600	-0.981524	-4.834550	-6.289130	-0.308536	0.000000	-0.000000	-0.000000	3.240940	31.054501	-1.673150	1.311160	-24.838400	1.719270	-0.000000	0.000000	-0.000000	-0.000001	0.000000	-0.000028	0.000000	0.000000	0.000000	-12.829300	-39.567101	-111.417000	102.223999	-32.237598	104.060997	-0.000001	0.000002	0.000001	0.000000	0.000000	0.000000	-8.050330	-19.351900	72.933403	-134.529007	-54.431301	-144.259995	-0.000001	-0.000001	0.000000	0.015828	-1.638670	0.000452	-0.000000	0.000000	0.000000
-0.834655	-9.238640	0.372377	2.749220	25.357800	-1.178140	-5.755530	-6.027730	-0.343897	-0.000000	0.000000	0.000000	3.660030	30.215700	-1.843800	0.924690	-23.640600	1.641180	-0.000000	0.000000	-0.000000	0.000001	-0.000002	0.000020	0.000000	0.000000	0.000000	-15.703300	-41.592098	-114.862000	101.475998	-25.586599	105.621002	0.000002	-0.000001	-0.000001	0.000000	0.000000	0.000000	-9.132840	-19.038099	70.379097	-136.360992	-51.359402	-147.281998	-0.000001	-0.000001	-0.000000	-0.091529	-1.784260	-0.002851	-0.000000	-0.000001	0.000001
-0.617807	-9.332967	0.314108	2.396300	25.413700	-1.028900	-5.968290	-5.684980	-0.377371	0.000000	-0.000000	-0.000000	2.959560	30.477400	-1.502110	1.561440	-24.022100	1.676250	0.000000	-0.000000	-0.000000	-0.000001	-0.000001	-0.000011	0.000000	0.000000	0.000000	-10.850000	-42.173302	-107.067001	105.058998	-20.905500	117.351997	0.000001	0.000001	0.000000	0.000000	0.000000	0.000000	-3.854370	-27.085400	83.929199	-122.482002	-34.117901	-143.231003	0.000002	0.000001	-0.000001	-0.097061	-1.675810	-0.002839	0.000000	0.000000	0.000001
0.120952	-9.048540	1.321590	0.917421	24.742500	-0.383997	-4.040990	-4.554350	-0.254980	-0.000000	-0.000000	0.000000	2.103090	29.955500	-1.050470	1.419510	-24.037701	1.321580	0.000000	-0.000000	0.000000	-0.000001	0.000001	-0.000052	0.000000	0.000000	0.000000	-2.602760	-42.947498	-93.361198	108.005997	-22.135201	121.129997	-0.000000	-0.000001	0.000000	0.000000	0.000000	0.000000	-6.954210	-33.387901	79.781303	-121.890999	-27.347300	-148.854004	0.000000	0.000000	-0.000000	-0.232727	-1.027460	-0.004174	-0.000000	0.000000	-0.000000
0.258403	-8.864369	2.759340	0.556267	22.929199	-0.216723	-3.195060	-3.338740	-0.156355	-0.000000	-0.000000	0.000000	2.002150	29.104099	-0.974143	1.519190	-22.587700	1.256570	0.000000	-0.000000	-0.000000	-0.000002	-0.000001	0.000072	0.000000	0.000000	0.000000	10.181000	-41.896198	-72.087700	111.875000	-24.859900	124.113998	0.000001	-0.000000	-0.000001	0.000000	0.000000	0.000000	-17.306400	-30.048599	62.702702	-126.364998	-23.539101	-157.487000	-0.000000	0.000000	-0.000001	0.086589	0.229682	-0.000347	0.000000	0.000000	0.000001
0.484725	-8.090490	0.742924	-0.769554	21.464199	0.281611	-2.500110	-2.367240	-0.132987	-0.000000	-0.000000	0.000000	0.194170	27.463600	-0.089547	2.938180	-21.993299	1.165850	0.000000	-0.000000	0.000000	-0.000001	-0.000039	0.000043	0.000000	0.000000	0.000000	25.294399	-36.351501	-46.278301	114.693001	-25.651800	127.210999	-0.000000	0.000001	0.000000	0.000000	0.000000	0.000000	-27.308901	-26.909800	47.707001	-126.648003	-20.364300	-162.248993	-0.000000	-0.000000	0.000002	0.164727	1.286800	-0.003700	-0.000000	0.000000	0.000001
0.224275	-7.945451	-0.258570	-1.274250	21.100700	0.458805	-1.697030	-2.022850	-0.101950	-0.000000	-0.000000	-0.000000	-0.070932	26.135201	0.031246	3.205480	-20.310801	1.091520	0.000000	-0.000000	0.000000	-0.000000	0.000001	0.000059	0.000000	0.000000	0.000000	36.553799	-27.874399	-25.533701	113.844002	-28.167400	124.372002	0.000000	-0.000000	0.000001	0.000000	0.000000	0.000000	-34.300999	-21.145100	35.558701	-125.182999	-14.046900	-169.686996	0.000000	-0.000000	-0.000000	0.056962	1.764320	-0.001753	0.000000	-0.000000	0.000001
0.144246	-7.738320	-0.604319	-0.495525	20.578600	0.174182	-2.945530	-1.797360	-0.107063	-0.000000	-0.000000	0.000000	0.449818	25.057400	-0.190507	2.722920	-19.389900	1.040190	-0.000000	0.000000	-0.000000	0.000000	-0.000039	0.000001	0.000000	0.000000	0.000000	41.528500	-17.395500	-10.948300	111.767998	-28.629101	122.213997	-0.000000	0.000001	0.000001	0.000000	0.000000	0.000000	-37.248600	-12.125600	24.360901	-122.344002	-9.188110	-176.156006	0.000000	0.000000	0.000000	0.024236	1.872480	-0.000792	-0.000000	0.000000	0.000000
-0.058598	-7.761650	-0.335985	0.090033	20.707600	-0.031829	-4.031660	-1.195060	-0.082460	0.000000	0.000000	0.000000	0.888018	25.347099	-0.380179	2.579560	-19.281300	1.117940	0.000000	-0.000000	-0.000000	0.000001	-0.000000	-0.000014	0.000000	0.000000	0.000000	43.738098	-8.295830	-0.559524	105.089996	-29.816401	113.044998	0.000000	0.000001	0.000000	0.000000	0.000000	0.000000	-38.644402	-2.450700	12.570800	-117.389999	-7.209580	-179.059998	0.000000	0.000000	0.000000	0.055781	1.797980	-0.001749	-0.000000	-0.000000	-0.000000
-0.037653	-8.000289	-0.220002	-0.403378	21.118200	0.145338	-3.184310	-0.829825	-0.051633	-0.000000	0.000000	0.000000	0.840450	26.589701	-0.376204	2.122150	-20.931700	1.027400	-0.000000	0.000000	0.000000	0.000000	0.000038	0.000062	0.000000	0.000000	0.000000	42.236900	0.877763	9.124100	98.918198	-30.924601	104.307999	-0.000001	-0.000000	-0.000001	0.000000	0.000000	0.000000	-36.982101	5.349730	2.730670	-112.060997	-9.693030	-172.076004	-0.000002	0.000001	0.000001	0.133369	1.950640	-0.004540	0.000000	-0.000000	0.000000
-0.117458	-8.426660	-0.434305	-0.614476	22.090300	0.231101	-2.461200	-1.596050	-0.084489	-0.000000	-0.000000	0.000000	0.710401	27.180500	-0.324510	2.494090	-21.022200	1.122360	0.000000	0.000000	0.000000	-0.000001	0.000038	-0.000028	0.000000	0.000000	0.000000	40.763802	7.384140	16.363701	88.509804	-31.690901	87.918297	0.000000	0.000001	0.000000	0.000000	0.000000	0.000000	-35.048500	10.355400	-4.675560	-106.480003	-13.030400	-157.171997	-0.000000	-0.000000	-0.000000	0.035251	1.774390	-0.001091	-0.000000	0.000000	0.000000
-0.232443	-8.265582	-0.326449	-0.443033	21.608000	0.163160	-2.481780	-1.105140	-0.055858	-0.000000	0.000000	-0.000000	0.922489	27.441401	-0.425139	2.622190	-21.382700	1.255830	0.000000	0.000000	0.000000	0.000001	-0.000000	-0.000035	0.000000	0.000000	0.000000	38.766800	11.201800	21.292500	82.186096	-33.988800	78.564201	0.000000	0.000002	0.000000	0.000000	0.000000	0.000000	-31.833200	13.222500	-10.332400	-104.523003	-15.890900	-144.677002	-0.000001	-0.000001	-0.000000	0.002426	1.917680	-0.000080	0.000000	0.000000	-0.000000
-0.013003	-8.780405	-0.205183	-0.421128	22.191299	0.159070	-3.206460	-0.881237	-0.055385	0.000000	0.000000	0.000000	1.034690	28.166599	-0.488442	1.792700	-22.027800	1.015110	0.000000	0.000000	-0.000000	-0.000000	0.000040	-0.000015	0.000000	0.000000	0.000000	37.440399	11.760700	22.642200	79.929001	-34.716499	75.266098	-0.000000	0.000001	0.000001	0.000000	0.000000	0.000000	-31.254499	14.314500	-12.406300	-103.440002	-18.320900	-135.914993	-0.000001	0.000001	-0.000000	0.161941	1.810660	-0.005115	-0.000000	0.000000	-0.000000
0.390218	-8.258214	-0.244448	-0.974216	21.559900	0.358031	-2.815230	-0.794676	-0.051684	0.000000	0.000000	0.000000	0.357439	26.387199	-0.158858	2.019450	-19.375601	0.776585	-0.000000	0.000000	0.000000	-0.000000	0.000000	0.000055	0.000000	0.000000	0.000000	36.469501	9.189910	20.460100	83.928497	-32.003101	80.530098	0.000000	0.000001	0.000000	0.000000	0.000000	0.000000	-31.909500	12.002200	-8.326460	-105.204002	-14.433400	-150.572006	-0.000001	0.000001	0.000000	0.186154	2.025620	-0.006579	-0.000000	-0.000000	-0.000001
0.270859	-8.028060	-0.041232	-0.479675	21.376600	0.174847	-3.851910	-1.686930	-0.126780	-0.000000	0.000000	-0.000000	0.448875	25.793800	-0.195320	2.066140	-19.378000	0.820088	0.000000	-0.000000	-0.000000	0.000000	0.000000	0.000000	0.000000	0.000000	0.000000	36.410198	5.403770	16.053699	91.083801	-29.542601	91.905998	-0.000000	0.000000	-0.000000	0.000000	0.000000	0.000000	-34.048100	8.824900	-2.628430	-106.192001	-10.203400	-166.110992	-0.000000	-0.000000	0.000000	0.138370	1.801610	-0.004350	-0.000000	-0.000000	-0.000000
0.187762	-7.991570	0.291330	-0.029418	21.110201	0.010599	-4.359830	-1.395310	-0.107041	0.000000	0.000000	0.000000	0.769283	25.932301	-0.336425	1.775320	-19.969101	0.843018	-0.000000	-0.000000	-0.000000	-0.000001	0.000000	-0.000034	0.000000	0.000000	0.000000	35.496899	-0.029726	9.402740	100.252998	-26.407700	107.952003	0.000000	0.000001	0.000001	0.000000	0.000000	0.000000	-34.955101	3.735620	5.044900	-108.488998	-5.468380	177.416000	-0.000001	-0.000000	0.000000	0.356866	2.060940	-0.012834	0.000000	-0.000000	-0.000000
0.034953	-8.134310	0.020535	-0.510548	20.583500	0.179499	-2.960600	-0.017439	-0.001048	0.000000	0.000000	0.000000	0.837728	26.424999	-0.372831	1.701660	-20.694300	0.866904	-0.000000	0.000000	-0.000000	0.000001	-0.000000	0.000042	0.000000	0.000000	0.000000	35.819599	-7.031220	-0.174948	106.542999	-21.650700	120.662003	-0.000001	-0.000000	0.000001	0.000000	0.000000	0.000000	-32.720200	-0.405044	11.662000	-114.492996	-4.731770	176.128006	0.000001	-0.000000	-0.000000	0.260635	1.873740	-0.008522	-0.000000	0.000000	-0.000000
0.292567	-7.984692	-0.234373	-0.539566	21.149599	0.194689	-3.331870	-2.288190	-0.153348	-0.000000	0.000000	0.000000	0.729562	25.729200	-0.316721	1.711420	-20.003799	0.810674	-0.000000	-0.000000	-0.000000	-0.000000	0.000000	-0.000041	0.000000	0.000000	0.000000	36.933998	-16.782200	-12.630700	108.580002	-15.716600	128.873001	-0.000000	-0.000000	0.000000	0.000000	0.000000	0.000000	-31.667900	-6.242220	20.834101	-118.041000	-4.847260	177.078995	0.000000	-0.000000	0.000000	0.221255	2.085380	-0.008051	0.000000	-0.000001	-0.000000
0.331772	-7.348160	-0.682253	-0.672495	19.865101	0.228533	-3.332360	-1.093700	-0.075800	0.000000	-0.000000	-0.000000	0.563236	24.462400	-0.233233	1.226700	-20.127899	0.598704	0.000000	0.000000	0.000000	0.000001	-0.000002	0.000010	0.000000	0.000000	0.000000	34.987400	-25.028099	-23.872801	110.727997	-16.222500	131.123001	-0.000000	-0.000000	0.000000	0.000000	0.000000	0.000000	-30.137600	-14.181800	32.527699	-120.933998	-5.044590	178.473999	0.000001	-0.000000	0.000001	0.201200	2.214400	-0.007775	0.000000	-0.000000	-0.000000
0.468647	-7.931401	-0.687096	-1.249970	20.129900	0.430239	-2.997230	-0.103386	-0.007539	0.000000	-0.000000	-0.000000	-0.124756	25.380400	0.053474	2.288400	-20.564699	0.764562	0.000000	0.000000	0.000000	-0.000000	-0.000001	0.000037	0.000000	0.000000	0.000000	28.482500	-30.315100	-36.540199	115.862000	-20.736000	133.556000	0.000000	-0.000001	-0.000000	0.000000	0.000000	0.000000	-27.505899	-21.663500	43.279701	-121.859001	-8.497480	-175.225998	0.000001	-0.000001	0.000000	0.088843	2.078860	-0.003222	0.000000	0.000000	-0.000000
0.435414	-7.451180	-1.959503	-1.993670	20.147800	0.686951	-3.236130	-0.966561	-0.086391	0.000000	0.000000	0.000000	-0.956989	25.128201	0.406413	2.689280	-21.158199	0.658145	0.000000	0.000000	0.000000	0.000000	0.000000	0.000084	0.000000	0.000000	0.000000	20.534800	-32.251400	-49.540100	118.789001	-26.042601	132.791000	-0.000000	-0.000000	-0.000000	0.000000	0.000000	0.000000	-20.551701	-27.499399	57.234001	-122.475998	-12.445100	-168.524002	0.000000	0.000000	0.000000	0.031460	1.458760	-0.000800	-0.000000	0.000000	-0.000000
-0.320421	-8.205319	0.133038	-0.241985	21.090099	0.087083	-2.678200	-0.725996	-0.036827	-0.000000	-0.000000	-0.000000	1.592790	27.301701	-0.730715	1.013540	-23.498800	0.968940	0.000000	0.000000	0.000000	0.000001	0.000000	0.000008	0.000000	0.000000	0.000000	7.590790	-36.385899	-74.661499	113.710999	-25.109600	127.519997	0.000000	-0.000000	-0.000001	0.000000	0.000000	0.000000	-11.736300	-28.744499	70.945602	-123.780998	-16.355400	-162.639999	-0.000001	0.000001	0.000001	0.029290	0.297240	-0.000151	-0.000000	0.000000	-0.000000
-0.793998	-9.163180	1.848900	1.989550	23.252501	-0.785695	-3.234080	-2.004430	-0.049195	0.000000	0.000000	0.000000	3.826130	28.272900	-1.814410	0.490795	-21.555901	1.420010	0.000000	-0.000000	-0.000000	-0.000002	-0.000038	-0.000037	0.000000	0.000000	0.000000	-4.002230	-39.145302	-96.134697	107.376999	-23.458200	119.058998	0.000000	-0.000001	-0.000001	0.000000	0.000000	0.000000	-2.233930	-27.918501	86.665703	-121.315002	-18.071699	-156.906006	-0.000000	-0.000000	0.000001	-0.065421	-0.945608	-0.001080	0.000000	0.000000	-0.000001
-0.403999	-10.725000	1.053030	2.341330	25.747400	-1.017530	-5.150060	-3.600160	-0.191152	-0.000000	-0.000000	-0.000000	3.548400	31.183901	-1.839020	0.133147	-23.163799	1.247360	0.000000	0.000000	-0.000000	-0.000002	-0.000038	-0.000002	0.000000	0.000000	0.000000	-10.301500	-35.469601	-109.010002	105.417999	-25.536200	114.468002	-0.000000	0.000000	0.000000	0.000000	0.000000	0.000000	-1.462790	-20.010099	87.687103	-122.522003	-29.896900	-145.798996	-0.000001	0.000000	0.000002	-0.032749	-1.238450	-0.000709	-0.000000	0.000000	-0.000000
-0.261048	-10.766800	0.748349	1.536000	26.741600	-0.691278	-4.575200	-5.323270	-0.297514	0.000000	-0.000001	-0.000000	2.638490	31.818399	-1.391790	0.803880	-23.504000	1.215600	-0.000000	0.000000	-0.000000	0.000000	0.000001	-0.000018	0.000000	0.000000	0.000000	-12.178000	-34.186699	-113.280998	104.181000	-27.447201	110.934998	0.000000	-0.000001	0.000000	0.000000	0.000000	0.000000	-4.459350	-14.070700	78.515900	-128.960999	-45.051601	-142.371002	-0.000001	0.000000	0.000000	0.241453	-0.927301	0.003907	-0.000000	0.000000	-0.000001
0.425685	-10.072900	1.435890	0.863366	25.668200	-0.374027	-4.454640	-4.577170	-0.293793	-0.000000	0.000000	0.000000	1.973330	30.758101	-1.009510	0.652808	-23.173401	0.924580	0.000000	-0.000000	-0.000000	-0.000000	-0.000001	-0.000114	0.000000	0.000000	0.000000	-14.713300	-34.421101	-117.529999	103.028999	-27.204901	108.911003	0.000000	0.000000	0.000000	0.000000	0.000000	0.000000	-7.350000	-12.106600	68.556702	-138.761002	-51.737900	-148.987000	0.000001	0.000000	-0.000000	0.123775	-0.856585	0.001850	-0.000000	0.000000	0.000000
0.674799	-9.732583	1.763420	-0.719759	25.037500	0.304629	-3.147400	-4.949240	-0.328276	-0.000000	0.000000	0.000000	0.458512	30.152800	-0.230311	1.693540	-22.608101	0.803753	0.000000	-0.000000	0.000000	-0.000001	0.000000	-0.000050	0.000000	0.000000	0.000000	-19.109100	-34.913101	-124.385002	102.997002	-17.931200	118.425003	0.000000	-0.000000	0.000000	0.000000	0.000000	0.000000	-7.613260	-13.765100	69.369698	-137.154999	-47.990700	-149.117004	-0.000000	-0.000001	-0.000000	0.069864	-0.708767	0.000864	0.000000	-0.000000	-0.000001
-0.988978	-9.493240	2.308912	3.493260	25.021299	-1.479030	-4.866040	-5.667980	-0.168046	-0.000000	-0.000000	-0.000000	4.916850	29.288099	-2.409850	-0.359553	-22.318100	1.493460	0.000000	0.000000	0.000000	0.000000	0.000001	-0.000096	0.000000	0.000000	0.000000	-17.100000	-40.486900	-117.322998	102.319000	-22.586901	109.775002	-0.000001	0.000002	0.000001	0.000000	0.000000	0.000000	-2.808040	-17.392099	83.788002	-127.698997	-34.749802	-147.039001	0.000000	-0.000000	-0.000000	0.399493	-0.734964	0.005124	-0.000000	0.000000	-0.000000
-0.248806	-8.767580	4.613700	3.128250	23.351801	-1.240960	-4.558710	-3.633660	-0.106943	0.000000	0.000000	0.000000	4.625400	28.980000	-2.244710	-0.104723	-22.509501	1.510600	0.000000	-0.000000	0.000000	0.000000	0.000000	-0.000010	0.000000	0.000000	0.000000	-11.332900	-40.253101	-107.944000	106.619003	-19.221701	122.859001	0.000000	-0.000001	0.000000	0.000000	0.000000	0.000000	-4.042740	-22.292101	81.692802	-127.112000	-28.514700	-151.432999	-0.000001	0.000001	0.000001	0.519135	-0.217934	0.001974	-0.000000	-0.000000	-0.000001
0.137794	-8.217970	6.528189	3.105380	21.600599	-1.144120	-4.681050	-1.817610	-0.056919	0.000000	0.000000	0.000000	4.735910	27.834000	-2.215150	-0.602687	-22.026400	1.345730	-0.000000	0.000000	-0.000000	0.000008	0.000076	0.000021	0.000000	0.000000	0.000000	-1.699060	-41.195999	-91.103699	110.167999	-21.908001	125.085999	0.000001	0.000000	-0.000001	0.000000	0.000000	0.000000	-11.163900	-24.341801	68.529602	-130.391006	-25.790100	-157.404007	-0.000000	-0.000000	0.000001	0.158159	0.205622	-0.000568	0.000000	-0.000000	-0.000001
0.187499	-8.551085	3.250070	1.557860	22.093500	-0.586063	-4.596170	-3.059840	-0.168459	0.000000	0.000000	-0.000000	2.831610	29.169399	-1.380960	0.119930	-24.051600	1.057070	0.000000	-0.000000	-0.000000	0.000001	0.000000	0.000074	0.000000	0.000000	0.000000	14.390400	-37.673500	-63.039398	114.097000	-24.892300	127.394997	-0.000000	0.000001	0.000000	0.000000	0.000000	0.000000	-20.135599	-22.854000	53.496601	-130.848007	-24.039301	-160.817001	0.000000	0.000000	0.000000	0.284741	1.085170	-0.005392	0.000000	0.000000	0.000000
0.473836	-8.926561	0.584600	0.157751	22.469500	-0.060289	-4.276290	-2.171930	-0.156811	0.000000	0.000000	0.000000	1.049060	27.777800	-0.488948	1.443870	-21.195900	0.858049	0.000000	-0.000000	0.000000	0.000001	-0.000037	0.000040	0.000000	0.000000	0.000000	28.700800	-31.186100	-37.118599	114.780998	-25.792999	127.268997	-0.000000	0.000001	0.000000	0.000000	0.000000	0.000000	-28.049700	-19.823099	40.714199	-129.856003	-20.041201	-165.087997	-0.000000	0.000001	0.000001	0.260540	1.162410	-0.005284	-0.000000	0.000000	0.000001
0.446695	-7.980260	-0.104940	-0.419553	21.095400	0.151011	-3.636060	-1.900880	-0.133815	0.000000	-0.000000	0.000000	0.593261	25.765100	-0.257885	1.927640	-20.079399	0.845686	-0.000000	0.000000	0.000000	-0.000000	0.000040	0.000090	0.000000	0.000000	0.000000	37.152199	-20.931601	-17.468800	114.680000	-26.054701	127.633003	-0.000000	-0.000000	0.000000	0.000000	0.000000	0.000000	-36.017200	-12.769800	25.876499	-125.473000	-13.638100	-170.996002	0.000000	-0.000000	-0.000000	-0.035925	1.737790	0.001090	0.000000	0.000000	-0.000000
0.575557	-7.785060	-0.544736	-0.998175	20.889799	0.355961	-3.434020	-2.351230	-0.179488	0.000000	-0.000000	0.000000	0.176027	25.327700	-0.075294	1.866820	-19.601601	0.679898	0.000000	0.000000	0.000000	0.000000	-0.000001	-0.000021	0.000000	0.000000	0.000000	39.990002	-9.650200	-2.770670	109.442001	-25.205299	122.193001	-0.000000	-0.000000	0.000001	0.000000	0.000000	0.000000	-38.315399	-4.167510	14.758100	-119.517998	-9.046680	-176.164993	-0.000000	0.000000	0.000000	-0.130129	1.862010	0.004229	0.000000	-0.000001	0.000000
0.330841	-8.386240	-0.367343	-1.062580	21.817400	0.394953	-3.015800	-2.135070	-0.149349	0.000000	0.000001	0.000000	0.327611	27.027599	-0.148868	1.891320	-21.224199	0.790668	-0.000000	0.000000	0.000000	0.000001	-0.000001	-0.000036	0.000000	0.000000	0.000000	40.757099	0.817669	9.325290	101.648003	-28.353399	109.640999	-0.000000	0.000001	0.000001	0.000000	0.000000	0.000000	-38.951302	4.357830	4.034070	-113.023003	-8.782200	-174.703995	0.000000	-0.000000	-0.000000	-0.155528	1.790400	0.004860	-0.000000	-0.000000	0.000000
0.562534	-8.524450	-0.106213	-1.072330	22.596701	0.412081	-3.505800	-3.193130	-0.250938	0.000000	-0.000000	-0.000000	0.246697	28.184700	-0.116514	1.726860	-22.824400	0.754455	0.000000	0.000000	-0.000000	0.000002	0.000037	0.000077	0.000000	0.000000	0.000000	41.605301	6.475500	15.074900	90.971802	-29.317101	92.058403	-0.000000	0.000001	0.000000	0.000000	0.000000	0.000000	-37.613701	11.295500	-5.190870	-108.176003	-13.318100	-158.412994	-0.000000	-0.000000	-0.000000	0.089615	1.772050	-0.002771	0.000000	0.000000	-0.000000
0.383168	-8.460020	0.293216	-0.665615	22.233900	0.251878	-3.176590	-1.956120	-0.129650	0.000000	-0.000000	-0.000000	0.717720	27.485800	-0.331252	1.890700	-21.221800	0.915376	0.000000	-0.000000	0.000000	-0.000001	0.000000	-0.000046	0.000000	0.000000	0.000000	41.161098	10.382600	19.124599	83.541496	-33.903400	80.676697	-0.000000	0.000001	-0.000000	0.000000	0.000000	0.000000	-35.475498	15.079300	-11.179100	-106.323997	-16.894300	-145.098007	-0.000001	0.000000	-0.000000	0.069598	1.709070	-0.002075	0.000000	0.000000	0.000001
0.401939	-8.601220	0.730070	-0.515094	22.220400	0.194839	-2.904120	-1.178380	-0.069611	-0.000000	0.000000	-0.000000	1.325040	27.554899	-0.613008	0.948446	-20.902100	0.757792	0.000000	-0.000000	-0.000000	-0.000000	0.000076	0.000049	0.000000	0.000000	0.000000	40.435398	11.349600	20.412399	79.700401	-34.853500	75.128601	0.000000	0.000001	0.000001	0.000000	0.000000	0.000000	-32.949501	16.784300	-15.062200	-107.515999	-20.358700	-139.460007	0.000000	-0.000001	-0.000002	0.180890	1.548190	-0.004887	-0.000000	-0.000000	-0.000001
0.500529	-8.084370	1.015570	-0.171019	22.563601	0.065589	-3.882690	-3.420490	-0.241478	-0.000000	-0.000000	0.000000	1.092860	27.411400	-0.503206	1.092290	-21.429001	0.753778	-0.000000	0.000000	0.000000	-0.000001	-0.000080	-0.000020	0.000000	0.000000	0.000000	40.357201	10.657800	19.787901	80.166496	-33.754002	75.509804	-0.000000	0.000000	-0.000000	0.000000	0.000000	0.000000	-34.269901	15.440100	-12.290800	-106.434998	-18.077999	-142.520004	-0.000000	0.000002	-0.000001	0.287059	1.887810	-0.009457	0.000000	0.000000	0.000000
0.164321	-8.483451	1.014880	-0.200551	22.210600	0.075817	-3.502640	-1.229900	-0.079277	-0.000000	0.000000	0.000000	1.418830	27.514299	-0.655555	1.259160	-20.932400	0.899914	-0.000000	0.000000	-0.000000	0.000000	-0.000000	-0.000077	0.000000	0.000000	0.000000	40.177799	9.733500	18.947300	85.019897	-33.645302	82.891701	-0.000000	-0.000000	0.000000	0.000000	0.000000	0.000000	-35.202400	12.221300	-7.276170	-106.848000	-14.275300	-153.815994	-0.000000	-0.000001	0.000000	0.010356	1.596360	-0.000289	0.000000	0.000000	0.000000
0.070573	-7.896440	1.028780	-0.069183	20.592600	0.024337	-2.919580	0.337376	0.017588	0.000000	-0.000000	-0.000000	1.533270	26.891399	-0.693627	1.392080	-21.040199	0.991394	0.000000	-0.000000	0.000000	-0.000002	-0.000000	-0.000074	0.000000	0.000000	0.000000	40.070999	7.017030	16.237900	91.288101	-32.164001	92.651703	0.000000	-0.000000	-0.000000	0.000000	0.000000	0.000000	-35.772099	8.624510	-1.968110	-109.341003	-10.457400	-168.098999	0.000001	-0.000000	0.000001	0.156899	1.722970	-0.004718	-0.000000	-0.000000	-0.000000
-0.126761	-8.187310	0.790045	0.036304	21.395000	-0.013242	-2.840180	-0.448989	-0.022009	0.000000	-0.000000	0.000000	1.669240	27.121901	-0.761149	1.756080	-20.710199	1.147480	-0.000000	0.000000	-0.000000	-0.000000	0.000000	0.000096	0.000000	0.000000	0.000000	41.258099	1.995830	10.485900	96.719398	-27.789301	101.827003	0.000000	0.000001	0.000001	0.000000	0.000000	0.000000	-33.913502	5.852630	1.868570	-115.324997	-10.511800	-171.828995	-0.000001	0.000000	-0.000000	0.127444	1.723590	-0.003833	-0.000000	0.000000	0.000000
0.051548	-8.241270	0.629757	0.612609	21.648199	-0.225998	-4.790300	-0.775863	-0.057259	-0.000000	-0.000000	-0.000000	2.192990	27.243500	-1.004270	0.490843	-21.000401	0.875058	-0.000000	0.000000	0.000000	-0.000001	0.000040	0.000002	0.000000	0.000000	0.000000	41.083099	-3.795020	4.103770	102.022003	-25.458900	111.038002	-0.000001	0.000000	0.000001	0.000000	0.000000	0.000000	-33.652802	1.798440	8.041330	-119.844002	-11.447800	-172.235992	-0.000000	0.000000	0.000000	-0.037434	1.768780	0.001157	-0.000000	0.000000	0.000000
0.176422	-8.114690	0.693765	0.203730	21.493500	-0.074635	-4.244090	-1.531560	-0.108550	-0.000000	-0.000000	0.000000	1.499110	27.013700	-0.681010	1.001720	-21.112000	0.842252	-0.000000	0.000000	0.000000	0.000001	-0.000038	-0.000102	0.000000	0.000000	0.000000	39.219200	-9.439850	-2.690100	110.165001	-25.477699	123.127998	0.000000	0.000001	-0.000000	0.000000	0.000000	0.000000	-34.092701	-2.009780	13.492400	-123.860001	-15.331000	-168.272995	0.000001	-0.000000	0.000000	0.141043	1.860380	-0.004578	-0.000000	-0.000000	-0.000000
0.030191	-7.775802	0.356496	-0.261936	20.878099	0.093350	-2.804280	-1.211950	-0.064551	-0.000000	-0.000000	0.000000	1.731290	26.329399	-0.768067	0.690799	-20.830000	0.797758	0.000000	0.000000	0.000000	0.000000	0.000039	0.000062	0.000000	0.000000	0.000000	37.641800	-15.054800	-10.110700	116.894997	-29.024000	128.863007	0.000000	-0.000000	-0.000001	0.000000	0.000000	0.000000	-32.492100	-7.942430	22.563000	-127.023003	-18.469601	-165.931000	0.000000	-0.000001	-0.000000	0.100099	1.778100	-0.003105	0.000000	-0.000000	-0.000000
-0.097750	-7.675471	1.480830	0.836051	20.819000	-0.297161	-3.510430	-1.383240	-0.065927	-0.000000	0.000000	0.000000	2.597580	26.369600	-1.154370	0.434843	-21.670300	1.020590	0.000000	-0.000000	0.000000	-0.000001	-0.000000	0.000013	0.000000	0.000000	0.000000	32.487400	-22.767000	-23.241600	118.890999	-32.454399	128.324997	0.000000	-0.000001	0.000000	0.000000	0.000000	0.000000	-27.696301	-10.740800	30.259701	-131.205994	-23.690599	-162.748001	0.000000	0.000000	0.000000	0.253473	1.568720	-0.006939	0.000000	0.000000	-0.000000
-0.252766	-7.878475	2.222012	1.014080	21.083700	-0.364826	-3.365350	-1.543500	-0.065201	0.000000	-0.000000	-0.000000	2.700510	26.796499	-1.218160	0.620551	-21.538700	1.113620	0.000000	-0.000000	-0.000000	-0.000001	-0.000038	0.000036	0.000000	0.000000	0.000000	25.421000	-27.846399	-37.197800	122.218002	-36.777699	129.365997	0.000001	0.000000	0.000000	0.000000	0.000000	0.000000	-21.011299	-10.523000	37.657200	-136.705002	-29.714800	-161.078003	0.000000	-0.000000	0.000001	0.246875	1.184430	-0.005102	0.000000	-0.000000	0.000000
-0.237979	-7.938983	1.988110	0.905597	21.670900	-0.334393	-2.936620	-2.016220	-0.073742	-0.000000	0.000000	-0.000000	2.487180	27.693300	-1.156410	1.107460	-22.192301	1.251270	0.000000	-0.000000	0.000000	0.000002	-0.000001	0.000078	0.000000	0.000000	0.000000	11.965900	-34.286400	-65.109901	112.133003	-28.256599	122.024002	-0.000000	-0.000001	-0.000000	0.000000	0.000000	0.000000	-14.749900	-15.676500	55.445000	-128.565002	-30.116501	-153.393997	0.000000	-0.000002	-0.000000	0.288033	0.710001	-0.003569	-0.000000	-0.000001	-0.000000
-0.350231	-9.013100	1.519600	1.072590	23.179501	-0.422217	-3.349220	-2.474370	-0.102085	-0.000000	0.000000	0.000000	2.691410	28.711000	-1.293650	0.863292	-21.713400	1.193700	0.000000	0.000000	0.000000	-0.000001	-0.000039	-0.000022	0.000000	0.000000	0.000000	2.111230	-35.551399	-84.690102	104.790001	-21.158800	115.598999	-0.000000	0.000000	-0.000000	0.000000	0.000000	0.000000	-11.335900	-15.632800	62.446201	-121.661003	-32.994701	-143.895996	-0.000001	-0.000000	0.000000	0.664300	0.202173	-0.002344	0.000000	-0.000000	-0.000001
