1.059300	-0.926725	-17.091101	-4.263540	13.826100	1.020670	5.343150	-16.285500	0.337485	0.000000	-0.000000	0.000000	-3.019670	13.635100	0.712478	5.207810	-17.948799	0.700889	-0.000000	-0.000000	-0.000001	0.000000	-0.000000	-0.000031	0.000000	0.000000	0.000000	37.759201	9.372710	20.544800	90.944099	-20.649401	93.291000	0.000000	0.000001	0.000000	0.000000	0.000000	0.000000	-32.216400	-15.131200	32.304798	-103.762001	10.188000	133.916000	-0.000001	-0.000000	-0.000000	0.443422	1.199030	-0.009278	-0.000000	-0.000000	0.000001
1.062070	-0.231364	-17.009693	-4.334740	13.021000	0.978433	5.942290	-16.886600	0.499523	-0.000000	0.000000	-0.000000	-2.892110	11.714900	0.587706	5.471930	-15.957200	0.726283	0.000000	0.000000	0.000000	0.000000	-0.000000	-0.000070	0.000000	0.000000	0.000000	38.881500	5.073030	15.145000	94.753197	-15.443000	103.417000	0.000000	0.000000	0.000001	0.000000	0.000000	0.000000	-33.612301	-21.236700	37.084999	-104.204002	13.055000	131.591995	0.000000	0.000002	0.000000	0.473917	1.375180	-0.011374	-0.000000	-0.000000	0.000003
0.363559	-0.976381	-16.210505	-3.188790	13.889200	0.766211	4.997120	-16.868601	0.551991	0.000000	0.000000	0.000000	-1.983430	13.188800	0.452723	5.067180	-17.278799	0.932324	-0.000000	0.000000	0.000000	0.000009	0.000003	0.000017	0.000000	0.000000	0.000000	41.506401	-1.985480	6.358540	101.265999	-11.716700	122.116997	-0.000001	-0.000000	-0.000000	0.000000	0.000000	0.000000	-33.246700	-28.078300	42.892700	-105.278000	13.706300	134.602005	0.000000	0.000000	0.000000	0.385839	1.227760	-0.008269	0.000000	-0.000000	0.000000
0.268992	-1.029720	-15.972800	-2.678090	13.204500	0.612149	4.518130	-15.278300	0.503690	0.000000	-0.000000	-0.000000	-1.504830	13.765800	0.358132	4.600290	-18.089600	0.975440	-0.000000	0.000000	0.000000	0.000011	-0.000037	-0.000041	0.000000	0.000000	0.000000	43.593201	-10.558500	-2.961330	106.299004	-9.628790	134.934998	0.000000	-0.000000	0.000000	0.000000	0.000000	0.000000	-31.488300	-36.985001	50.199100	-106.002998	10.711400	143.136002	0.000000	-0.000000	-0.000000	0.493780	1.112620	-0.009588	-0.000000	0.000000	0.000000
0.157091	-1.518840	-16.042200	-2.389550	13.593800	0.561950	3.626270	-14.632400	0.329383	-0.000000	0.000000	0.000000	-1.412330	14.181000	0.346077	4.206110	-17.380501	0.848028	0.000000	0.000000	0.000000	-0.000011	0.000037	-0.000089	0.000000	0.000000	0.000000	42.657501	-19.362000	-12.652700	113.806999	-10.984000	143.942001	0.000000	-0.000001	0.000000	0.000000	0.000000	0.000000	-25.020399	-44.499100	60.705299	-107.385002	3.215900	163.328995	-0.000001	-0.000000	0.000001	0.310255	1.163990	-0.006301	-0.000000	0.000000	0.000000
-0.087077	-2.112470	-16.320210	-2.744680	14.696200	0.696816	4.410090	-16.019699	0.484528	-0.000000	0.000000	0.000000	-1.716110	14.829400	0.439355	4.805430	-17.742300	0.959714	-0.000000	0.000000	-0.000001	-0.000011	0.000037	-0.000148	0.000000	0.000000	0.000000	39.760399	-26.702299	-22.152901	119.700996	-18.605801	141.018997	-0.000000	0.000000	-0.000000	0.000000	0.000000	0.000000	-11.364700	-49.189098	77.963203	-106.346001	-5.281110	-171.878006	0.000001	0.000000	-0.000001	0.060498	1.058420	-0.001119	0.000000	-0.000000	0.000000
-0.180712	-2.702630	-12.950209	-1.808940	16.181000	0.504223	3.443250	-17.694201	0.518636	-0.000000	0.000000	0.000000	-0.688191	16.725500	0.198028	3.342990	-19.463100	0.894847	-0.000000	-0.000000	-0.000000	-0.000000	0.000000	-0.000043	0.000000	0.000000	0.000000	26.295700	-40.818901	-49.063702	119.831001	-26.720301	133.664001	0.000001	-0.000000	-0.000000	0.000000	0.000000	0.000000	5.244010	-51.227299	97.408401	-102.708000	-13.831300	-143.628006	-0.000000	-0.000001	0.000000	0.073345	-0.499773	0.000640	-0.000000	0.000000	0.000000
-0.570528	-3.093985	-12.903602	-1.832240	17.552500	0.552747	3.698450	-18.810301	0.629456	0.000000	0.000000	-0.000000	-0.494915	18.532400	0.157322	3.325360	-21.066999	1.027380	0.000000	0.000000	0.000000	0.000000	-0.000001	0.000083	0.000000	0.000000	0.000000	16.899900	-41.064098	-62.297298	119.498001	-37.458500	126.133003	0.000000	-0.000000	0.000000	0.000000	0.000000	0.000000	9.071060	-43.083199	103.181000	-105.445000	-22.990601	-132.475998	-0.000000	0.000000	-0.000001	-0.066254	-1.493660	-0.001727	0.000000	0.000000	0.000001
-0.697494	-2.860190	-13.399800	-1.538520	17.167900	0.454240	3.887200	-18.386000	0.762836	0.000000	-0.000000	-0.000000	0.052565	19.266500	-0.017331	2.938090	-22.256800	1.132490	-0.000000	0.000000	0.000000	-0.000000	0.000000	-0.000009	0.000000	0.000000	0.000000	13.022700	-35.569698	-65.212097	125.445000	-45.442501	129.397995	0.000001	-0.000001	-0.000001	0.000000	0.000000	0.000000	7.003210	-36.495800	101.807999	-109.375000	-31.246700	-129.541000	-0.000000	-0.000001	0.000000	-0.237764	-1.747640	-0.007252	0.000000	-0.000000	0.000001
-0.916951	-2.758580	-14.422100	-1.658450	17.116899	0.488258	4.129980	-17.787100	0.777902	0.000000	-0.000000	-0.000000	0.259575	18.073299	-0.080513	2.390120	-20.284000	0.914693	0.000000	-0.000000	0.000000	0.000000	-0.000001	0.000039	0.000000	0.000000	0.000000	10.689200	-33.372700	-68.239601	126.706001	-46.318401	130.677002	-0.000000	-0.000000	0.000000	0.000000	0.000000	0.000000	5.379710	-34.008999	100.103996	-111.800003	-36.198200	-128.953995	0.000001	0.000001	-0.000000	-0.356360	-1.837330	-0.011426	0.000000	0.000000	-0.000002
-0.812458	-2.531021	-12.074904	-0.720803	17.761700	0.219914	2.844920	-19.238899	0.711519	-0.000000	-0.000000	0.000000	0.966569	18.173000	-0.301471	1.608460	-20.608101	0.889863	-0.000000	-0.000000	-0.000000	0.000000	0.000000	0.000044	0.000000	0.000000	0.000000	7.428730	-32.738400	-73.874397	125.966003	-44.510601	130.910004	0.000001	0.000000	0.000001	0.000000	0.000000	0.000000	1.612900	-31.500799	94.156601	-116.712997	-37.896801	-133.645004	-0.000001	0.000000	0.000000	-0.035194	-2.094130	-0.001288	-0.000000	0.000000	0.000001
0.122599	-2.236560	-12.820699	-2.943370	16.292801	0.826435	4.329750	-18.452900	0.476357	0.000000	0.000000	-0.000000	-1.077210	17.384800	0.321906	2.816140	-19.538200	0.598177	-0.000000	0.000000	0.000000	0.000000	-0.000000	-0.000036	0.000000	0.000000	0.000000	5.168430	-34.874802	-79.464401	119.169998	-37.618099	126.892998	-0.000001	0.000001	0.000001	0.000000	0.000000	0.000000	3.072170	-36.780701	95.936600	-113.912003	-35.777699	-132.158997	-0.000000	-0.000001	0.000000	0.275370	-1.964450	0.009439	-0.000000	-0.000000	0.000000
0.135835	-2.048889	-12.723304	-3.702150	15.985800	1.020890	5.129140	-17.855101	0.481581	0.000000	-0.000000	-0.000000	-1.899850	17.227900	0.562886	3.772240	-20.422501	0.683327	-0.000000	0.000000	0.000000	0.000000	-0.000000	0.000017	0.000000	0.000000	0.000000	3.632840	-43.105000	-83.990402	113.426003	-27.767000	125.753998	-0.000000	-0.000002	0.000000	0.000000	0.000000	0.000000	12.714000	-47.161999	106.820000	-103.088997	-25.056999	-126.489998	-0.000001	-0.000000	0.000001	0.051195	-1.358180	0.001212	0.000000	0.000000	0.000000
-0.664765	-1.608070	-13.451601	-2.212210	14.727100	0.562650	4.472280	-16.252899	0.653216	0.000000	-0.000000	0.000000	-0.817164	15.812600	0.222696	3.861920	-18.471399	0.975303	0.000000	0.000000	-0.000000	0.000000	0.000000	0.000034	0.000000	0.000000	0.000000	15.324600	-45.575802	-66.951401	115.825996	-23.674900	132.087997	0.000000	0.000000	0.000000	0.000000	0.000000	0.000000	10.645600	-52.820499	103.552002	-103.154999	-18.378599	-135.942001	-0.000000	0.000000	0.000001	0.194041	-0.664901	0.002249	-0.000000	-0.000000	0.000001
-0.820738	-1.663031	-15.594998	-1.411340	14.954500	0.364279	3.768130	-16.313601	0.675794	-0.000000	0.000000	-0.000000	0.095630	14.728900	-0.024302	3.126900	-16.740499	0.928191	0.000000	0.000000	0.000000	0.000000	-0.000000	0.000038	0.000000	0.000000	0.000000	31.456600	-39.926498	-42.399502	117.925003	-19.232901	138.714996	0.000000	0.000000	-0.000001	0.000000	0.000000	0.000000	-3.082600	-55.511002	87.985802	-103.515999	-12.393900	-149.925995	0.000000	-0.000000	0.000000	0.097484	0.452736	-0.000771	-0.000000	-0.000000	-0.000001
-0.381082	-1.126890	-15.413301	-1.748570	14.602400	0.441008	3.861660	-16.802799	0.627446	0.000000	0.000000	-0.000000	0.170921	13.601800	-0.040147	2.365630	-16.012899	0.698807	0.000000	-0.000000	-0.000000	-0.000000	-0.000000	0.000150	0.000000	0.000000	0.000000	40.499401	-30.320200	-24.847700	115.542999	-15.192900	140.035995	-0.000000	-0.000000	-0.000000	0.000000	0.000000	0.000000	-25.989700	-50.705898	61.454899	-105.223000	-6.999590	-168.891998	-0.000001	0.000000	-0.000001	0.440804	0.851223	-0.006550	-0.000000	-0.000000	-0.000001
-0.178233	-0.815191	-15.413299	-2.104060	13.881200	0.505009	3.785410	-17.011900	0.510025	0.000000	0.000000	0.000000	-0.348531	12.884100	0.077726	2.581860	-16.265900	0.628285	0.000000	-0.000000	-0.000000	0.000000	-0.000000	0.000037	0.000000	0.000000	0.000000	45.299999	-18.877800	-10.732400	106.649002	-13.936200	127.791000	0.000000	-0.000000	0.000000	0.000000	0.000000	0.000000	-38.430199	-39.654800	44.241199	-102.862000	-1.317590	169.537994	0.000000	0.000000	-0.000000	0.641797	0.996140	-0.011158	0.000000	0.000000	0.000000
-0.066884	-0.966788	-15.937304	-2.090880	13.493600	0.488098	3.038630	-15.558200	0.269702	-0.000000	0.000000	-0.000000	-1.078710	13.309700	0.248377	3.544190	-16.434799	0.706137	-0.000000	-0.000000	-0.000001	0.000000	-0.000000	0.000054	0.000000	0.000000	0.000000	45.037399	-4.929160	3.095330	98.769203	-18.099001	109.046997	0.000000	0.000001	0.000000	0.000000	0.000000	0.000000	-40.759602	-28.422001	35.813000	-100.542000	1.167470	153.955994	-0.000001	0.000000	0.000002	0.462463	0.811212	-0.006547	-0.000000	-0.000000	-0.000001
-0.477522	-0.796109	-16.883453	-1.500450	14.367700	0.372389	2.718340	-16.307899	0.355194	0.000000	-0.000000	0.000001	0.005790	13.258900	-0.001349	2.251720	-15.585500	0.606769	0.000000	-0.000000	-0.000000	0.000011	-0.000037	0.000047	0.000000	0.000000	0.000000	43.974098	5.792320	13.987200	89.621498	-21.932699	89.579903	-0.000000	-0.000001	0.000000	0.000000	0.000000	0.000000	-38.734100	-20.672501	31.879900	-100.155998	2.590080	145.296005	-0.000002	-0.000000	-0.000001	0.111948	1.215640	-0.002374	-0.000000	0.000000	-0.000000
-0.201542	0.448409	-17.348701	-1.287790	12.483500	0.278384	2.818800	-14.992300	0.404007	0.000000	-0.000000	0.000000	-0.149124	11.733500	0.030297	2.864620	-15.862700	0.743591	0.000000	-0.000000	-0.000000	-0.000000	0.000000	-0.000098	0.000000	0.000000	0.000000	41.460899	11.224400	20.421600	85.118500	-22.835501	81.366203	-0.000001	0.000001	-0.000000	0.000000	0.000000	0.000000	-35.071999	-15.370000	30.014200	-102.385002	3.642340	145.240005	-0.000001	-0.000000	0.000000	0.040648	1.635630	-0.001157	0.000000	-0.000000	0.000001
0.040586	0.598093	-17.256901	-1.676570	11.876800	0.345120	3.168890	-14.970700	0.394846	-0.000000	0.000000	0.000001	-0.539449	11.097400	0.103806	3.395610	-15.760800	0.779118	0.000000	-0.000000	-0.000000	0.000012	-0.000037	0.000032	0.000000	0.000000	0.000000	37.499001	12.305400	23.908701	86.609802	-24.205500	84.913902	-0.000000	0.000000	-0.000000	0.000000	0.000000	0.000000	-34.075699	-14.415200	29.824800	-103.156998	5.409790	141.951996	0.000000	0.000001	-0.000000	0.106679	1.705130	-0.003173	0.000000	0.000000	-0.000001
0.144494	0.200293	-16.900196	-2.452610	12.190300	0.518166	3.942940	-14.724200	0.392931	-0.000000	-0.000000	-0.000000	-1.189280	11.312200	0.233283	3.930400	-14.966300	0.714371	0.000000	-0.000000	-0.000000	0.000011	-0.000037	-0.000059	0.000000	0.000000	0.000000	36.466900	10.019200	22.053699	90.431396	-23.696199	92.239197	-0.000001	-0.000001	-0.000000	0.000000	0.000000	0.000000	-34.425598	-16.330900	31.542400	-103.473999	6.704580	140.257004	-0.000001	-0.000001	0.000000	0.014896	1.642530	-0.000427	-0.000000	0.000000	0.000002
0.133456	-0.489939	-16.409597	-2.695880	13.375600	0.624088	3.849860	-15.944900	0.337157	-0.000000	0.000000	0.000000	-1.206090	11.755600	0.245766	3.295560	-14.263200	0.521245	0.000000	0.000000	0.000000	0.000000	-0.000000	-0.000036	0.000000	0.000000	0.000000	37.431198	4.476190	14.977800	96.021400	-16.196199	106.105003	0.000000	0.000002	0.000001	0.000000	0.000000	0.000000	-33.923100	-20.063601	35.638199	-106.402000	7.219020	145.630997	0.000000	-0.000000	0.000000	0.331843	1.301870	-0.007538	-0.000000	-0.000000	0.000000
-0.171674	-1.025680	-15.704401	-2.278180	13.715800	0.540450	3.580810	-15.154900	0.357592	-0.000000	0.000000	0.000000	-0.855445	13.087500	0.193730	3.067710	-15.193700	0.585889	-0.000000	0.000000	0.000001	-0.000000	-0.000000	0.000034	0.000000	0.000000	0.000000	40.583199	-3.806910	4.293720	102.547997	-7.996290	131.292007	0.000000	-0.000000	0.000000	0.000000	0.000000	0.000000	-34.083199	-27.743299	41.712299	-107.464996	6.845070	150.121002	0.000000	0.000000	-0.000000	0.285628	1.115490	-0.005561	-0.000000	0.000000	-0.000000
-0.393498	-1.922610	-15.186299	-2.335900	15.035600	0.606304	3.816920	-15.691000	0.422264	0.000000	0.000000	0.000000	-0.753198	14.537400	0.189083	2.939740	-15.771000	0.601105	-0.000000	0.000000	0.000000	-0.000000	-0.000000	-0.000002	0.000000	0.000000	0.000000	40.849201	-14.381700	-8.071580	109.787003	-2.531190	156.091003	0.000000	0.000000	-0.000000	0.000000	0.000000	0.000000	-31.517200	-35.986301	49.542000	-109.720001	3.489100	161.992004	-0.000001	-0.000001	0.000001	0.388849	0.713193	-0.004839	-0.000000	-0.000000	0.000001
-0.257751	-2.115930	-15.450602	-2.548740	15.814200	0.695013	3.765500	-16.951401	0.382953	0.000000	-0.000000	0.000000	-0.955645	14.554900	0.240192	2.914780	-15.450900	0.530293	-0.000000	-0.000000	0.000000	-0.000000	0.000000	-0.000009	0.000000	0.000000	0.000000	39.135601	-26.181200	-22.051201	115.539001	-2.572360	162.126007	0.000001	-0.000000	0.000000	0.000000	0.000000	0.000000	-22.577900	-47.809399	64.438599	-108.156998	-1.643840	176.606003	-0.000001	0.000000	0.000000	0.390089	0.681040	-0.004635	-0.000000	-0.000000	-0.000002
-0.196715	-2.855069	-15.643013	-3.449090	16.516300	0.981588	4.504530	-16.801901	0.346311	0.000000	-0.000000	-0.000000	-1.909360	15.958000	0.525090	3.873060	-17.132401	0.600371	0.000000	0.000000	0.000000	-0.000000	-0.000000	-0.000070	0.000000	0.000000	0.000000	30.338699	-32.336201	-37.111099	122.825996	-11.857000	153.341003	-0.000000	0.000000	0.000001	0.000000	0.000000	0.000000	-5.090570	-53.358700	85.603996	-106.300003	-8.697960	-162.042007	-0.000000	0.000000	-0.000001	0.479869	-0.078023	0.000653	0.000000	-0.000000	-0.000003
-0.495137	-3.604301	-15.385300	-2.870300	17.291800	0.853825	4.009210	-15.982100	0.349375	0.000000	0.000000	0.000001	-0.690756	16.986700	0.201823	2.016000	-16.540100	0.385915	0.000000	0.000000	0.000000	0.000000	0.000000	-0.000033	0.000000	0.000000	0.000000	19.933901	-38.780300	-56.695000	122.961998	-18.985001	145.917007	-0.000000	-0.000000	-0.000000	0.000000	0.000000	0.000000	15.542600	-52.804699	109.331001	-100.394997	-14.934400	-136.679993	0.000000	-0.000000	-0.000001	0.237984	-0.908102	0.003775	-0.000000	0.000000	0.000000
-0.886786	-3.920558	-13.246498	-1.277000	18.722900	0.409983	3.082000	-17.391199	0.559874	-0.000000	0.000000	0.000000	0.887110	18.387400	-0.279835	1.129210	-17.299299	0.586309	0.000000	-0.000000	0.000000	-0.000000	-0.000000	-0.000058	0.000000	0.000000	0.000000	9.093210	-42.231499	-75.084602	116.113998	-25.620199	131.110001	0.000000	0.000001	-0.000001	0.000000	0.000000	0.000000	27.428400	-48.254902	123.365997	-96.188499	-18.022100	-120.350998	-0.000000	0.000001	0.000001	-0.066378	-2.000830	-0.002319	-0.000000	0.000000	-0.000001
-1.018450	-3.918063	-13.299301	-0.642292	18.780600	0.206804	2.312360	-17.041500	0.499585	-0.000000	-0.000000	-0.000000	1.225340	19.883400	-0.416789	1.052140	-19.444599	0.734151	-0.000000	0.000000	-0.000000	0.000000	-0.000000	0.000005	0.000000	0.000000	0.000000	8.439320	-37.502102	-74.431099	118.261002	-39.731998	123.997002	0.000000	0.000000	-0.000001	0.000000	0.000000	0.000000	19.267700	-39.864899	117.065002	-102.265999	-24.414600	-124.444000	-0.000000	-0.000000	0.000000	0.087824	-2.371590	0.003633	0.000000	-0.000000	0.000001
-0.760353	-3.568010	-11.577500	-0.753922	19.253700	0.248633	2.334180	-18.977600	0.527724	-0.000000	-0.000000	-0.000000	1.232070	19.574800	-0.412832	0.888732	-19.490999	0.684107	-0.000000	-0.000000	-0.000000	-0.000000	-0.000000	-0.000008	0.000000	0.000000	0.000000	6.069420	-36.341801	-78.027901	118.800003	-40.811100	124.288002	0.000001	-0.000000	-0.000001	0.000000	0.000000	0.000000	11.696500	-34.906200	108.707001	-106.832001	-29.782000	-126.483002	-0.000001	-0.000001	-0.000000	-0.049113	-2.504360	-0.002149	0.000000	0.000000	0.000000
-0.668166	-3.571109	-11.355800	-0.828351	18.871401	0.267954	2.420400	-18.771700	0.526767	0.000000	-0.000000	-0.000000	1.208930	19.806200	-0.409678	0.869608	-19.763599	0.678887	0.000000	-0.000000	-0.000001	0.000000	-0.000000	-0.000042	0.000000	0.000000	0.000000	-4.376140	-44.494900	-96.670502	108.413002	-30.122801	116.067001	0.000001	-0.000001	-0.000000	0.000000	0.000000	0.000000	7.087470	-34.954700	101.963997	-108.719002	-35.105598	-125.542999	-0.000000	-0.000001	0.000000	-0.260635	-2.743270	-0.012474	0.000000	0.000000	0.000000
-0.550334	-3.598760	-15.144300	-2.318390	18.628599	0.740936	3.482170	-18.210400	0.401720	-0.000000	0.000000	-0.000001	-0.420104	18.774000	0.135212	1.930620	-18.813801	0.494437	-0.000000	-0.000000	-0.000000	-0.000000	0.000000	0.000008	0.000000	0.000000	0.000000	-2.620330	-45.617001	-94.383598	107.002998	-23.687099	118.844002	0.000001	0.000000	0.000000	0.000000	0.000000	0.000000	16.795500	-43.521702	113.007004	-101.061996	-30.884399	-117.943001	0.000001	0.000001	-0.000001	0.022931	-2.151840	0.000859	-0.000000	0.000000	0.000000
0.728932	-3.119441	-13.266300	-3.777990	17.235500	1.120910	3.780790	-17.259701	0.051225	0.000000	-0.000000	-0.000000	-2.015200	17.240700	0.597510	2.490610	-17.931700	0.174255	0.000000	0.000000	0.000000	0.000000	-0.000000	-0.000044	0.000000	0.000000	0.000000	2.583500	-45.584702	-86.007401	111.418999	-22.857300	127.250999	0.000000	-0.000001	-0.000000	0.000000	0.000000	0.000000	15.565900	-50.917301	109.442001	-99.403603	-27.219801	-118.603996	-0.000000	0.000000	0.000001	-0.017974	-1.134590	-0.000357	0.000000	-0.000000	0.000002
0.693879	-3.392297	-12.760601	-4.947750	17.275200	1.472650	5.176200	-17.711100	0.137549	0.000000	-0.000000	-0.000000	-3.152390	17.479300	0.947735	3.925400	-17.831600	0.281337	0.000000	0.000000	-0.000000	-0.000000	0.000000	-0.000023	0.000000	0.000000	0.000000	14.207100	-43.628300	-67.573799	116.477997	-22.498301	134.225998	-0.000000	-0.000000	-0.000000	0.000000	0.000000	0.000000	4.277610	-56.321701	95.891899	-101.130997	-22.277201	-127.896004	0.000000	-0.000000	-0.000000	0.249544	-0.731893	0.003187	-0.000000	0.000000	0.000000
0.736550	-3.761762	-13.325700	-5.453690	16.967600	1.595970	5.760800	-16.953199	0.158970	-0.000000	0.000000	0.000000	-3.695430	17.957800	1.140800	4.589240	-18.832300	0.346739	-0.000000	-0.000000	-0.000000	-0.000000	0.000000	-0.000027	0.000000	0.000000	0.000000	28.315201	-38.762402	-44.970699	116.151001	-18.716499	136.824005	0.000000	0.000000	-0.000001	0.000000	0.000000	0.000000	-17.040899	-57.242100	72.298401	-101.862000	-15.712200	-141.516998	-0.000000	0.000000	-0.000000	0.330197	0.144539	-0.000833	-0.000000	0.000000	-0.000000
0.869649	-2.462790	-13.366500	-5.263210	15.350500	1.396920	5.614300	-16.722700	0.155187	0.000000	-0.000000	0.000000	-3.792580	16.108200	1.053650	4.932860	-18.495300	0.409073	-0.000000	0.000000	0.000000	0.000009	-0.000038	-0.000011	0.000000	0.000000	0.000000	39.696499	-29.301600	-24.395399	110.692001	-15.136000	132.667007	0.000000	-0.000001	0.000000	0.000000	0.000000	0.000000	-37.223301	-49.982498	49.235001	-103.023003	-7.143060	-168.231995	-0.000001	0.000000	-0.000000	0.285586	0.588044	-0.002932	-0.000000	0.000000	-0.000000
0.617372	-2.208570	-13.374701	-4.765030	14.627500	1.205980	5.928100	-16.216801	0.368092	-0.000000	-0.000000	0.000000	-3.215670	15.725300	0.872424	4.989820	-18.760099	0.609516	0.000000	0.000000	0.000000	-0.000000	0.000000	0.000043	0.000000	0.000000	0.000000	45.104198	-17.946600	-9.820520	101.302002	-14.949300	115.103996	-0.000001	0.000000	0.000000	0.000000	0.000000	0.000000	-43.187099	-37.775299	38.633598	-102.580002	1.877850	158.264999	0.000001	0.000001	-0.000002	0.444210	0.589446	-0.004570	0.000000	-0.000000	-0.000000
0.335769	-2.111070	-14.212399	-4.365050	14.859000	1.121450	5.785060	-16.715401	0.450584	-0.000000	0.000000	-0.000000	-2.679420	15.157000	0.701094	4.505710	-17.455200	0.575988	-0.000000	0.000000	-0.000000	-0.000010	0.000038	0.000060	0.000000	0.000000	0.000000	44.714500	-6.061680	1.950810	93.110397	-14.123600	96.569702	-0.000000	-0.000000	0.000000	0.000000	0.000000	0.000000	-41.862301	-26.989599	33.771000	-101.761002	7.208450	139.026993	0.000001	0.000000	-0.000001	0.379850	0.627848	-0.004163	-0.000000	0.000000	-0.000001
0.731970	-1.831280	-15.099494	-4.697440	13.799900	1.122910	5.530620	-15.179900	0.253767	0.000000	0.000000	-0.000000	-3.539340	14.846200	0.907995	5.435260	-18.367300	0.634925	-0.000000	0.000000	0.000000	0.000000	0.000000	0.000051	0.000000	0.000000	0.000000	41.893299	3.280370	12.059100	86.910896	-17.326500	82.102997	0.000000	0.000001	0.000000	0.000000	0.000000	0.000000	-39.906799	-20.042500	30.265699	-99.941101	7.951090	130.904999	-0.000000	-0.000000	-0.000000	0.434826	0.587152	-0.004455	0.000000	-0.000000	-0.000000
0.498383	-1.609460	-15.665816	-4.778910	13.968900	1.156110	6.162690	-15.445700	0.406333	-0.000000	0.000000	0.000001	-3.470010	14.621200	0.876913	5.794670	-18.180700	0.760823	-0.000000	0.000000	-0.000001	0.000020	-0.000035	-0.000053	0.000000	0.000000	0.000000	37.216801	8.860130	20.211700	86.701103	-23.930901	84.254601	-0.000000	-0.000002	-0.000000	0.000000	0.000000	0.000000	-37.916000	-16.692101	28.910601	-100.424004	7.746900	131.386993	-0.000000	-0.000000	-0.000000	0.110724	0.939766	-0.001818	0.000000	0.000000	0.000001
0.295646	-1.905201	-16.119900	-4.293920	14.236100	1.057790	5.596760	-15.151200	0.375105	0.000000	0.000000	0.000000	-3.331530	14.815500	0.852766	5.968980	-17.757601	0.838780	0.000000	-0.000000	-0.000002	0.000000	-0.000000	-0.000017	0.000000	0.000000	0.000000	34.612999	12.134100	25.650499	87.415901	-30.355600	86.801300	0.000000	-0.000000	0.000000	0.000000	0.000000	0.000000	-34.959400	-14.893200	29.543699	-101.494003	7.316420	134.595001	-0.000001	-0.000000	0.000001	-0.008120	0.943330	0.000136	0.000000	-0.000000	0.000000
0.177289	-2.029921	-16.506001	-4.159720	14.084500	1.013960	5.396570	-14.364200	0.337973	0.000000	0.000000	0.000001	-2.410040	14.264300	0.594157	4.259350	-16.397100	0.543214	0.000000	-0.000000	-0.000001	0.000000	-0.000000	-0.000042	0.000000	0.000000	0.000000	36.210602	12.315300	24.720699	88.819504	-30.859100	89.231400	0.000000	0.000000	0.000000	0.000000	0.000000	0.000000	-35.006401	-17.041800	31.752501	-102.064003	8.283900	134.483002	-0.000001	0.000001	0.000000	0.242923	0.933594	-0.003958	0.000000	0.000000	0.000001
-0.035121	-1.710620	-16.456402	-3.185780	14.277000	0.786461	4.740580	-15.709500	0.447754	-0.000000	0.000000	-0.000000	-1.679090	13.481400	0.391602	3.918130	-15.556500	0.613186	-0.000000	-0.000000	-0.000001	0.000000	-0.000000	0.000051	0.000000	0.000000	0.000000	36.051201	9.992250	22.250000	95.142502	-30.218599	99.669899	-0.000001	-0.000001	0.000001	0.000000	0.000000	0.000000	-35.659599	-21.742701	35.521599	-103.325996	10.211200	134.746002	0.000001	-0.000000	0.000000	0.340196	1.061690	-0.006300	0.000000	-0.000000	-0.000003
-0.064378	-1.405553	-16.323006	-2.561360	13.048000	0.578690	3.926220	-14.261300	0.352591	0.000000	0.000000	0.000000	-0.956387	12.744900	0.211060	3.136890	-15.167300	0.576925	0.000000	0.000000	0.000000	-0.000000	0.000000	0.000127	0.000000	0.000000	0.000000	38.422901	4.699640	14.868900	101.393997	-25.358000	111.377998	0.000000	0.000000	0.000000	0.000000	0.000000	0.000000	-35.525299	-28.623301	40.951698	-105.230003	10.261200	140.024002	-0.000000	0.000000	-0.000000	0.227153	1.097590	-0.004349	-0.000000	-0.000000	-0.000001
-0.018235	-1.619050	-15.978300	-2.340260	13.629400	0.551760	3.340440	-15.282500	0.281025	0.000000	0.000000	-0.000000	-1.164860	12.718700	0.256501	3.562950	-15.234100	0.637990	-0.000000	0.000000	-0.000000	0.000011	-0.000037	0.000101	0.000000	0.000000	0.000000	39.156898	-4.939040	2.953820	107.920998	-19.936100	124.882004	-0.000000	-0.000000	-0.000001	0.000000	0.000000	0.000000	-33.097500	-35.406101	47.628502	-106.982002	4.923770	155.681000	-0.000001	-0.000001	-0.000000	0.453632	1.052820	-0.008335	0.000000	-0.000000	-0.000002
-0.065307	-2.138864	-15.552503	-2.529640	13.828500	0.605009	3.486210	-15.004300	0.266659	-0.000000	-0.000000	0.000000	-1.339360	13.535700	0.313547	3.597730	-15.782900	0.624681	0.000000	0.000000	-0.000000	-0.000010	0.000038	-0.000103	0.000000	0.000000	0.000000	35.521400	-15.738000	-12.253400	116.428001	-16.874500	139.300995	0.000000	-0.000000	0.000000	0.000000	0.000000	0.000000	-26.047899	-43.512901	59.127201	-108.107002	-1.374120	174.677002	-0.000001	0.000000	0.000001	0.563727	0.925357	-0.009101	-0.000000	-0.000000	-0.000002
0.262779	-2.014380	-15.365499	-3.197580	14.305500	0.790842	3.828290	-16.754499	0.210421	-0.000000	0.000000	0.000001	-1.699410	12.832200	0.377512	3.437380	-15.531800	0.476877	-0.000000	0.000000	-0.000001	0.000000	-0.000000	0.000003	0.000000	0.000000	0.000000	30.106199	-26.857201	-31.269199	121.417999	-16.085400	146.082001	-0.000001	-0.000001	0.000001	0.000000	0.000000	0.000000	-10.901300	-51.031898	78.623901	-105.162003	-7.233160	-165.626007	-0.000000	0.000000	0.000000	0.448254	1.059870	-0.008291	0.000000	-0.000000	-0.000003
-0.516456	-1.932211	-14.647401	-1.070870	14.022700	0.259559	2.198590	-16.340401	0.326285	0.000000	0.000000	0.000000	-0.358785	13.786100	0.085549	3.514300	-16.995800	0.926238	-0.000000	0.000000	-0.000000	-0.000000	0.000000	0.000097	0.000000	0.000000	0.000000	23.693899	-35.450901	-48.458599	122.549004	-22.055599	141.509003	0.000000	-0.000000	0.000000	0.000000	0.000000	0.000000	10.321400	-52.348598	103.394997	-101.349998	-11.448500	-146.205002	0.000000	0.000000	0.000000	-0.083583	0.471516	0.000689	-0.000000	-0.000000	-0.000000
-0.197604	-2.037328	-11.442795	-0.258763	14.667600	0.065535	1.439450	-17.763700	0.362825	0.000000	-0.000000	-0.000001	0.474656	15.379300	-0.125872	2.323760	-18.582001	0.886943	-0.000000	0.000000	0.000000	-0.000000	-0.000000	-0.000026	0.000000	0.000000	0.000000	8.896000	-42.601398	-75.192497	114.102997	-24.203600	129.427002	0.000000	0.000000	0.000000	0.000000	0.000000	0.000000	18.493500	-46.979301	113.539001	-99.445801	-17.517099	-128.287994	-0.000000	-0.000001	0.000000	-0.295872	-0.934657	-0.004825	0.000000	0.000000	-0.000000
-0.646068	-2.410290	-13.037300	-1.514990	16.438900	0.428872	3.668530	-19.459801	0.738401	-0.000000	-0.000000	-0.000000	-0.154763	16.481800	0.043957	3.166230	-18.530300	0.959877	-0.000000	0.000000	-0.000000	-0.000009	0.000038	-0.000011	0.000000	0.000000	0.000000	7.751830	-34.857601	-74.461601	119.156998	-37.486198	126.639999	0.000001	0.000001	-0.000002	0.000000	0.000000	0.000000	15.669500	-38.818699	112.867996	-102.517998	-26.690300	-122.707001	-0.000001	0.000001	0.000001	-0.139281	-1.902760	-0.004627	-0.000000	0.000000	0.000000
-1.293530	-2.336220	-15.605000	-0.554006	17.094801	0.162875	3.006290	-19.483900	0.826541	-0.000000	-0.000000	-0.000000	0.964768	15.267600	-0.254055	2.222120	-16.907301	0.917753	0.000000	-0.000000	-0.000001	0.000011	-0.000037	0.000075	0.000000	0.000000	0.000000	10.693700	-28.424101	-64.623100	130.746994	-44.175499	136.113998	0.000000	-0.000001	0.000000	0.000000	0.000000	0.000000	12.599200	-33.372501	111.195000	-106.185997	-30.839001	-124.667000	0.000002	0.000000	-0.000001	-0.074737	-2.311340	-0.003016	-0.000000	-0.000000	-0.000000
-1.449690	-2.738530	-17.446400	-0.523025	17.800699	0.159915	3.057840	-19.237499	0.843916	0.000000	-0.000000	-0.000000	1.297100	15.698300	-0.350997	1.711020	-16.603500	0.846408	0.000000	-0.000000	-0.000001	-0.000000	0.000000	-0.000065	0.000000	0.000000	0.000000	12.093500	-25.444000	-58.726200	137.427002	-46.066101	141.792007	-0.000000	-0.000000	0.000001	0.000000	0.000000	0.000000	9.253500	-33.454300	106.580002	-106.931000	-36.733398	-122.096001	0.000001	-0.000002	0.000001	-0.222404	-2.223500	-0.008630	-0.000000	-0.000000	-0.000001
-1.103030	-2.398021	-16.421103	-0.036888	16.678101	0.010640	1.768110	-17.763300	0.528778	-0.000000	0.000000	-0.000001	1.772060	14.961700	-0.457583	0.499815	-16.321800	0.621852	-0.000000	0.000000	0.000000	-0.000011	0.000037	-0.000106	0.000000	0.000000	0.000000	7.945410	-33.903400	-74.336304	121.200996	-35.721001	130.524002	-0.000000	0.000000	-0.000000	0.000000	0.000000	0.000000	9.187510	-36.279099	105.446999	-108.182999	-35.371300	-124.916000	0.000000	0.000000	-0.000000	0.007062	-1.859220	0.000228	-0.000000	-0.000000	-0.000002
-0.812269	-2.651590	-16.027702	-1.273000	16.048300	0.352026	2.959000	-17.328800	0.517096	0.000000	0.000000	-0.000000	0.606486	14.407300	-0.150856	1.616110	-15.473400	0.588142	-0.000000	-0.000000	0.000001	-0.000011	0.000037	-0.000026	0.000000	0.000000	0.000000	6.742030	-39.634899	-78.632401	116.174004	-27.631500	130.048004	0.000001	-0.000001	0.000000	0.000000	0.000000	0.000000	15.630700	-45.410400	111.170998	-101.360001	-25.339899	-123.280998	0.000000	0.000001	-0.000001	0.230428	-1.192330	0.004793	-0.000000	0.000000	-0.000000
-0.753008	-2.318190	-16.694605	-1.553890	15.028100	0.402975	2.946700	-16.239500	0.404434	-0.000000	-0.000000	-0.000001	0.152566	13.947500	-0.036802	2.206320	-15.968800	0.648045	0.000000	0.000000	0.000001	0.000000	0.000000	-0.000071	0.000000	0.000000	0.000000	18.091499	-35.627701	-57.314999	123.557999	-28.955099	137.072006	0.000001	-0.000001	0.000000	0.000000	0.000000	0.000000	14.690300	-53.285000	108.445999	-100.303001	-19.084999	-129.955994	0.000001	-0.000001	-0.000001	0.073975	-0.292087	0.000377	0.000000	0.000000	0.000001
-1.152110	-2.143561	-17.590700	-0.717261	15.425400	0.190765	2.692810	-17.302000	0.595432	0.000000	-0.000000	-0.000000	0.522245	14.024900	-0.126591	2.671770	-16.589399	0.908316	-0.000000	-0.000000	-0.000001	-0.000000	-0.000000	-0.000068	0.000000	0.000000	0.000000	29.932501	-30.165400	-35.568901	123.971001	-25.203501	139.703003	0.000000	-0.000000	-0.000000	0.000000	0.000000	0.000000	-2.785980	-53.997601	88.548599	-103.507004	-15.276100	-144.195007	0.000000	-0.000000	0.000000	-0.106319	0.914958	0.001698	0.000000	0.000000	0.000000
-0.930402	-1.741000	-16.385305	-0.726388	14.424200	0.180925	2.521380	-17.217600	0.538249	0.000000	-0.000000	0.000000	0.885348	12.260100	-0.188047	1.787820	-15.037800	0.688776	0.000000	0.000000	0.000002	-0.000000	-0.000000	-0.000026	0.000000	0.000000	0.000000	38.331600	-23.423599	-19.805000	116.773003	-19.811399	136.098999	0.000000	0.000002	0.000000	0.000000	0.000000	0.000000	-25.384100	-49.003399	61.774799	-106.693001	-10.339300	-161.886993	0.000001	0.000001	-0.000001	0.390986	1.139110	-0.007770	-0.000000	-0.000000	-0.000004
-0.739928	-1.856181	-17.258801	-1.450270	14.005700	0.351074	3.136270	-16.001600	0.476776	0.000000	-0.000000	0.000000	0.146456	12.403300	-0.031449	2.486140	-14.914300	0.677115	0.000000	0.000000	0.000001	0.000011	-0.000037	-0.000026	0.000000	0.000000	0.000000	42.557499	-10.369000	-3.034380	107.870003	-18.005100	125.782997	-0.000001	0.000001	0.000000	0.000000	0.000000	0.000000	-35.606701	-40.672501	47.770901	-105.683998	-5.865680	-175.643997	0.000001	-0.000000	-0.000001	0.394842	1.038090	-0.007153	0.000000	-0.000000	0.000001
-0.747165	-1.028870	-17.581499	-1.224150	13.153500	0.278620	2.876140	-15.770500	0.457825	-0.000000	0.000000	-0.000001	0.204760	11.678200	-0.041436	2.499770	-15.286600	0.712405	0.000000	0.000000	-0.000000	0.000000	0.000000	0.000025	0.000000	0.000000	0.000000	42.378700	0.715259	9.268630	100.637001	-16.058201	115.816002	0.000000	-0.000000	-0.000000	0.000000	0.000000	0.000000	-39.278801	-29.624500	38.125801	-104.488998	-0.553212	164.807999	-0.000000	-0.000001	0.000002	0.245700	1.240770	-0.005318	0.000000	-0.000000	-0.000000
-0.500184	0.062900	-17.492601	-0.737830	11.158000	0.142803	2.401780	-14.325200	0.415254	-0.000000	-0.000000	-0.000001	1.022350	9.280660	-0.164882	1.356470	-12.703600	0.520448	0.000000	-0.000000	0.000001	-0.000012	0.000037	-0.000104	0.000000	0.000000	0.000000	40.671501	8.904540	18.586100	92.708801	-18.649401	97.759804	-0.000000	-0.000000	-0.000000	0.000000	0.000000	0.000000	-37.643101	-19.264799	31.683100	-106.293999	1.199330	158.912003	0.000000	0.000000	-0.000000	0.051136	1.774240	-0.001581	0.000000	-0.000000	-0.000001
-0.251045	0.070465	-17.121500	-1.215050	11.621500	0.244810	2.881020	-15.456500	0.450739	-0.000000	0.000000	0.000000	0.098761	9.614810	-0.016487	2.715480	-13.573700	0.660655	0.000000	0.000000	-0.000000	0.000000	0.000000	-0.000073	0.000000	0.000000	0.000000	38.203098	13.052800	24.256800	88.788498	-22.659901	89.353699	-0.000000	-0.000000	-0.000000	0.000000	0.000000	0.000000	-35.734001	-14.616500	28.721600	-105.694000	3.583350	150.847000	0.000001	0.000000	-0.000001	0.116696	1.852140	-0.003771	-0.000000	0.000000	-0.000001
0.140359	0.043098	-16.224501	-2.117640	11.733700	0.430847	3.716440	-15.545500	0.440452	-0.000000	-0.000000	-0.000000	-0.428937	9.945240	0.074089	2.834980	-14.137800	0.589582	0.000000	0.000000	0.000000	0.000000	0.000000	0.000021	0.000000	0.000000	0.000000	35.559200	12.705200	25.694401	90.675598	-23.605700	93.331703	0.000000	0.000001	0.000000	0.000000	0.000000	0.000000	-32.671600	-10.927700	26.908400	-107.724998	2.991530	154.587997	0.000002	0.000000	-0.000000	0.221758	1.932330	-0.007477	-0.000000	0.000000	-0.000000
0.220171	0.088833	-16.126713	-2.414690	10.972000	0.459854	3.961510	-14.538200	0.399464	-0.000000	0.000000	0.000001	-0.352775	9.577120	0.058700	2.021700	-13.571100	0.392866	0.000000	-0.000000	-0.000000	-0.000000	-0.000000	0.000021	0.000000	0.000000	0.000000	35.515099	9.967630	22.636400	92.786903	-20.309799	97.945099	-0.000000	-0.000001	-0.000000	0.000000	0.000000	0.000000	-30.659100	-11.852300	29.820200	-108.939003	4.819490	152.362000	0.000000	-0.000000	0.000002	0.358984	2.032690	-0.012728	-0.000000	-0.000000	-0.000000
-0.006183	-0.464848	-16.270800	-2.151600	11.657200	0.434952	3.544860	-14.939600	0.370690	-0.000000	0.000000	0.000000	-0.665359	10.066300	0.116314	2.988650	-13.330700	0.538316	0.000000	-0.000000	-0.000000	-0.000000	0.000000	0.000083	0.000000	0.000000	0.000000	38.418999	5.570340	15.937400	95.272400	-16.226400	104.434998	-0.000000	-0.000000	0.000000	0.000000	0.000000	0.000000	-31.748100	-17.394501	35.206501	-107.870003	6.585260	148.617996	0.000001	-0.000000	0.000001	0.301487	1.820030	-0.009575	0.000000	-0.000000	0.000002
-0.361051	-0.613770	-16.833599	-1.466840	12.326500	0.313219	3.354460	-15.349900	0.508795	-0.000000	0.000000	0.000001	0.168748	10.619800	-0.031093	2.436680	-14.020000	0.630891	-0.000000	0.000000	0.000000	-0.000000	-0.000000	-0.000048	0.000000	0.000000	0.000000	39.131901	2.412990	11.983700	102.523003	-19.372101	117.190002	0.000001	-0.000001	-0.000002	0.000000	0.000000	0.000000	-31.002001	-25.665701	43.612801	-108.089996	7.141200	149.953995	-0.000000	-0.000000	-0.000000	0.243214	1.805470	-0.007663	0.000000	-0.000000	0.000002
-0.500382	-1.166090	-16.143213	-1.287970	12.820300	0.285883	3.290690	-15.448100	0.542212	-0.000000	0.000000	0.000000	0.414150	11.075400	-0.079516	2.047660	-13.853500	0.587943	0.000000	-0.000000	-0.000000	-0.000011	0.000037	-0.000016	0.000000	0.000000	0.000000	38.611599	-7.037710	0.287867	110.913002	-17.260201	132.132996	-0.000000	0.000000	0.000000	0.000000	0.000000	0.000000	-29.471300	-32.857101	50.214298	-108.739998	3.814440	159.888000	-0.000000	0.000001	0.000000	0.364253	1.476580	-0.009385	0.000000	-0.000000	-0.000001
-0.512069	-1.588350	-15.792407	-1.259080	13.368400	0.291132	2.879310	-15.583800	0.444535	-0.000000	-0.000000	0.000000	0.107180	12.361500	-0.022972	2.525970	-15.119700	0.686608	0.000000	-0.000000	0.000001	0.000000	-0.000000	-0.000065	0.000000	0.000000	0.000000	36.324100	-18.443701	-15.302600	116.375000	-16.921301	139.033997	-0.000001	-0.000000	-0.000000	0.000000	0.000000	0.000000	-21.686100	-41.361698	63.495201	-108.772003	-0.535846	173.225998	0.000000	-0.000000	-0.000000	0.112162	1.098570	-0.002149	0.000000	0.000000	0.000001
-0.302783	-1.732180	-14.448200	-1.150540	12.613400	0.251323	2.472580	-14.037200	0.327449	0.000000	-0.000000	-0.000000	0.275390	12.358500	-0.058897	2.061240	-14.931100	0.600709	0.000000	-0.000000	-0.000000	-0.000019	0.000075	0.000006	0.000000	0.000000	0.000000	28.773800	-25.810600	-31.362200	123.245003	-24.729200	139.229004	0.000000	-0.000000	-0.000001	0.000000	0.000000	0.000000	-9.085490	-45.269699	79.973099	-108.880997	-7.408890	-167.362000	-0.000000	0.000000	-0.000000	-0.064373	0.888944	0.001000	-0.000000	-0.000000	0.000000
0.671462	-1.554690	-13.689902	-2.248580	12.941500	0.503875	2.886710	-15.711700	0.188281	-0.000000	-0.000000	0.000000	-1.157830	12.865200	0.257880	3.061730	-17.108900	0.568846	-0.000000	0.000000	0.000000	-0.000000	-0.000000	0.000173	0.000000	0.000000	0.000000	19.093201	-33.570000	-53.421700	122.822998	-26.873301	137.658997	-0.000000	0.000000	0.000000	0.000000	0.000000	0.000000	9.129020	-49.906399	102.218002	-102.779999	-13.123400	-144.507004	-0.000001	0.000001	0.000001	-0.179590	-0.091907	-0.000288	-0.000000	-0.000000	-0.000000
0.331660	-2.372210	-13.404902	-2.744320	14.666300	0.695376	3.532950	-16.409800	0.248086	-0.000000	-0.000000	-0.000000	-1.821920	15.414800	0.484473	4.149020	-17.811800	0.732279	-0.000000	0.000000	-0.000000	-0.000009	0.000038	0.000038	0.000000	0.000000	0.000000	7.781590	-36.106201	-75.012100	117.531998	-28.384800	131.020996	-0.000001	-0.000000	0.000001	0.000000	0.000000	0.000000	21.020300	-46.825401	116.717003	-97.405403	-19.045300	-121.889000	0.000000	0.000000	-0.000000	-0.228318	-1.552830	-0.006188	-0.000000	0.000000	-0.000000
-0.168070	-3.168510	-13.220393	-2.456260	16.943300	0.716226	3.781750	-18.054501	0.443931	-0.000000	0.000000	0.000000	-1.466040	17.156601	0.432556	4.277560	-18.898600	0.932461	0.000000	0.000000	0.000000	-0.000000	-0.000000	-0.000006	0.000000	0.000000	0.000000	8.764970	-29.670700	-69.333702	127.280998	-45.789799	131.703995	-0.000001	-0.000000	-0.000000	0.000000	0.000000	0.000000	15.204200	-37.444599	112.789001	-102.698997	-27.121099	-122.546997	-0.000000	-0.000000	-0.000001	-0.142739	-2.220520	-0.005532	-0.000000	-0.000000	-0.000000
0.425999	-2.723970	-11.483000	-2.308000	15.765500	0.627409	2.821500	-16.706600	0.172584	-0.000000	0.000000	0.000000	-1.696600	17.501301	0.510358	4.084750	-20.349501	0.858246	-0.000000	-0.000000	-0.000000	0.000000	-0.000000	0.000036	0.000000	0.000000	0.000000	7.143190	-29.223900	-72.254501	130.067993	-47.171299	134.162994	0.000000	0.000000	-0.000001	0.000000	0.000000	0.000000	6.597760	-31.390900	102.098999	-110.268997	-34.374199	-127.656998	-0.000001	0.000001	0.000000	-0.429550	-2.132320	-0.015984	-0.000000	0.000000	-0.000000
0.648761	-2.321570	-12.227600	-3.632160	14.776000	0.927553	4.355950	-16.347000	0.237576	0.000000	-0.000000	0.000000	-2.476820	17.122200	0.729660	4.314720	-20.563499	0.684364	0.000000	-0.000000	-0.000001	-0.000008	0.000038	0.000006	0.000000	0.000000	0.000000	7.562860	-29.239599	-71.458702	130.735001	-46.268501	135.272003	-0.000000	0.000000	-0.000001	0.000000	0.000000	0.000000	1.991360	-31.438101	94.781998	-112.461998	-41.815498	-126.197998	0.000001	0.000000	0.000000	-0.372912	-2.171610	-0.014131	-0.000000	-0.000000	-0.000000
0.720831	-1.568530	-12.960201	-4.012510	14.971200	1.038160	5.244080	-18.289000	0.429349	0.000000	0.000000	-0.000000	-2.557590	15.759500	0.695081	4.542020	-20.069000	0.714235	0.000000	-0.000000	0.000000	-0.000000	-0.000000	0.000015	0.000000	0.000000	0.000000	5.466740	-32.650101	-78.100197	121.992996	-37.180698	130.703003	-0.000000	0.000001	0.000000	0.000000	0.000000	0.000000	12.497000	-39.165699	108.586998	-102.472000	-32.555401	-118.371002	-0.000001	-0.000000	-0.000000	-0.308888	-2.087890	-0.011256	-0.000000	-0.000000	0.000001
-0.036206	-1.767770	-13.344200	-3.052910	15.601700	0.821806	5.029840	-19.146999	0.685604	-0.000000	0.000000	0.000000	-1.722560	15.667900	0.465339	4.709030	-19.294300	1.008780	0.000000	0.000000	0.000000	0.000000	-0.000000	-0.000070	0.000000	0.000000	0.000000	6.829070	-39.192402	-77.884201	118.249001	-29.665701	130.934998	-0.000001	-0.000000	-0.000000	0.000000	0.000000	0.000000	17.552999	-45.759499	113.026001	-99.645798	-24.750999	-120.315002	-0.000000	-0.000000	0.000001	-0.192523	-1.531510	-0.005146	-0.000000	0.000000	-0.000000
-0.295045	-2.044288	-14.431304	-1.632140	15.704800	0.441912	3.766220	-18.431601	0.694296	0.000000	-0.000001	-0.000000	-0.314949	15.791600	0.085721	3.602310	-19.138100	1.082700	-0.000000	-0.000000	0.000000	-0.000000	-0.000000	-0.000026	0.000000	0.000000	0.000000	17.283001	-38.514801	-60.339298	120.389000	-26.618299	135.225998	0.000001	-0.000000	0.000000	0.000000	0.000000	0.000000	14.544500	-51.457901	108.349998	-100.115997	-18.250799	-130.175003	0.000000	-0.000002	-0.000001	-0.215138	-0.566383	-0.002126	-0.000000	-0.000000	-0.000000
-0.532200	-1.969645	-15.373600	-0.987759	14.698800	0.250710	2.717920	-16.832800	0.510514	0.000000	-0.000000	0.000000	-0.053831	14.838400	0.013841	3.379760	-18.130699	1.036580	-0.000000	0.000000	0.000000	0.000000	0.000000	0.000058	0.000000	0.000000	0.000000	29.414200	-32.700901	-38.519402	120.568001	-22.859501	137.973999	0.000000	-0.000000	0.000001	0.000000	0.000000	0.000000	-3.448020	-52.503300	87.484901	-103.024002	-13.528700	-146.541000	0.000000	-0.000000	-0.000001	-0.241130	0.520183	0.002189	0.000000	-0.000000	-0.000000
-0.316093	-1.544750	-15.051503	-1.196160	14.328900	0.296085	3.186000	-17.547899	0.611383	0.000000	0.000000	0.000001	0.124150	13.377500	-0.028716	2.858660	-16.555401	0.849665	0.000000	0.000000	0.000001	0.000000	0.000000	-0.000001	0.000000	0.000000	0.000000	35.934601	-23.031401	-21.121901	115.170998	-19.253599	134.639008	0.000000	0.000000	0.000000	0.000000	0.000000	0.000000	-21.903500	-47.864700	65.213799	-106.266998	-4.979680	-174.464005	0.000001	-0.000001	-0.000000	0.330826	0.834736	-0.004821	0.000000	-0.000000	-0.000001
-0.215044	-0.837865	-15.329599	-1.729920	12.455400	0.373184	3.920510	-15.643600	0.601949	-0.000000	0.000000	0.000000	-0.285125	12.085900	0.059669	3.327220	-16.028099	0.842407	0.000000	-0.000000	0.000001	0.000000	-0.000000	-0.000065	0.000000	0.000000	0.000000	41.894901	-12.565000	-5.558860	104.865997	-15.929600	122.470001	0.000000	-0.000000	0.000001	0.000000	0.000000	0.000000	-33.124901	-38.853100	49.319401	-105.085999	2.704420	160.022995	0.000000	-0.000000	-0.000000	0.375007	1.054720	-0.006901	0.000000	0.000000	-0.000000
-0.021526	-1.339440	-15.885599	-1.934120	13.891000	0.464513	3.525860	-16.834000	0.477461	-0.000000	-0.000000	-0.000001	-0.966133	13.389600	0.223759	3.863730	-17.043699	0.857655	-0.000000	-0.000000	-0.000000	0.000000	-0.000000	0.000006	0.000000	0.000000	0.000000	39.254398	-1.045740	7.763520	99.268799	-17.784599	111.050003	0.000001	0.000000	0.000001	0.000000	0.000000	0.000000	-35.397800	-28.274500	40.818298	-103.835999	8.124290	141.761002	-0.000000	0.000001	-0.000000	0.374019	1.192660	-0.007781	-0.000000	0.000000	0.000002
0.046009	-1.330768	-16.620100	-2.265860	13.875000	0.543646	3.655820	-16.611000	0.416328	-0.000000	0.000000	0.000000	-1.275460	12.839500	0.283492	4.084930	-16.210600	0.793804	0.000000	-0.000000	0.000000	0.000011	-0.000037	0.000120	0.000000	0.000000	0.000000	37.698101	6.849710	17.725300	91.460297	-20.266300	93.861298	-0.000000	-0.000001	-0.000000	0.000000	0.000000	0.000000	-33.773499	-19.742701	35.562599	-103.250000	8.903000	136.598007	0.000001	0.000001	0.000001	0.120737	1.291640	-0.002721	-0.000000	0.000000	-0.000000
0.268080	-1.176840	-17.301399	-2.927660	14.165300	0.717015	4.404390	-17.446199	0.469541	0.000000	-0.000000	-0.000000	-1.555180	12.452400	0.335389	4.258950	-15.953900	0.753746	-0.000000	0.000000	-0.000001	-0.000000	0.000000	-0.000092	0.000000	0.000000	0.000000	36.317799	11.129900	23.439301	88.525101	-22.048500	88.126999	0.000000	0.000000	-0.000000	0.000000	0.000000	0.000000	-32.113499	-15.085900	32.422798	-102.824997	8.825260	134.459000	0.000001	0.000001	-0.000000	-0.134140	1.360860	0.003185	0.000000	-0.000000	-0.000001
0.556605	-0.774489	-16.698000	-2.617630	12.312200	0.558522	3.520990	-15.172300	0.252203	-0.000000	0.000000	0.000001	-1.802170	11.586400	0.362042	4.346330	-15.464400	0.688587	-0.000000	-0.000000	0.000000	0.000011	-0.000037	0.000019	0.000000	0.000000	0.000000	36.103901	10.659600	23.037800	87.370796	-21.138700	85.543900	0.000000	0.000001	-0.000000	0.000000	0.000000	0.000000	-32.510601	-13.552900	30.249300	-102.789001	9.966980	131.779007	-0.000000	-0.000001	-0.000002	-0.022044	1.566070	0.000604	-0.000000	0.000000	0.000002
0.830460	-1.055900	-16.561598	-2.793860	12.232500	0.592420	2.976870	-14.664500	0.062390	-0.000000	-0.000000	-0.000001	-2.234280	11.529000	0.446778	4.433100	-15.324500	0.593304	0.000000	-0.000000	0.000000	0.000011	-0.000037	0.000072	0.000000	0.000000	0.000000	35.071602	8.211130	20.794001	89.058502	-18.683100	88.637199	-0.000000	-0.000001	-0.000000	0.000000	0.000000	0.000000	-31.660900	-13.641700	31.122200	-102.939003	9.065820	133.973999	0.000001	0.000001	0.000001	-0.192996	1.476840	0.004974	-0.000000	0.000000	0.000002
0.777225	-1.057250	-16.448898	-3.149690	12.427300	0.678473	3.467410	-15.008700	0.101403	0.000000	-0.000000	0.000000	-2.471330	11.543800	0.494857	4.584330	-15.208600	0.567680	-0.000000	-0.000000	0.000000	-0.000000	0.000000	0.000021	0.000000	0.000000	0.000000	34.781399	5.250540	17.192600	92.917900	-16.449301	98.022003	-0.000000	-0.000002	-0.000000	0.000000	0.000000	0.000000	-31.707399	-16.127600	33.900002	-103.797997	8.965000	136.707993	0.000000	0.000000	-0.000000	-0.160597	1.569520	0.004398	0.000000	-0.000000	-0.000001
0.343266	-0.823706	-16.569799	-2.284640	11.951000	0.473338	3.202240	-14.429800	0.241018	0.000000	-0.000000	-0.000001	-0.930118	11.114800	0.179325	2.796140	-14.496700	0.471628	-0.000000	-0.000000	-0.000000	-0.000000	0.000000	0.000026	0.000000	0.000000	0.000000	37.576801	0.559536	10.102800	94.265198	-11.529400	102.948997	-0.000000	0.000000	0.000000	0.000000	0.000000	0.000000	-31.054100	-21.439199	39.932598	-104.642998	10.727500	136.688995	0.000000	0.000000	-0.000000	-0.137582	1.545300	0.003711	0.000000	-0.000000	-0.000000
-0.058614	-1.312469	-16.181610	-1.321490	12.698000	0.290573	2.470080	-14.658400	0.298875	0.000000	0.000000	0.000001	-0.290984	12.098300	0.061033	2.808350	-15.644900	0.681016	0.000000	0.000000	-0.000000	-0.000011	0.000037	0.000046	0.000000	0.000000	0.000000	39.737400	-7.560120	-0.236135	97.316299	-7.462810	115.160004	0.000000	-0.000000	-0.000001	0.000000	0.000000	0.000000	-29.673000	-29.107300	47.590000	-105.290001	11.949300	138.149994	-0.000000	-0.000001	0.000001	0.114420	1.445470	-0.002886	0.000000	0.000000	0.000001
-0.092301	-1.956760	-14.902100	-1.542670	13.725000	0.366110	3.072260	-15.230900	0.413500	0.000000	0.000000	-0.000000	-0.383736	13.177000	0.087490	3.129210	-15.719800	0.747097	-0.000000	-0.000000	0.000000	0.000000	-0.000000	-0.000023	0.000000	0.000000	0.000000	38.886398	-17.378599	-12.427200	102.103996	-6.441120	130.365997	-0.000000	0.000000	-0.000000	0.000000	0.000000	0.000000	-28.893299	-34.502102	51.683102	-106.176003	6.588350	151.757004	0.000001	0.000000	0.000000	0.298428	0.981296	-0.005110	0.000000	-0.000000	-0.000001
-0.277400	-1.837820	-14.879504	-1.948050	13.507300	0.455182	3.687300	-15.456600	0.478021	0.000000	-0.000000	0.000001	-1.070110	14.101500	0.260763	4.504280	-17.413500	1.038530	0.000000	-0.000000	0.000000	0.000010	-0.000037	0.000041	0.000000	0.000000	0.000000	36.933601	-26.669201	-24.319599	106.933998	-7.747930	138.526001	-0.000000	-0.000000	-0.000001	0.000000	0.000000	0.000000	-23.153799	-43.996300	62.570599	-105.778000	1.856140	166.108994	0.000000	-0.000000	0.000001	0.247329	0.997004	-0.004301	-0.000000	-0.000000	-0.000000
-0.219700	-1.817616	-15.865708	-1.444550	13.490300	0.337022	2.899340	-15.329300	0.395202	-0.000000	0.000000	-0.000000	-0.473675	13.744700	0.112515	3.538670	-17.219299	0.912128	0.000000	-0.000000	0.000001	0.000021	-0.000075	0.000024	0.000000	0.000000	0.000000	34.832802	-33.252300	-33.007999	111.181000	-15.034300	133.716003	0.000000	-0.000000	-0.000000	0.000000	0.000000	0.000000	-8.907400	-50.546501	81.000504	-104.049004	-4.643480	-171.893005	0.000000	0.000000	0.000000	-0.160249	1.164110	0.003256	-0.000000	-0.000000	-0.000000
-0.341847	-1.289150	-14.339401	-0.921405	14.127000	0.224919	3.119540	-17.596201	0.673228	-0.000000	0.000000	0.000000	0.606887	13.611300	-0.142814	2.319740	-18.066099	0.902994	-0.000000	0.000000	-0.000000	0.000000	-0.000000	-0.000034	0.000000	0.000000	0.000000	28.678801	-39.303101	-45.094700	113.850998	-25.402000	126.621002	-0.000000	-0.000000	-0.000000	0.000000	0.000000	0.000000	8.530800	-52.853802	101.254997	-100.570000	-10.126400	-148.360001	0.000000	-0.000000	0.000000	-0.311297	0.539026	0.002928	-0.000000	-0.000000	0.000001
0.440724	-2.340270	-10.453803	-0.152598	14.884600	0.039241	0.880151	-16.888000	0.212853	-0.000000	0.000000	0.000000	1.135320	15.419100	-0.301848	0.643466	-18.365700	0.547731	-0.000000	-0.000000	0.000000	-0.000007	0.000038	0.000018	0.000000	0.000000	0.000000	9.182080	-47.314098	-75.996696	107.105003	-24.160999	116.954002	0.000001	-0.000001	-0.000001	0.000000	0.000000	0.000000	14.187800	-48.903099	107.939003	-98.158203	-16.706699	-127.371002	0.000001	-0.000002	-0.000001	-0.150333	-0.684212	-0.001796	0.000000	0.000000	-0.000000
0.593545	-2.555040	-11.314400	-3.245820	15.032200	0.842692	3.818750	-16.443199	0.193652	-0.000000	-0.000000	-0.000000	-2.117770	17.118999	0.623651	3.953740	-19.608200	0.647834	0.000000	0.000000	0.000000	0.000000	0.000000	-0.000072	0.000000	0.000000	0.000000	6.858020	-39.007401	-77.378098	114.483002	-35.551899	121.458000	-0.000001	0.000002	0.000001	0.000000	0.000000	0.000000	8.747400	-39.622002	103.214996	-103.325996	-29.593399	-122.051003	0.000000	-0.000001	-0.000001	-0.162643	-1.655470	-0.004699	0.000000	0.000000	-0.000001
0.458081	-2.866175	-10.868813	-3.331520	16.289801	0.935460	4.204740	-17.402000	0.301217	-0.000000	-0.000000	-0.000000	-1.587340	17.997700	0.490576	2.970690	-20.314699	0.507328	0.000000	-0.000000	-0.000000	-0.000000	0.000000	0.000003	0.000000	0.000000	0.000000	2.145240	-35.662201	-85.275497	115.737000	-36.947201	122.931000	0.000001	0.000000	-0.000000	0.000000	0.000000	0.000000	1.248820	-32.013100	93.284798	-111.234001	-40.593498	-125.449997	-0.000001	-0.000000	-0.000000	-0.140570	-2.051110	-0.005032	-0.000000	-0.000000	-0.000000
0.743820	-2.976171	-10.986198	-3.916150	16.499300	1.113800	4.480870	-17.624701	0.219888	0.000000	-0.000000	0.000001	-2.674550	18.393299	0.844481	4.312710	-20.814301	0.630853	0.000000	0.000000	0.000000	0.000000	-0.000001	0.000030	0.000000	0.000000	0.000000	1.595260	-32.322201	-85.959602	119.362999	-37.902901	127.352997	0.000000	0.000000	0.000000	0.000000	0.000000	0.000000	-2.001860	-30.108900	87.948097	-115.623001	-46.756500	-127.573997	0.000001	0.000001	-0.000001	0.040563	-2.018670	0.001427	0.000000	-0.000000	-0.000000
0.908535	-2.878231	-11.473202	-4.959170	16.244101	1.390440	5.365070	-17.805099	0.184792	0.000000	0.000000	0.000000	-3.730400	18.161301	1.164240	5.062400	-20.782101	0.538736	-0.000000	-0.000000	-0.000001	0.000000	-0.000000	-0.000030	0.000000	0.000000	0.000000	2.474700	-30.653700	-83.746300	122.643997	-39.112400	130.634995	0.000000	0.000000	-0.000001	0.000000	0.000000	0.000000	-2.899840	-30.427000	86.531197	-118.124001	-47.601898	-130.085999	-0.000001	0.000001	0.000000	0.259503	-2.117660	0.009588	0.000000	-0.000000	-0.000002
0.993709	-2.673920	-12.562400	-5.142130	15.754300	1.399640	5.539240	-17.012100	0.172840	0.000000	-0.000000	0.000000	-3.312360	16.950500	0.966697	4.079320	-18.919800	0.295405	0.000000	-0.000000	-0.000000	0.000000	0.000000	-0.000079	0.000000	0.000000	0.000000	3.300170	-32.137901	-82.505699	121.954002	-35.932999	131.701004	-0.000000	-0.000000	-0.000000	0.000000	0.000000	0.000000	4.921160	-35.152599	98.844299	-110.473999	-38.184101	-126.035004	0.000000	-0.000000	-0.000000	-0.062394	-1.880790	-0.002047	-0.000000	-0.000000	-0.000000
0.309751	-1.570710	-10.928900	-2.724930	14.129400	0.665667	4.061300	-15.761500	0.385477	0.000000	0.000000	-0.000000	-1.327220	15.750600	0.360339	3.588720	-19.002600	0.752957	-0.000000	-0.000000	-0.000000	0.000000	-0.000000	-0.000048	0.000000	0.000000	0.000000	1.787600	-42.623100	-86.693901	112.981003	-27.588800	125.310997	0.000001	-0.000000	-0.000000	0.000000	0.000000	0.000000	11.977200	-41.935398	106.877998	-105.477997	-25.555901	-128.981003	-0.000000	-0.000000	-0.000000	-0.223332	-1.128230	-0.004398	0.000000	-0.000000	-0.000000
-0.108681	-1.302820	-11.353300	-1.357230	13.328100	0.312941	3.018770	-15.511100	0.454228	-0.000000	-0.000000	0.000001	-0.594589	15.338800	0.157300	4.028990	-19.198299	1.137540	0.000000	-0.000000	-0.000000	0.000000	-0.000000	-0.000018	0.000000	0.000000	0.000000	12.174800	-43.262402	-70.296799	116.202003	-25.859699	130.613007	0.000000	0.000000	-0.000000	0.000000	0.000000	0.000000	8.856530	-48.267700	101.839996	-105.832001	-19.993299	-137.255997	-0.000000	0.000000	-0.000000	-0.165966	-0.369879	-0.001072	0.000000	0.000000	0.000001
0.459653	-1.030760	-12.916600	-2.487290	13.593700	0.584992	3.563840	-17.399099	0.342798	0.000000	-0.000000	0.000000	-1.313900	13.511700	0.307080	3.756310	-17.275200	0.736519	0.000000	-0.000000	0.000000	-0.000009	0.000038	-0.000069	0.000000	0.000000	0.000000	23.002600	-38.618500	-51.746700	118.614998	-19.700300	139.464996	0.000000	0.000001	0.000000	0.000000	0.000000	0.000000	-8.373270	-50.732399	81.258698	-108.885002	-16.027500	-149.973007	0.000000	0.000000	-0.000001	0.111260	0.636853	-0.001236	-0.000000	-0.000000	-0.000000
0.036556	-1.473630	-14.436609	-2.782020	13.459100	0.648048	3.994660	-15.718400	0.349280	-0.000000	0.000000	0.000000	-1.775140	14.108400	0.432881	4.645140	-17.972900	0.902817	0.000000	0.000000	0.000000	-0.000000	0.000000	0.000053	0.000000	0.000000	0.000000	34.429501	-29.748800	-29.841400	115.630997	-14.977600	140.526001	-0.000000	-0.000001	-0.000001	0.000000	0.000000	0.000000	-21.686001	-45.325199	64.634903	-111.539001	-6.474710	-172.869995	0.000001	-0.000000	-0.000000	0.229741	0.856197	-0.003432	-0.000000	0.000000	-0.000000
0.091215	-1.097551	-15.029500	-1.814900	13.682700	0.429451	2.886770	-16.222300	0.313860	-0.000000	0.000000	0.000000	-0.756933	13.120000	0.171836	3.356270	-16.503599	0.744484	-0.000000	-0.000000	-0.000001	-0.000000	-0.000000	0.000007	0.000000	0.000000	0.000000	40.495899	-18.459900	-12.784200	105.950996	-11.813800	129.401001	-0.000000	-0.000001	0.000000	0.000000	0.000000	0.000000	-31.413200	-37.427101	50.407501	-110.664001	3.830920	162.248993	-0.000000	-0.000000	-0.000000	0.422582	1.064570	-0.007847	0.000000	-0.000000	0.000000
0.718410	-0.540530	-16.091803	-3.172620	12.320200	0.677586	4.120000	-15.091400	0.265717	0.000000	0.000000	0.000000	-1.858840	11.969400	0.385598	4.135550	-16.101101	0.642933	0.000000	-0.000001	-0.000001	0.000000	-0.000000	-0.000108	0.000000	0.000000	0.000000	40.678699	-7.062730	0.483501	96.777100	-9.524520	110.792000	0.000001	-0.000001	-0.000002	0.000000	0.000000	0.000000	-34.791901	-28.945999	41.887901	-108.724998	11.063900	144.061996	0.000001	-0.000001	0.000000	0.492657	1.547140	-0.013300	0.000000	-0.000000	-0.000002
0.366863	-0.381521	-16.862707	-2.394730	11.837800	0.491575	3.234370	-13.701000	0.210953	0.000000	0.000000	-0.000000	-1.274920	11.289000	0.249660	3.670220	-14.555600	0.608517	0.000000	-0.000000	-0.000000	-0.000011	0.000037	-0.000020	0.000000	0.000000	0.000000	38.640099	3.488930	13.380300	91.079498	-14.475700	92.960197	-0.000000	0.000001	0.000000	0.000000	0.000000	0.000000	-34.101200	-20.538900	35.974400	-106.914001	13.663600	135.220993	0.000001	-0.000000	0.000000	0.425886	1.208620	-0.008983	0.000000	-0.000000	-0.000002
0.298094	0.523887	-16.341000	-1.846770	11.987400	0.383664	3.257150	-15.555500	0.389092	-0.000000	0.000000	-0.000000	-0.902722	11.445900	0.179123	4.115520	-16.951500	0.942864	-0.000000	0.000000	0.000000	0.000011	-0.000037	0.000066	0.000000	0.000000	0.000000	37.604900	7.328560	18.344500	86.537300	-15.324800	81.449303	-0.000000	0.000001	-0.000000	0.000000	0.000000	0.000000	-35.444801	-14.368700	28.604099	-104.824997	12.905100	130.966995	-0.000001	0.000001	0.000001	0.472232	1.316460	-0.010847	0.000000	0.000000	-0.000001
0.581528	0.953941	-16.753099	-2.616630	11.066300	0.502595	4.336550	-15.345500	0.468169	0.000000	-0.000000	-0.000000	-1.218770	10.246200	0.216829	4.115350	-15.884700	0.798749	-0.000000	-0.000000	-0.000000	0.000000	-0.000000	0.000098	0.000000	0.000000	0.000000	36.444599	10.027000	22.120501	86.946098	-18.271500	84.118401	0.000000	-0.000001	-0.000000	0.000000	0.000000	0.000000	-35.052601	-13.865900	28.397499	-104.538002	13.014800	130.031998	-0.000000	-0.000000	-0.000001	0.405856	1.546520	-0.010952	0.000000	0.000000	0.000000
0.366088	0.389550	-16.873102	-2.565040	11.731000	0.521902	4.183350	-15.533200	0.447846	0.000000	-0.000000	-0.000001	-1.092080	10.942200	0.207370	3.866680	-16.383200	0.788769	-0.000000	0.000000	0.000001	-0.000000	-0.000000	0.000072	0.000000	0.000000	0.000000	38.062302	8.298900	19.219299	86.619698	-15.399800	81.873398	0.000000	-0.000000	-0.000000	0.000000	0.000000	0.000000	-33.786201	-14.715000	30.412300	-106.893997	11.911800	136.292007	0.000001	0.000000	-0.000000	0.204713	1.356960	-0.004847	0.000000	0.000000	-0.000000
0.408518	0.982389	-16.356100	-2.011900	11.309800	0.394763	3.519640	-15.730800	0.419457	0.000000	-0.000000	-0.000001	-0.856254	10.319200	0.153442	3.865400	-16.044600	0.836222	-0.000000	0.000000	-0.000000	-0.000002	0.000040	-0.000077	0.000000	0.000000	0.000000	41.295300	3.907490	13.005400	87.900200	-9.206450	82.334000	0.000000	0.000002	0.000000	0.000000	0.000000	0.000000	-33.510899	-18.155899	34.222301	-108.495003	13.361500	137.580002	-0.000000	0.000001	0.000001	0.234187	1.529270	-0.006249	0.000000	-0.000000	-0.000000
-0.035026	-0.167401	-15.694905	-2.016020	13.461800	0.469547	3.781880	-17.071301	0.534814	-0.000000	0.000000	0.000002	-0.490973	12.415200	0.105603	3.366250	-16.855101	0.837665	-0.000000	0.000000	0.000001	-0.000010	0.000037	0.000025	0.000000	0.000000	0.000000	41.424900	-2.043210	6.330940	93.400803	-5.705950	104.320000	-0.000000	0.000000	0.000000	0.000000	0.000000	0.000000	-33.869999	-23.749500	38.885201	-108.439003	13.490400	138.826996	-0.000000	-0.000000	0.000001	0.394508	1.127160	-0.007761	-0.000000	-0.000000	0.000000
-0.634585	-1.260800	-14.749500	-1.234840	14.521500	0.309684	3.222080	-16.438200	0.573723	0.000000	0.000000	0.000000	0.280437	14.330800	-0.069403	2.764300	-17.714199	0.924536	-0.000000	0.000000	-0.000000	-0.000000	-0.000000	0.000034	0.000000	0.000000	0.000000	42.595402	-10.559400	-3.166240	97.511398	-1.833860	129.591995	-0.000001	0.000000	0.000000	0.000000	0.000000	0.000000	-32.831799	-29.163700	43.954800	-108.858002	11.754200	143.738007	-0.000001	-0.000001	0.000001	0.510659	0.678321	-0.006045	0.000000	-0.000000	0.000001
-0.751608	-0.922561	-14.546600	-1.056450	15.338000	0.279487	3.719410	-18.740700	0.868223	0.000000	0.000000	-0.000000	0.551476	14.650700	-0.139474	2.967200	-18.802401	1.129550	-0.000000	0.000000	-0.000000	0.000000	-0.000000	-0.000013	0.000000	0.000000	0.000000	43.484798	-17.358299	-10.062500	102.386002	-3.481200	139.580002	0.000001	-0.000000	0.000000	0.000000	0.000000	0.000000	-31.017599	-35.441601	49.751301	-108.516998	7.169860	153.244003	0.000000	0.000000	-0.000001	0.508567	0.776099	-0.006886	-0.000000	-0.000000	-0.000000
-0.741011	-1.071030	-15.078403	-1.138900	14.858200	0.292100	3.665520	-18.161900	0.799891	0.000000	-0.000000	-0.000001	-0.054939	14.779100	0.014032	3.930060	-18.751101	1.247960	0.000000	0.000000	0.000000	-0.000000	-0.000000	-0.000011	0.000000	0.000000	0.000000	41.234200	-23.568399	-17.770500	107.800003	-8.787980	138.156998	0.000000	0.000000	0.000000	0.000000	0.000000	0.000000	-22.716600	-44.344601	63.205601	-108.751999	5.015170	160.953003	0.000000	0.000000	0.000000	0.347769	0.846498	-0.005138	0.000000	-0.000000	-0.000002
-1.321770	-1.664700	-16.063101	-0.477813	15.844000	0.130509	3.417300	-17.996599	0.914512	-0.000000	0.000000	0.000001	0.547073	15.141900	-0.142854	3.859320	-17.915501	1.352000	0.000000	0.000000	0.000001	-0.000000	0.000000	0.000068	0.000000	0.000000	0.000000	35.549900	-25.041500	-23.930500	117.531998	-19.712299	137.259003	-0.000000	-0.000001	-0.000000	0.000000	0.000000	0.000000	-10.148600	-47.919701	79.236000	-108.286003	-0.397951	175.748993	0.000001	-0.000000	0.000000	-0.022289	0.812928	0.000319	-0.000000	-0.000000	-0.000000
-1.334171	-1.972945	-16.334204	-0.084756	16.624599	0.024230	2.888640	-17.907801	0.863851	-0.000000	0.000000	0.000000	0.852202	16.008900	-0.235059	3.598080	-18.270000	1.387240	-0.000000	0.000000	-0.000000	0.000011	-0.000037	0.000068	0.000000	0.000000	0.000000	30.090300	-27.806999	-32.633801	124.445000	-27.058300	138.660995	0.000000	-0.000000	-0.000001	0.000000	0.000000	0.000000	0.965362	-48.198399	92.905998	-106.890999	-6.156570	-167.507996	-0.000000	0.000001	-0.000000	-0.428931	0.392635	0.002939	-0.000000	0.000000	0.000000
-1.411740	-2.081670	-16.487200	0.048778	16.350201	-0.013711	2.583360	-16.950701	0.767297	-0.000000	0.000000	-0.000000	1.434180	16.027100	-0.396025	2.306060	-18.067200	1.144090	-0.000000	0.000000	0.000000	0.000000	0.000000	0.000012	0.000000	0.000000	0.000000	23.863001	-32.555901	-45.830002	124.477997	-28.281799	138.145996	0.000000	0.000001	0.000001	0.000000	0.000000	0.000000	7.948100	-46.322300	101.714996	-106.646004	-10.932400	-154.889008	-0.000001	-0.000001	0.000002	-0.256068	-0.213476	-0.000954	-0.000000	-0.000000	0.000000
-1.445170	-1.623440	-15.123101	1.112250	16.090500	-0.308285	1.455810	-17.315100	0.751781	0.000000	-0.000000	-0.000000	2.058750	15.479100	-0.549658	2.186010	-18.149500	1.301020	-0.000000	-0.000000	-0.000001	0.000000	-0.000000	0.000035	0.000000	0.000000	0.000000	18.199200	-35.743301	-57.019798	119.613998	-28.505600	132.701004	-0.000000	-0.000000	-0.000000	0.000000	0.000000	0.000000	10.449400	-45.348801	104.797997	-102.913002	-12.339300	-145.759003	0.000001	-0.000001	-0.000001	-0.009407	-0.205352	-0.000033	0.000000	0.000000	-0.000002
