1.047590	-0.180174	-18.515505	-4.635200	12.536500	1.008180	8.337760	-17.799700	1.167250	-0.000000	0.000001	0.000001	-3.272880	9.262850	0.527335	7.184530	-11.895000	0.816311	0.000000	-0.000000	-0.000000	-0.000000	0.000000	-0.000054	0.000000	0.000000	0.000000	35.484001	12.461700	25.560499	79.923500	-20.184799	69.151299	0.000000	0.000000	0.000000	0.000000	0.000000	0.000000	-35.191799	-14.536300	29.124901	-96.893700	16.839100	109.128998	0.000000	-0.000000	0.000000	0.360227	1.563800	-0.009830	0.000000	0.000000	-0.000000
0.959535	-0.240968	-17.824390	-4.199810	11.597100	0.845734	7.413650	-16.049000	0.913170	0.000000	-0.000000	0.000001	-3.512060	9.936620	0.606773	7.557730	-12.804000	0.909756	-0.000000	0.000000	0.000001	-0.000000	-0.000000	-0.000052	0.000000	0.000000	0.000000	34.975101	10.565200	23.727400	83.308899	-20.444901	76.228798	-0.000000	-0.000002	-0.000001	0.000000	0.000000	0.000000	-35.741798	-16.112801	30.266399	-98.612900	16.442499	113.942001	-0.000000	-0.000001	-0.000000	0.596798	1.567020	-0.016320	0.000000	-0.000000	-0.000002
1.249670	-0.118450	-17.379005	-4.651540	11.532700	0.931975	7.861010	-16.104700	0.917337	0.000000	0.000000	-0.000000	-3.473950	9.890820	0.597474	6.906720	-13.153000	0.793826	-0.000000	-0.000000	0.000000	0.000000	-0.000000	0.000056	0.000000	0.000000	0.000000	36.526798	5.883230	17.170799	87.611702	-14.481900	83.615097	0.000000	-0.000000	-0.000000	0.000000	0.000000	0.000000	-36.766899	-19.282700	32.397099	-101.095001	15.143900	121.585999	-0.000000	-0.000000	-0.000000	0.640940	1.481320	-0.016566	0.000000	-0.000000	-0.000002
1.042410	0.536126	-17.819502	-3.824420	9.983170	0.663992	7.294880	-14.679000	0.895183	0.000000	0.000000	-0.000000	-2.471440	8.616910	0.370552	6.044950	-12.361100	0.771937	-0.000000	-0.000000	-0.000001	-0.000012	0.000037	0.000063	0.000000	0.000000	0.000000	40.048801	0.915161	9.994210	92.533897	-9.113990	98.794998	0.000000	0.000000	0.000000	0.000000	0.000000	0.000000	-36.438900	-25.675200	38.051102	-103.119003	16.497499	125.496002	0.000000	-0.000000	-0.000000	0.568952	1.377000	-0.013671	-0.000000	0.000000	0.000000
0.855532	-0.070582	-17.625500	-3.787550	10.955100	0.720796	7.780090	-15.662700	1.098250	0.000000	-0.000000	0.000000	-1.449560	8.404870	0.211927	4.220230	-10.781200	0.521586	0.000000	0.000000	0.000000	-0.000000	0.000000	0.000029	0.000000	0.000000	0.000000	42.376801	-6.179760	1.643510	97.400002	-5.771920	119.310997	-0.000000	-0.000000	-0.000001	0.000000	0.000000	0.000000	-33.600201	-32.244099	45.421799	-104.889000	14.988900	132.641998	0.000000	0.000000	0.000000	0.358906	0.889303	-0.005570	-0.000000	0.000000	-0.000000
0.366590	-0.208069	-17.695210	-2.673710	10.651800	0.494588	7.009430	-14.634200	1.109090	0.000000	0.000000	-0.000001	-0.746029	8.276910	0.107439	4.329660	-9.805730	0.612428	0.000000	-0.000000	-0.000001	-0.000012	0.000037	-0.000000	0.000000	0.000000	0.000000	43.857800	-14.302200	-6.884880	102.823997	-3.437380	141.138000	-0.000000	-0.000000	0.000000	0.000000	0.000000	0.000000	-30.133600	-38.959999	52.849201	-105.807999	11.050000	142.416000	-0.000000	0.000000	0.000000	0.498263	0.850820	-0.007398	0.000000	0.000000	0.000000
0.562924	-0.638125	-17.873100	-3.368740	12.925300	0.754345	7.619710	-18.022400	1.343960	0.000000	-0.000000	-0.000001	-1.189520	9.270780	0.191657	4.287300	-10.742100	0.580837	-0.000000	-0.000000	-0.000000	-0.000012	0.000037	-0.000053	0.000000	0.000000	0.000000	42.008301	-24.340099	-18.197901	107.691002	-2.373830	154.182007	0.000000	0.000000	0.000000	0.000000	0.000000	0.000000	-25.622299	-47.557598	61.222801	-105.300003	5.143790	156.686005	-0.000001	0.000000	0.000000	0.506995	0.763913	-0.006761	-0.000000	0.000000	0.000001
0.517150	-0.839840	-18.056702	-4.340610	13.874800	1.042760	9.182620	-19.307600	1.646590	0.000000	-0.000000	0.000000	-1.585470	9.903850	0.272759	4.697340	-11.269200	0.613328	-0.000000	0.000000	0.000001	-0.000012	0.000037	-0.000123	0.000000	0.000000	0.000000	37.502102	-31.800699	-29.203501	112.774002	-7.952190	148.628006	-0.000000	-0.000000	0.000001	0.000000	0.000000	0.000000	-14.904700	-55.833599	75.009300	-102.824997	-1.698970	177.751999	0.000001	-0.000000	0.000001	0.248272	0.890534	-0.003859	-0.000000	-0.000000	0.000001
0.440699	-1.153690	-18.233999	-4.538170	14.450500	1.134700	9.438060	-19.738400	1.707310	-0.000000	0.000000	-0.000001	-1.971060	10.858300	0.371454	5.159500	-12.858900	0.718164	-0.000000	0.000000	0.000001	-0.000000	0.000000	-0.000090	0.000000	0.000000	0.000000	30.006001	-37.893501	-42.841499	116.528000	-16.007500	141.266006	0.000000	0.000000	-0.000001	0.000000	0.000000	0.000000	3.549920	-58.409401	95.644096	-100.714996	-9.986240	-151.317993	0.000000	0.000001	-0.000001	-0.114512	0.649659	0.001296	-0.000000	-0.000000	-0.000001
0.085577	-2.036581	-17.772800	-3.851520	16.335400	1.084780	8.496980	-20.933901	1.718920	-0.000000	-0.000000	-0.000000	-1.387850	12.513800	0.300771	4.499770	-13.511700	0.735489	-0.000000	0.000000	-0.000001	0.000009	0.000003	-0.000019	0.000000	0.000000	0.000000	18.370001	-42.372299	-61.608200	114.411003	-22.606600	131.223999	0.000000	0.000000	0.000000	0.000000	0.000000	0.000000	17.294201	-55.922699	110.968002	-96.598396	-17.391001	-124.679001	-0.000001	-0.000001	0.000001	-0.030420	-0.560762	-0.000298	-0.000000	0.000000	0.000001
-0.232324	-2.362540	-19.944799	-4.093240	17.311199	1.219840	8.930350	-20.827400	1.789890	-0.000000	0.000000	0.000000	-1.889520	13.695200	0.447474	5.665950	-14.187300	0.940062	0.000000	0.000000	-0.000000	0.000000	-0.000000	-0.000025	0.000000	0.000000	0.000000	12.326000	-36.662399	-68.292999	116.928001	-32.131100	127.280998	0.000000	-0.000001	-0.000000	0.000000	0.000000	0.000000	20.834801	-49.238400	116.628998	-94.921997	-26.111799	-110.970001	-0.000000	0.000000	-0.000000	0.233136	-1.712430	0.006968	0.000000	-0.000000	-0.000000
-0.616029	-2.099761	-19.526993	-3.113940	17.848301	0.955227	8.312730	-21.517900	1.966840	-0.000000	0.000000	-0.000000	-0.959910	13.998000	0.232170	5.157500	-15.249500	1.113430	0.000000	-0.000000	-0.000001	-0.000000	-0.000000	-0.000064	0.000000	0.000000	0.000000	12.572200	-27.998100	-61.040100	128.139008	-44.312302	133.419998	0.000001	-0.000001	0.000001	0.000000	0.000000	0.000000	10.169200	-40.666401	106.067001	-102.456001	-36.072899	-116.919998	0.000001	0.000000	-0.000002	0.245602	-1.865260	0.007993	0.000000	-0.000000	0.000002
-0.870973	-2.173870	-17.133602	-1.622560	18.232700	0.507783	6.859170	-22.229601	2.016900	-0.000000	0.000000	0.000001	-0.123910	14.470700	0.030961	4.702770	-15.343000	1.215010	-0.000000	-0.000000	0.000001	-0.000000	-0.000000	0.000000	0.000000	0.000000	0.000000	10.800700	-26.905100	-63.252102	129.761002	-46.320900	134.283997	-0.000000	0.000000	0.000000	0.000000	0.000000	0.000000	5.326100	-35.496300	100.163002	-108.175003	-38.000999	-123.361000	0.000001	0.000000	0.000000	0.100014	-1.846760	0.003224	0.000000	-0.000000	-0.000002
-0.724665	-2.342610	-16.936010	-1.749840	17.702900	0.532245	6.860440	-21.082399	1.872610	-0.000000	0.000000	0.000001	-0.074873	15.620700	0.020161	4.511480	-16.359400	1.252710	0.000000	0.000000	-0.000000	0.000000	-0.000000	-0.000025	0.000000	0.000000	0.000000	5.673310	-35.022598	-79.408997	114.792000	-33.040298	124.356003	-0.000000	0.000001	-0.000000	0.000000	0.000000	0.000000	10.939500	-40.066799	106.872002	-102.101997	-31.806200	-118.824997	-0.000001	0.000000	0.000001	0.196141	-1.779620	0.006092	0.000000	0.000000	-0.000002
-0.616181	-1.948741	-18.037209	-2.393130	15.565300	0.642474	7.680900	-17.917200	1.658160	-0.000000	-0.000000	0.000000	-0.719986	14.248700	0.177183	5.436410	-15.314200	1.254170	0.000000	-0.000000	-0.000001	0.000000	0.000000	-0.000071	0.000000	0.000000	0.000000	6.687520	-40.897400	-79.436203	111.811996	-25.893101	125.288002	-0.000001	-0.000001	0.000000	0.000000	0.000000	0.000000	17.975800	-48.814701	113.290001	-98.588501	-25.799000	-118.264999	0.000000	-0.000000	0.000000	0.202301	-1.476610	0.005214	-0.000000	-0.000000	0.000002
-0.440133	-2.071331	-18.194008	-2.214090	15.632300	0.596855	6.518830	-18.108500	1.365860	-0.000000	0.000000	-0.000001	-0.695084	13.655500	0.164069	4.718540	-14.767000	1.032140	0.000000	0.000000	-0.000000	0.000012	-0.000037	0.000011	0.000000	0.000000	0.000000	15.308600	-41.866600	-65.959297	113.275002	-25.006701	127.359001	-0.000000	-0.000000	-0.000000	0.000000	0.000000	0.000000	16.036900	-54.738998	109.862000	-99.882896	-22.060200	-125.436996	0.000000	0.000000	-0.000000	0.372091	-1.116270	0.007248	-0.000000	0.000000	-0.000000
-0.004136	-1.178740	-19.080404	-2.734740	14.133100	0.668266	7.153480	-17.715900	1.372390	-0.000000	0.000000	0.000001	-1.613170	11.650300	0.325877	6.009930	-13.468300	1.033740	-0.000000	0.000000	0.000001	0.000000	-0.000000	0.000024	0.000000	0.000000	0.000000	29.166500	-37.416401	-43.603401	117.795998	-23.170700	134.559998	-0.000001	-0.000000	0.000000	0.000000	0.000000	0.000000	3.481270	-59.423000	95.627998	-100.234001	-17.144501	-134.703003	0.000000	-0.000000	0.000001	0.024921	0.116061	-0.000050	-0.000000	0.000000	0.000001
0.063738	-1.012370	-19.554296	-3.038960	13.759700	0.723422	7.527940	-17.527599	1.380880	-0.000000	0.000000	-0.000001	-1.665410	11.351400	0.327849	5.954110	-13.895500	1.039610	0.000000	0.000000	0.000001	0.000013	-0.000037	-0.000007	0.000000	0.000000	0.000000	38.334801	-28.599800	-25.548201	117.403000	-19.205000	137.677002	0.000000	0.000001	0.000000	0.000000	0.000000	0.000000	-14.322100	-58.780701	76.179100	-101.380997	-11.645900	-150.669998	-0.000001	0.000000	0.000002	0.327671	0.592701	-0.003391	0.000000	0.000000	-0.000001
0.259434	-0.363947	-19.361998	-3.213930	12.747100	0.709860	7.787790	-17.150400	1.374880	0.000000	-0.000000	0.000000	-1.798790	10.532100	0.328903	6.231470	-13.912000	1.075090	0.000000	0.000000	0.000001	0.000000	0.000000	0.000008	0.000000	0.000000	0.000000	44.124401	-18.985201	-11.686000	111.741997	-16.556900	132.996994	-0.000000	0.000000	-0.000000	0.000000	0.000000	0.000000	-30.578800	-51.772800	57.249699	-103.617996	-6.031390	-172.281006	0.000000	-0.000000	0.000001	0.727822	0.885271	-0.011246	-0.000000	0.000000	-0.000000
0.180116	-0.545184	-19.109798	-3.436870	12.750300	0.759402	8.042560	-17.191299	1.389180	-0.000000	0.000000	0.000000	-1.736430	9.974060	0.300852	5.968220	-12.518200	0.924547	0.000000	0.000000	0.000000	-0.000000	-0.000000	0.000002	0.000000	0.000000	0.000000	47.022999	-9.049740	-0.841311	103.767998	-17.025600	119.443001	0.000000	0.000001	0.000000	0.000000	0.000000	0.000000	-38.113499	-40.462399	45.276100	-105.535004	-2.854720	174.723007	-0.000000	0.000000	-0.000000	0.535682	0.764831	-0.007151	0.000000	0.000000	-0.000000
0.458145	-0.098651	-19.524200	-3.978040	13.146200	0.906099	8.836730	-18.608299	1.587270	-0.000000	0.000000	0.000001	-1.774130	9.366730	0.288800	5.600300	-12.016000	0.802627	-0.000000	-0.000000	-0.000000	0.000013	-0.000037	-0.000048	0.000000	0.000000	0.000000	46.194099	0.495551	8.374270	96.403000	-16.383400	105.414001	0.000000	-0.000001	0.000000	0.000000	0.000000	0.000000	-40.287399	-30.991301	38.163399	-105.242996	0.130904	163.121994	0.000001	-0.000001	0.000001	0.333819	0.968982	-0.005648	0.000000	-0.000000	-0.000001
0.646517	0.438397	-19.701199	-3.780430	12.251500	0.803297	8.392260	-17.556700	1.420050	-0.000000	-0.000000	-0.000001	-1.619200	8.743630	0.246167	5.229980	-11.731500	0.738937	-0.000000	-0.000000	0.000000	-0.000000	0.000000	-0.000118	0.000000	0.000000	0.000000	44.607601	7.890300	15.852100	88.470802	-16.592100	86.714302	-0.000000	0.000000	0.000000	0.000000	0.000000	0.000000	-39.761002	-23.078699	33.165298	-103.176003	2.256900	151.964996	0.000001	0.000001	0.000000	0.227878	1.540930	-0.006131	-0.000000	0.000000	-0.000001
0.969335	1.573640	-18.956900	-3.709250	11.063400	0.712714	8.557720	-18.320200	1.549120	0.000000	-0.000000	-0.000000	-1.717930	7.151260	0.213892	5.666050	-11.451500	0.787707	-0.000000	0.000000	0.000001	0.000013	-0.000037	-0.000000	0.000000	0.000000	0.000000	41.158401	11.555800	21.018801	85.814201	-18.180000	81.534302	-0.000000	-0.000000	-0.000000	0.000000	0.000000	0.000000	-37.987900	-15.300000	27.701700	-103.991997	1.037190	154.966003	-0.000001	0.000000	0.000000	0.242535	1.878430	-0.007951	0.000000	0.000000	-0.000001
0.912787	1.338190	-18.874300	-3.667900	10.379700	0.661686	8.647660	-17.222099	1.495700	0.000000	-0.000000	-0.000000	-1.820330	7.272010	0.230459	5.997950	-11.484700	0.836135	0.000000	0.000000	0.000001	0.000012	-0.000037	0.000024	0.000000	0.000000	0.000000	39.786900	13.691400	23.914000	85.315201	-21.239599	81.748199	-0.000000	0.000001	0.000000	0.000000	0.000000	0.000000	-36.141102	-13.875500	27.661400	-104.311996	2.206510	151.744003	-0.000000	-0.000001	0.000002	0.167007	1.851290	-0.005396	-0.000000	0.000000	0.000001
0.951268	1.202351	-18.606398	-3.697380	10.430900	0.670275	8.592920	-16.680799	1.426040	0.000000	0.000000	0.000001	-1.922950	7.679880	0.257037	6.036380	-12.126300	0.869162	-0.000000	0.000000	0.000001	-0.000000	0.000000	-0.000046	0.000000	0.000000	0.000000	39.330399	12.314800	22.836901	87.385498	-21.410601	86.081802	-0.000000	0.000002	0.000000	0.000000	0.000000	0.000000	-36.471100	-15.634200	29.219801	-104.009003	4.749530	144.891006	-0.000001	-0.000001	-0.000001	0.255492	1.996570	-0.008902	0.000000	-0.000000	-0.000001
1.121020	2.087409	-17.908100	-3.730240	9.802200	0.635971	8.802890	-18.020100	1.589940	-0.000000	0.000000	-0.000001	-1.927420	6.079430	0.204240	6.450810	-10.583400	0.834479	0.000000	0.000000	0.000001	0.000000	-0.000000	0.000127	0.000000	0.000000	0.000000	42.005299	7.566020	16.625500	89.364601	-15.741900	89.624397	-0.000000	0.000001	-0.000000	0.000000	0.000000	0.000000	-39.230801	-19.846800	30.836800	-103.823997	7.728530	138.705002	0.000000	0.000000	-0.000001	0.359005	2.460600	-0.015413	-0.000000	-0.000000	0.000000
0.958610	2.038660	-17.793303	-3.439400	9.520690	0.569521	8.760370	-17.622801	1.629600	-0.000000	0.000000	-0.000000	-1.800550	6.284650	0.197132	6.578140	-11.279500	0.938687	0.000000	-0.000000	-0.000001	0.000012	-0.000037	0.000023	0.000000	0.000000	0.000000	44.838299	1.938530	10.086700	92.275002	-11.231700	97.530899	0.000001	0.000001	0.000000	0.000000	0.000000	0.000000	-39.604099	-25.209101	34.762402	-104.485001	7.404440	142.179993	-0.000000	-0.000000	0.000000	0.354353	2.053980	-0.012696	-0.000000	-0.000000	-0.000001
1.131800	1.398220	-17.874599	-3.553730	10.043500	0.620527	8.104770	-17.158100	1.361360	-0.000000	0.000000	0.000001	-1.979460	7.149500	0.246457	6.185120	-11.509200	0.843671	-0.000000	0.000000	0.000001	0.000000	-0.000000	-0.000101	0.000000	0.000000	0.000000	45.319302	-6.009030	2.051690	98.997704	-7.500190	121.748001	-0.000000	0.000000	-0.000001	0.000000	0.000000	0.000000	-38.232399	-31.881800	40.506699	-105.501999	5.632650	149.856003	-0.000000	-0.000001	0.000001	0.253166	1.566770	-0.006922	-0.000000	-0.000000	-0.000000
1.163600	1.724220	-17.323696	-3.305440	9.352100	0.537758	7.576470	-16.554501	1.231610	0.000000	-0.000000	-0.000000	-2.281750	7.255140	0.288348	6.838700	-12.330400	0.979020	0.000000	0.000000	-0.000000	-0.000000	-0.000000	0.000068	0.000000	0.000000	0.000000	44.469200	-14.193100	-6.483670	106.848999	-7.942600	138.899002	0.000000	0.000000	0.000000	0.000000	0.000000	0.000000	-35.661900	-38.318501	46.564499	-107.970001	2.975600	160.960999	0.000000	0.000000	0.000001	0.548641	1.707220	-0.016348	-0.000000	-0.000000	0.000002
1.382970	0.761939	-17.250006	-4.243480	10.838700	0.799379	7.987570	-17.535700	1.152490	0.000000	-0.000000	0.000001	-2.864260	8.296300	0.413628	6.667000	-12.766700	0.848168	-0.000000	0.000000	-0.000000	0.000000	-0.000000	0.000027	0.000000	0.000000	0.000000	40.755299	-24.030100	-18.689501	111.962997	-9.112360	144.656998	-0.000000	-0.000001	0.000000	0.000000	0.000000	0.000000	-32.467400	-46.312099	53.282101	-106.249001	-3.137480	178.080002	0.000000	-0.000000	0.000000	0.649196	1.313930	-0.014887	-0.000000	0.000000	-0.000000
1.623130	0.103664	-17.128901	-5.097720	10.646600	0.944217	8.492570	-16.090799	0.966403	0.000000	0.000000	0.000000	-3.786720	9.243840	0.609149	7.083330	-13.487900	0.781229	0.000000	-0.000000	-0.000000	-0.000000	0.000000	-0.000002	0.000000	0.000000	0.000000	33.208000	-29.310801	-30.905399	118.936996	-16.512899	142.977997	-0.000000	0.000000	0.000001	0.000000	0.000000	0.000000	-19.321501	-53.105202	69.537903	-103.917999	-8.011710	-164.072006	-0.000001	0.000000	0.000001	0.449803	1.309130	-0.010275	0.000000	0.000000	-0.000004
1.280340	-0.897255	-18.557699	-5.273530	12.529000	1.147060	8.751410	-16.736700	1.039060	-0.000000	0.000000	-0.000001	-4.019040	10.800100	0.754257	7.706170	-14.136500	0.919174	0.000000	-0.000000	0.000000	-0.000000	0.000000	-0.000076	0.000000	0.000000	0.000000	24.990801	-31.106501	-42.966900	121.011002	-24.573200	137.442993	0.000000	-0.000000	0.000000	0.000000	0.000000	0.000000	0.314629	-55.746101	92.151604	-100.417000	-14.959200	-138.960999	0.000000	0.000000	-0.000000	0.418346	0.671678	-0.004906	-0.000000	-0.000000	0.000001
0.536732	-1.450320	-18.491600	-4.696200	14.090900	1.145750	8.984650	-17.549400	1.338210	0.000000	0.000000	0.000000	-2.690150	11.659300	0.544041	6.197440	-13.242400	0.817135	-0.000000	0.000000	0.000001	-0.000000	-0.000000	-0.000022	0.000000	0.000000	0.000000	16.161301	-37.053001	-61.783001	115.246002	-25.666599	129.789001	0.000000	-0.000002	0.000000	0.000000	0.000000	0.000000	18.037500	-54.656700	112.095001	-94.360199	-18.364901	-117.475998	0.000000	-0.000000	0.000000	0.257450	-0.123022	0.000553	0.000000	-0.000000	-0.000000
0.403167	-1.490990	-19.462805	-4.135220	15.320900	1.094400	8.192940	-18.929600	1.366300	-0.000000	-0.000000	0.000000	-2.794230	12.807000	0.619863	6.862400	-14.862500	1.063060	-0.000000	0.000000	0.000000	0.000013	-0.000037	0.000095	0.000000	0.000000	0.000000	8.858220	-38.849998	-75.302200	112.920998	-28.744699	124.564003	-0.000000	0.000000	0.000000	0.000000	0.000000	0.000000	21.681900	-49.895302	117.329002	-92.055298	-28.140800	-103.952003	0.000000	-0.000001	-0.000000	0.149904	-1.113920	0.002914	-0.000000	0.000000	0.000002
0.940508	-2.298420	-14.564900	-4.340410	16.002701	1.198690	7.592830	-18.350500	1.078160	0.000000	-0.000000	-0.000000	-3.195900	15.455500	0.852495	6.577590	-17.190201	1.034800	-0.000000	-0.000000	-0.000001	0.000000	-0.000000	0.000056	0.000000	0.000000	0.000000	1.740180	-38.386200	-87.059402	110.994003	-32.472401	119.169998	0.000000	-0.000000	-0.000000	0.000000	0.000000	0.000000	4.214680	-38.608299	97.613297	-103.677002	-39.784801	-116.488998	-0.000000	-0.000000	0.000000	0.419487	-1.300640	0.009522	-0.000000	-0.000000	-0.000002
1.336240	-2.148231	-13.454300	-5.528240	15.317900	1.464650	8.368620	-18.057100	0.942275	-0.000000	0.000000	-0.000000	-4.071240	15.446600	1.086030	6.565900	-16.840401	0.765890	0.000000	0.000000	-0.000000	0.000000	-0.000000	0.000014	0.000000	0.000000	0.000000	-0.307114	-37.944401	-90.612396	111.077003	-33.687199	118.692001	0.000000	0.000001	0.000000	0.000000	0.000000	0.000000	0.340514	-34.499001	92.124802	-109.727997	-42.663700	-122.750999	-0.000000	-0.000000	0.000000	0.169094	-1.836200	0.005418	0.000000	-0.000000	0.000000
1.514500	-2.073150	-13.330100	-5.609470	15.415100	1.495500	8.046360	-18.758600	0.849293	-0.000000	0.000000	0.000000	-4.666660	15.139800	1.221330	7.682120	-16.707399	0.914424	-0.000000	0.000000	-0.000000	0.000000	-0.000000	-0.000022	0.000000	0.000000	0.000000	-2.192150	-38.062401	-94.082901	110.103996	-31.763700	118.640999	0.000000	0.000001	-0.000000	0.000000	0.000000	0.000000	-0.303306	-33.713699	91.134201	-110.921997	-43.553799	-123.735001	0.000000	-0.000002	-0.000001	0.071521	-2.003380	0.002501	0.000000	0.000000	0.000000
1.458350	-2.017990	-13.023802	-5.617770	15.358600	1.492370	8.123930	-18.488600	0.859137	0.000000	-0.000000	0.000000	-4.461190	15.469400	1.192140	7.345470	-17.164700	0.899769	-0.000000	0.000000	0.000000	-0.000000	0.000000	0.000056	0.000000	0.000000	0.000000	-3.942810	-38.866798	-97.112503	109.181999	-28.957899	119.274002	-0.000000	0.000000	0.000001	0.000000	0.000000	0.000000	-0.412101	-33.061798	90.936096	-110.586998	-42.593700	-123.742996	0.000000	0.000000	0.000000	0.084640	-2.198880	0.003247	0.000000	0.000000	0.000000
2.146539	-1.869260	-13.227401	-6.926460	15.146700	1.818080	8.790980	-18.973900	0.685101	0.000000	-0.000000	-0.000000	-5.827970	14.571400	1.471000	8.287820	-15.831900	0.722875	0.000000	0.000000	-0.000000	-0.000000	0.000000	0.000012	0.000000	0.000000	0.000000	-8.016200	-44.418301	-102.613998	105.542000	-22.321301	118.004997	0.000000	-0.000001	0.000000	0.000000	0.000000	0.000000	-0.354753	-36.753700	90.955704	-108.744003	-39.707901	-123.294998	0.000002	-0.000001	-0.000000	0.142921	-1.792300	0.004470	-0.000000	0.000000	-0.000000
1.326990	-1.879070	-14.384700	-6.814810	15.240400	1.799320	9.923840	-18.833700	1.082480	-0.000000	-0.000000	-0.000000	-5.468450	14.827300	1.403400	8.808960	-16.047501	0.975047	0.000001	-0.000000	-0.000000	-0.000000	0.000000	-0.000041	0.000000	0.000000	0.000000	2.345070	-45.239498	-86.531303	108.945000	-20.942301	125.321999	-0.000001	-0.000001	0.000001	0.000000	0.000000	0.000000	9.447280	-48.318100	102.902000	-99.367699	-27.469500	-118.253998	-0.000001	-0.000001	0.000002	-0.064074	-0.959677	-0.001072	0.000000	0.000000	0.000001
1.018730	-1.117910	-17.736603	-4.986270	13.560900	1.171970	8.581260	-16.655600	1.071720	0.000000	-0.000000	0.000000	-3.777710	12.892800	0.844075	7.598170	-15.102300	1.021720	-0.000000	0.000000	0.000001	-0.000000	-0.000000	0.000016	0.000000	0.000000	0.000000	21.162201	-38.278099	-54.842899	116.947998	-24.402599	132.828995	-0.000000	0.000000	0.000001	0.000000	0.000000	0.000000	3.752110	-54.606300	96.004402	-99.472603	-22.038099	-125.138000	0.000000	0.000001	0.000000	-0.191845	0.134100	0.000447	-0.000000	0.000000	0.000000
0.658877	-0.820610	-18.566196	-3.945070	12.831200	0.877474	7.724950	-16.000900	1.070640	-0.000000	0.000000	0.000001	-2.821270	11.065900	0.541966	6.792440	-13.069300	0.911289	-0.000000	0.000000	-0.000001	0.000000	-0.000000	0.000148	0.000000	0.000000	0.000000	33.211498	-30.313999	-32.186798	116.438004	-21.917200	133.705994	-0.000000	-0.000001	0.000000	0.000000	0.000000	0.000000	-12.825800	-55.191101	77.299103	-100.380997	-14.106800	-142.173996	-0.000000	-0.000000	0.000000	-0.159185	0.679366	0.001886	-0.000000	-0.000000	-0.000001
0.760678	-0.759631	-18.317909	-3.620860	12.225200	0.767671	7.306340	-15.401500	1.001960	-0.000000	0.000000	0.000001	-2.654400	10.767900	0.496228	6.663940	-13.008700	0.914519	-0.000000	-0.000000	0.000000	0.000012	-0.000037	0.000002	0.000000	0.000000	0.000000	40.013802	-20.624300	-15.740600	111.412003	-19.549601	128.996994	-0.000000	0.000000	-0.000000	0.000000	0.000000	0.000000	-28.172800	-48.193001	58.644600	-102.629997	-6.898890	-168.598007	0.000001	-0.000000	0.000000	0.222649	0.777180	-0.003020	0.000000	-0.000000	-0.000000
0.460059	-0.873092	-18.213497	-3.893620	12.951100	0.873908	8.014820	-15.414800	1.123690	0.000000	0.000000	-0.000001	-2.454940	12.027900	0.511876	6.486530	-14.486000	1.023590	-0.000000	0.000000	0.000001	-0.000000	0.000000	0.000032	0.000000	0.000000	0.000000	42.381001	-10.849900	-3.690340	103.527000	-18.435801	117.290001	0.000000	0.000000	0.000000	0.000000	0.000000	0.000000	-36.747299	-37.779301	45.274502	-102.947998	-0.463769	165.744995	0.000000	0.000000	-0.000001	0.254745	0.470732	-0.002095	-0.000000	0.000000	-0.000000
0.668705	-0.117411	-18.451700	-3.589040	12.238400	0.761757	7.935590	-15.767500	1.205520	-0.000000	0.000000	0.000000	-1.531910	10.151200	0.270057	5.268650	-12.438100	0.811112	0.000000	0.000000	-0.000000	-0.000000	0.000000	0.000058	0.000000	0.000000	0.000000	42.176701	-1.624590	6.680690	95.643600	-16.905001	102.820000	0.000000	0.000000	-0.000000	0.000000	0.000000	0.000000	-39.942699	-28.139500	36.551399	-102.262001	4.557550	145.809006	0.000000	0.000001	0.000000	0.219291	0.857561	-0.003280	-0.000000	0.000000	-0.000001
0.937224	0.053344	-17.972597	-3.902180	11.699000	0.792461	7.941470	-15.227900	1.084030	-0.000000	-0.000000	-0.000001	-2.353870	10.319200	0.421923	6.411720	-13.083700	0.928719	-0.000000	0.000000	0.000000	-0.000012	0.000037	-0.000039	0.000000	0.000000	0.000000	38.103500	4.835600	15.181300	92.602501	-19.458401	96.257599	0.000000	0.000000	-0.000000	0.000000	0.000000	0.000000	-37.216900	-18.289801	31.115801	-102.487000	5.855390	140.263000	0.000001	-0.000000	0.000000	0.177441	1.002380	-0.003106	0.000000	0.000000	0.000000
1.267320	0.568936	-17.405899	-4.629490	11.603700	0.933171	8.870680	-17.078600	1.275650	-0.000000	-0.000000	0.000000	-3.446800	9.723870	0.582891	8.049440	-13.282100	1.071060	-0.000000	-0.000000	-0.000000	-0.000012	0.000037	0.000009	0.000000	0.000000	0.000000	34.654900	8.549450	21.478600	90.887497	-23.582800	92.847603	-0.000000	-0.000001	-0.000000	0.000000	0.000000	0.000000	-37.108700	-12.769700	25.629200	-100.752998	6.711290	132.423004	0.000000	-0.000002	0.000000	0.508939	1.060210	-0.009419	-0.000000	0.000000	0.000002
1.248720	0.214931	-17.616800	-4.731670	13.059500	1.071530	8.701860	-18.935499	1.330170	0.000000	-0.000000	-0.000000	-3.667960	10.679300	0.680650	8.080820	-14.289000	1.106970	-0.000000	0.000000	0.000001	-0.000012	0.000037	0.000030	0.000000	0.000000	0.000000	34.316601	10.418800	23.977900	90.071404	-25.471300	91.387001	-0.000001	-0.000001	-0.000000	0.000000	0.000000	0.000000	-36.565102	-11.713600	24.873501	-99.874001	6.239030	130.845001	-0.000000	0.000001	-0.000001	0.499697	0.843939	-0.007362	0.000000	-0.000000	-0.000002
1.358730	0.377242	-17.550301	-4.341180	12.372100	0.931796	7.649240	-17.866301	1.047000	0.000000	-0.000000	-0.000001	-3.443680	10.217200	0.611509	7.348560	-13.733700	0.941449	0.000000	0.000000	0.000001	0.000002	-0.000040	-0.000032	0.000000	0.000000	0.000000	36.386501	9.038240	21.004200	90.201897	-23.567900	91.519302	0.000000	-0.000001	-0.000000	0.000000	0.000000	0.000000	-35.989601	-13.223100	26.965300	-100.611000	6.839620	132.067001	-0.000000	0.000000	-0.000000	0.501982	0.969985	-0.008497	0.000000	-0.000000	-0.000001
1.384160	-0.180379	-17.398100	-4.669680	12.382800	1.003500	7.776520	-16.559999	0.917423	0.000000	0.000000	-0.000001	-3.823240	10.295400	0.684284	7.923860	-12.629900	0.911618	-0.000000	0.000000	0.000000	0.000012	-0.000037	0.000140	0.000000	0.000000	0.000000	37.973400	4.925500	15.326800	93.363701	-19.018400	98.251404	-0.000000	-0.000001	0.000000	0.000000	0.000000	0.000000	-36.010502	-16.768499	30.634600	-102.964996	7.208750	137.992004	-0.000000	0.000001	-0.000001	0.400687	0.627995	-0.004391	0.000000	-0.000000	-0.000001
1.445530	-0.691945	-17.416000	-4.943420	13.981300	1.197200	8.040270	-18.240601	1.016270	-0.000000	0.000000	-0.000001	-4.016050	11.923500	0.831083	7.794110	-14.568100	0.973512	0.000000	0.000000	-0.000001	-0.000012	0.000037	0.000062	0.000000	0.000000	0.000000	40.593399	-0.978313	7.601870	97.735603	-13.796900	110.728996	-0.000000	-0.000000	0.000001	0.000000	0.000000	0.000000	-35.780998	-21.907900	35.586800	-104.554001	6.109350	145.143005	0.000000	0.000000	0.000000	0.445873	0.671473	-0.005226	0.000000	-0.000000	-0.000003
1.094630	-0.916778	-17.246599	-4.287380	14.386300	1.067140	7.468640	-18.543699	1.055630	0.000000	-0.000000	-0.000001	-3.203710	11.750600	0.653135	6.857040	-13.728800	0.884158	-0.000000	-0.000000	0.000001	-0.000000	0.000000	0.000068	0.000000	0.000000	0.000000	43.373100	-8.460270	-0.812457	101.664001	-10.508600	123.236000	0.000000	0.000000	0.000000	0.000000	0.000000	0.000000	-33.230301	-30.556999	44.678101	-105.153999	7.077660	146.875000	-0.000001	0.000001	-0.000000	0.490594	0.426610	-0.003651	0.000000	-0.000000	0.000000
0.734432	-1.133360	-17.134100	-3.773490	14.826000	0.966881	7.084820	-18.461500	1.089610	-0.000000	-0.000000	0.000000	-2.801200	12.469900	0.605310	7.040860	-14.414900	1.073790	0.000000	0.000000	-0.000000	0.000000	0.000000	0.000036	0.000000	0.000000	0.000000	42.785900	-15.669200	-8.785670	108.529999	-13.048800	132.759995	-0.000000	-0.000000	0.000000	0.000000	0.000000	0.000000	-29.201599	-39.421700	54.020401	-105.526001	4.264680	156.953995	0.000000	0.000000	-0.000000	0.654313	0.343800	-0.003928	-0.000000	-0.000000	-0.000001
0.651737	-0.883170	-17.625410	-3.755800	14.023400	0.911287	7.409980	-17.707399	1.147030	-0.000000	0.000000	0.000001	-2.077770	11.579500	0.417200	5.554290	-13.209800	0.805066	-0.000000	0.000000	-0.000000	0.000000	0.000000	-0.000093	0.000000	0.000000	0.000000	39.740898	-23.217100	-18.692400	117.021004	-16.310499	140.591003	-0.000000	-0.000001	0.000000	0.000000	0.000000	0.000000	-19.093599	-48.335201	68.832397	-104.953003	-0.913371	174.223999	-0.000000	-0.000000	-0.000000	0.324857	0.534602	-0.003030	0.000000	-0.000000	0.000000
0.276512	-1.790748	-18.110598	-3.839970	16.351601	1.082560	8.221770	-19.969400	1.552460	0.000000	0.000000	0.000001	-1.624830	13.019100	0.366132	5.085100	-13.820000	0.837526	0.000000	0.000000	0.000000	0.000000	-0.000000	0.000053	0.000000	0.000000	0.000000	33.102600	-28.700199	-30.584499	120.424004	-24.440800	136.294006	-0.000000	0.000000	0.000000	0.000000	0.000000	0.000000	-2.628680	-52.257500	88.753098	-102.601997	-7.398390	-161.856003	-0.000000	0.000000	-0.000000	0.002257	0.145338	-0.000005	0.000000	0.000000	0.000000
-0.117342	-2.611510	-18.082396	-3.244900	17.049299	0.952317	7.706870	-18.521099	1.465540	0.000000	0.000000	-0.000000	-1.394100	14.974700	0.360293	5.349390	-14.911300	1.031540	-0.000000	0.000000	-0.000001	0.000000	-0.000000	-0.000074	0.000000	0.000000	0.000000	24.451900	-29.807400	-42.313000	125.468002	-33.892899	135.203995	0.000001	-0.000001	-0.000001	0.000000	0.000000	0.000000	14.039200	-52.837700	107.971001	-97.491402	-13.106600	-134.639008	-0.000000	0.000001	-0.000001	0.117930	-0.316823	0.000649	0.000000	-0.000000	-0.000001
-0.361714	-2.782310	-18.625601	-3.210360	17.408701	0.961444	7.476800	-17.958599	1.363300	0.000000	-0.000000	-0.000000	-2.103290	15.996900	0.579909	6.878930	-15.227200	1.278570	-0.000000	-0.000000	0.000001	-0.000012	0.000037	0.000004	0.000000	0.000000	0.000000	14.415500	-34.770000	-63.188900	118.348000	-30.660299	129.942993	0.000001	0.000000	0.000001	0.000000	0.000000	0.000000	25.849100	-51.267399	121.391998	-91.056503	-19.670700	-106.675003	0.000000	0.000000	-0.000000	0.219470	-1.373560	0.005262	0.000000	-0.000000	-0.000001
-0.625500	-2.657370	-16.508003	-2.215500	18.115801	0.689197	6.856630	-19.188000	1.564700	-0.000000	0.000000	0.000001	-1.336760	15.961100	0.367653	6.525880	-15.631700	1.415770	0.000000	0.000000	0.000001	-0.000000	0.000000	-0.000062	0.000000	0.000000	0.000000	4.698550	-37.436501	-81.854301	111.177002	-30.792200	120.497002	-0.000000	-0.000001	-0.000001	0.000000	0.000000	0.000000	15.022000	-42.941799	111.212997	-97.338997	-30.900999	-111.629997	0.000000	0.000001	0.000001	0.156232	-1.958400	0.005337	0.000000	0.000000	-0.000001
-0.802265	-2.703171	-14.368102	-1.596620	18.174101	0.498110	7.033880	-19.562099	1.852310	-0.000000	0.000000	0.000000	-0.484712	17.067900	0.142267	6.140520	-16.639700	1.630570	0.000000	-0.000000	-0.000000	-0.000000	-0.000000	-0.000013	0.000000	0.000000	0.000000	-0.122508	-39.794899	-90.485199	107.359001	-31.362900	113.997002	-0.000000	-0.000000	-0.000000	0.000000	0.000000	0.000000	6.227670	-37.133801	100.727997	-102.617996	-40.094601	-114.663002	-0.000001	-0.000001	0.000000	0.147485	-2.180520	0.005612	-0.000000	0.000000	0.000001
-0.923195	-2.645231	-13.676601	-0.855130	17.822201	0.261739	6.248100	-19.424700	1.812010	0.000000	-0.000000	-0.000000	0.006835	17.479099	-0.002056	5.814500	-17.246901	1.731310	0.000000	0.000000	-0.000000	-0.000000	0.000000	0.000022	0.000000	0.000000	0.000000	-0.160234	-39.773701	-90.441200	106.570000	-33.288502	111.544998	-0.000001	-0.000001	0.000002	0.000000	0.000000	0.000000	4.072690	-33.624699	98.077904	-104.974998	-41.178699	-117.087997	0.000001	0.000000	-0.000000	0.000716	-2.362790	0.000030	-0.000000	0.000000	0.000000
-1.109940	-2.597230	-13.616700	-0.516418	18.058800	0.160086	6.177390	-19.503901	1.904090	-0.000000	-0.000000	0.000000	0.652400	17.850901	-0.199998	5.244040	-18.065201	1.824500	0.000000	0.000000	-0.000000	-0.000009	-0.000003	-0.000001	0.000000	0.000000	0.000000	5.563970	-33.083199	-78.302803	116.286003	-39.594700	122.283997	-0.000000	0.000002	0.000001	0.000000	0.000000	0.000000	4.095150	-31.882099	98.427299	-105.746002	-39.515099	-118.764000	0.000000	-0.000001	-0.000001	0.019928	-2.175920	0.000759	-0.000000	-0.000000	0.000001
-0.825621	-2.409510	-13.742600	-0.659647	16.893801	0.191700	5.739660	-18.101999	1.591060	0.000000	-0.000000	0.000000	0.091912	17.369499	-0.027439	5.801180	-17.608801	1.787210	-0.000000	0.000000	0.000000	0.000000	0.000000	-0.000011	0.000000	0.000000	0.000000	3.832990	-37.048901	-82.890404	112.549004	-30.905600	122.452003	-0.000001	0.000001	-0.000000	0.000000	0.000000	0.000000	11.620600	-37.881199	107.970001	-99.834396	-30.098700	-115.698997	-0.000001	-0.000000	-0.000001	0.142301	-1.916050	0.004758	-0.000000	0.000000	-0.000001
-0.871369	-2.633470	-13.161600	-0.599504	16.117001	0.166430	5.425750	-16.430799	1.374820	-0.000000	-0.000000	-0.000000	0.047881	16.923700	-0.013936	6.038720	-16.419100	1.725830	0.000000	0.000000	0.000000	0.000000	0.000000	-0.000002	0.000000	0.000000	0.000000	6.294810	-42.267200	-79.625298	110.567001	-25.328600	123.125000	-0.000001	-0.000001	0.000000	0.000000	0.000000	0.000000	14.269400	-45.936501	109.071999	-98.286003	-22.830400	-119.794998	-0.000000	-0.000000	0.000001	0.195032	-1.596260	0.005435	0.000000	0.000000	-0.000001
-0.627101	-2.377237	-14.867000	-1.529560	15.880300	0.418623	6.374100	-17.186100	1.451940	-0.000000	0.000000	0.000000	-0.504732	16.049400	0.139546	5.956730	-15.520900	1.468310	-0.000000	0.000000	0.000001	-0.000000	-0.000000	-0.000018	0.000000	0.000000	0.000000	17.728800	-41.043701	-61.364201	113.264000	-22.622000	129.231995	-0.000000	-0.000000	0.000000	0.000000	0.000000	0.000000	9.526660	-51.587601	102.619003	-100.155998	-16.326599	-133.895996	-0.000000	-0.000000	0.000001	0.261304	-0.514917	0.002348	-0.000000	-0.000000	-0.000000
-0.407502	-2.517461	-16.587513	-2.492590	16.250799	0.697943	7.238680	-17.450300	1.456290	0.000000	-0.000000	0.000000	-0.933683	14.977600	0.241325	5.730870	-14.129000	1.181390	-0.000000	-0.000000	-0.000000	0.000000	-0.000000	-0.000019	0.000000	0.000000	0.000000	30.799000	-34.773399	-39.049099	115.961998	-20.526600	134.526993	-0.000000	-0.000001	-0.000000	0.000000	0.000000	0.000000	-5.524120	-52.490898	85.195503	-102.667999	-12.296300	-149.218002	-0.000000	-0.000001	-0.000000	0.466912	-0.076411	0.000623	0.000000	-0.000000	-0.000000
-0.086224	-2.001340	-16.561304	-2.790070	15.483300	0.745375	7.319600	-16.974600	1.354670	0.000000	-0.000000	-0.000001	-1.730220	14.525700	0.434089	6.695340	-14.872900	1.291710	-0.000000	0.000000	0.000000	0.000000	-0.000000	0.000004	0.000000	0.000000	0.000000	40.360298	-28.839899	-23.767401	111.649002	-15.839400	133.365997	-0.000000	0.000000	0.000000	0.000000	0.000000	0.000000	-23.149599	-49.859600	64.484200	-105.281998	-6.269020	-170.835007	0.000000	-0.000000	0.000001	0.435812	0.188350	-0.001433	-0.000000	-0.000000	0.000000
0.275014	-1.241100	-16.809700	-3.564580	15.284900	0.940820	8.478880	-19.017401	1.646290	-0.000000	0.000000	0.000001	-1.807970	12.506500	0.391640	6.091810	-13.212100	0.990688	-0.000000	0.000000	0.000001	-0.000000	-0.000000	-0.000052	0.000000	0.000000	0.000000	46.009701	-20.637501	-12.148600	104.760002	-13.580300	124.018997	0.000000	0.000001	-0.000000	0.000000	0.000000	0.000000	-34.494801	-41.836300	49.348202	-104.996002	-1.598430	172.298004	0.000000	0.000000	0.000000	0.579218	0.171001	-0.001728	0.000000	0.000000	0.000000
0.720067	0.050323	-17.341900	-3.287410	12.052800	0.687181	7.929110	-15.652200	1.274550	0.000000	-0.000000	-0.000001	-1.918380	10.744700	0.357780	6.414790	-13.090400	1.028040	-0.000000	0.000000	0.000001	0.000000	0.000000	0.000009	0.000000	0.000000	0.000000	46.664200	-11.452200	-3.173150	100.188004	-12.743200	115.844002	0.000000	0.000000	-0.000000	0.000000	0.000000	0.000000	-39.691101	-34.466599	40.550999	-105.370003	3.832070	154.690002	-0.000000	-0.000000	0.000001	0.513348	0.704047	-0.006306	0.000000	0.000000	-0.000002
0.221532	-0.128836	-17.516304	-2.740780	12.968900	0.615498	7.720640	-16.263300	1.417590	0.000000	0.000000	-0.000000	-1.425030	11.420400	0.282183	6.337500	-13.393700	1.147150	0.000000	0.000000	0.000001	0.000000	-0.000000	-0.000056	0.000000	0.000000	0.000000	45.388401	-3.051370	4.960170	95.808403	-16.299601	103.403000	0.000000	0.000001	0.000001	0.000000	0.000000	0.000000	-39.478600	-25.598101	35.131401	-103.849998	4.780510	147.576996	0.000000	0.000000	0.000000	0.331977	0.748187	-0.004335	0.000000	-0.000000	-0.000000
0.465865	0.907391	-17.452497	-2.412430	12.500900	0.522474	7.272660	-17.713100	1.499480	0.000000	-0.000000	-0.000001	-1.175520	10.248600	0.209176	6.023400	-13.804900	1.163900	-0.000000	0.000000	-0.000000	0.000000	-0.000000	0.000033	0.000000	0.000000	0.000000	43.697701	2.209090	10.541300	92.042801	-17.035200	95.025299	-0.000000	-0.000001	0.000000	0.000000	0.000000	0.000000	-38.528000	-19.300400	30.900299	-103.460999	4.514910	145.697998	-0.000000	-0.000001	0.000001	0.462874	1.135840	-0.009172	0.000000	-0.000000	-0.000002
0.765111	1.033870	-17.298597	-2.304540	10.911300	0.436452	6.503600	-15.781100	1.155270	0.000000	0.000000	-0.000000	-1.420070	9.195130	0.226971	6.117470	-12.661100	1.035820	-0.000000	0.000000	0.000000	0.000000	0.000000	-0.000070	0.000000	0.000000	0.000000	41.974602	3.852070	12.718200	89.784798	-15.189900	89.649498	0.000000	-0.000001	-0.000000	0.000000	0.000000	0.000000	-37.878101	-16.657400	28.992001	-103.907997	5.171310	144.153000	-0.000001	-0.000001	0.000000	0.479635	1.175750	-0.009841	-0.000000	-0.000000	0.000001
1.119050	0.930467	-17.378096	-3.104070	10.990200	0.592327	6.894710	-16.133600	1.070650	0.000000	-0.000000	-0.000001	-1.857610	9.050790	0.292321	5.882300	-12.719500	0.892655	-0.000000	-0.000000	-0.000000	-0.000000	-0.000000	0.000005	0.000000	0.000000	0.000000	40.934898	4.483490	13.735200	89.373398	-15.092100	88.636200	-0.000000	0.000000	0.000000	0.000000	0.000000	0.000000	-37.930500	-16.261400	28.572201	-103.561996	5.185140	143.339996	0.000000	0.000000	0.000001	0.518266	1.402740	-0.012690	0.000000	0.000000	-0.000000
1.648480	0.422147	-16.968609	-4.353840	11.301200	0.854747	7.679650	-15.928100	0.936935	0.000000	-0.000000	-0.000002	-3.331440	9.482230	0.549384	7.358600	-12.427100	0.877850	-0.000000	0.000000	0.000001	-0.000009	-0.000003	-0.000122	0.000000	0.000000	0.000000	39.599899	2.678880	12.115600	91.410004	-14.826900	93.932297	0.000000	0.000001	-0.000000	0.000000	0.000000	0.000000	-37.791401	-17.144501	29.501400	-103.883003	5.132590	144.526993	-0.000001	-0.000001	-0.000000	0.355418	1.327850	-0.008235	-0.000000	-0.000000	0.000000
1.624220	0.747625	-16.371401	-4.492740	10.317900	0.806299	8.117270	-15.183400	0.969618	0.000000	-0.000000	-0.000000	-3.380540	9.261220	0.544671	7.529960	-12.967200	0.942601	-0.000000	0.000000	0.000001	0.000011	-0.000037	0.000096	0.000000	0.000000	0.000000	41.404598	-0.643250	7.918460	92.483498	-13.124200	96.704201	-0.000001	0.000001	0.000001	0.000000	0.000000	0.000000	-39.288601	-19.803200	30.630199	-104.144997	4.338740	147.722000	-0.000001	-0.000002	0.000001	0.087905	1.330060	-0.002042	0.000000	0.000000	-0.000001
1.697530	0.664098	-16.194702	-4.567530	10.632200	0.844416	7.832430	-15.602400	0.900205	0.000000	-0.000000	-0.000001	-3.860620	9.708970	0.651989	8.147630	-13.322700	1.002460	0.000000	-0.000000	0.000000	-0.000000	-0.000000	-0.000065	0.000000	0.000000	0.000000	42.264198	-6.347940	1.467160	97.105698	-9.189860	112.967003	-0.000001	-0.000001	-0.000000	0.000000	0.000000	0.000000	-38.730900	-25.305401	35.474701	-104.566002	4.050210	150.917999	-0.000000	0.000000	-0.000002	0.047516	1.014570	-0.000840	0.000000	-0.000000	-0.000001
1.348960	1.072910	-16.315805	-3.787580	9.242300	0.609149	7.433790	-14.036000	0.897433	0.000000	0.000000	-0.000000	-3.178420	9.390970	0.519102	7.768680	-14.165300	1.136090	-0.000000	0.000000	-0.000001	0.000000	0.000000	-0.000080	0.000000	0.000000	0.000000	43.330002	-12.660200	-5.247640	103.378998	-5.664790	136.875000	-0.000001	-0.000001	0.000001	0.000000	0.000000	0.000000	-35.079700	-34.759701	45.193401	-105.382004	4.905400	153.074997	0.000001	0.000000	0.000000	0.232629	1.098900	-0.004462	-0.000000	0.000000	0.000000
1.029890	-0.286367	-16.215294	-3.558380	11.486900	0.709501	7.364910	-15.941100	1.066570	0.000000	-0.000000	-0.000000	-2.626760	10.238200	0.467194	6.983410	-13.441000	1.024310	-0.000000	0.000000	-0.000001	0.000000	-0.000000	0.000064	0.000000	0.000000	0.000000	42.386501	-21.577299	-15.064600	108.986000	-4.928370	149.005997	-0.000000	-0.000001	0.000001	0.000000	0.000000	0.000000	-29.170300	-42.135700	55.140999	-107.068001	0.233179	169.279007	0.000000	-0.000000	0.000000	0.423271	0.783924	-0.005791	-0.000000	-0.000000	0.000000
0.652445	-0.599919	-17.693600	-2.933460	12.223300	0.621605	6.546360	-15.648900	0.993762	0.000000	-0.000000	-0.000001	-2.803440	11.646800	0.566390	7.855820	-14.349100	1.269600	0.000000	-0.000000	-0.000001	0.000000	-0.000000	0.000055	0.000000	0.000000	0.000000	40.338600	-28.054199	-23.108299	114.382004	-8.612840	149.028000	-0.000000	0.000000	0.000001	0.000000	0.000000	0.000000	-16.411600	-50.723202	72.455597	-104.961998	-5.163420	-172.712006	0.000000	0.000000	-0.000002	0.187687	1.044530	-0.003423	0.000000	-0.000000	-0.000001
0.510260	-0.553604	-17.077713	-2.833910	12.673500	0.622230	7.020270	-16.232201	1.191550	-0.000000	-0.000000	-0.000000	-2.356340	12.266400	0.500892	7.565590	-16.185600	1.470900	-0.000000	-0.000000	-0.000000	0.000000	-0.000000	-0.000078	0.000000	0.000000	0.000000	33.607601	-35.797100	-36.764599	118.424004	-16.622700	142.451004	-0.000000	-0.000001	0.000001	0.000000	0.000000	0.000000	-0.791530	-54.022598	90.768204	-102.643997	-11.649800	-150.052002	0.000000	-0.000000	-0.000000	-0.216129	1.022720	0.003857	0.000000	0.000000	-0.000000
0.378884	-1.432850	-15.563896	-2.408550	14.147700	0.588994	6.657280	-17.045601	1.269060	-0.000000	-0.000000	-0.000001	-1.695600	13.567900	0.397855	6.681720	-15.922000	1.384110	-0.000000	-0.000000	-0.000001	0.000010	-0.000037	-0.000059	0.000000	0.000000	0.000000	20.798500	-43.634300	-58.598301	117.283997	-20.775200	137.098007	-0.000001	-0.000001	0.000000	0.000000	0.000000	0.000000	13.346500	-52.536499	106.936996	-99.729500	-16.989300	-131.664993	-0.000001	0.000001	0.000001	-0.380341	0.192130	0.001275	-0.000000	-0.000000	0.000000
-0.196129	-1.689100	-15.786999	-1.812060	14.320500	0.448309	6.468670	-16.010599	1.302610	0.000000	0.000000	-0.000001	-0.614664	14.185300	0.150599	5.532360	-15.441900	1.317410	-0.000000	-0.000000	-0.000000	0.000000	0.000000	-0.000017	0.000000	0.000000	0.000000	12.265400	-45.011501	-71.568398	114.670998	-25.205799	129.414001	0.000001	0.000000	0.000000	0.000000	0.000000	0.000000	26.161699	-50.541500	121.609001	-93.576401	-20.014400	-112.386002	0.000000	0.000000	-0.000001	-0.212462	-0.592377	-0.002196	-0.000000	-0.000000	-0.000000
-0.212209	-1.769890	-16.725203	-1.701910	15.559700	0.456647	6.012690	-17.670500	1.329790	-0.000000	-0.000000	-0.000000	-0.859334	14.241900	0.211426	5.759690	-14.864200	1.266770	-0.000000	-0.000000	0.000001	-0.000000	-0.000000	0.000008	0.000000	0.000000	0.000000	11.389900	-38.422699	-70.304703	116.948997	-37.272701	123.823997	0.000001	-0.000001	-0.000001	0.000000	0.000000	0.000000	19.708200	-42.842800	116.948997	-98.783600	-28.738001	-115.288002	-0.000001	-0.000000	-0.000000	-0.019899	-1.659730	-0.000576	0.000000	0.000000	0.000000
-0.251534	-1.856790	-15.072402	-1.651990	16.441000	0.467677	6.383110	-19.032000	1.568110	-0.000000	0.000000	0.000000	-0.572322	14.929300	0.147448	5.566930	-15.695700	1.359620	-0.000000	0.000000	0.000001	-0.000000	0.000000	0.000000	0.000000	0.000000	0.000000	3.624810	-39.913799	-84.012398	114.570999	-32.574902	124.178001	0.000000	-0.000001	0.000000	0.000000	0.000000	0.000000	9.459260	-37.769600	105.232002	-105.106003	-38.768002	-118.672997	0.000001	-0.000000	0.000001	-0.215932	-2.013920	-0.007591	0.000000	0.000000	-0.000001
-0.386239	-1.760070	-15.217301	-1.058360	16.545000	0.301425	5.572740	-19.306999	1.509910	-0.000000	0.000000	-0.000000	-0.509670	15.520900	0.136389	5.828920	-16.943100	1.559690	0.000000	-0.000000	0.000000	-0.000000	0.000000	-0.000035	0.000000	0.000000	0.000000	-2.758780	-43.360100	-94.884903	109.328003	-27.238899	120.554001	-0.000001	0.000001	-0.000001	0.000000	0.000000	0.000000	6.227150	-34.382401	101.454002	-108.581001	-42.102200	-121.336998	-0.000001	0.000001	0.000000	-0.116259	-1.862710	-0.003779	-0.000000	-0.000000	-0.000000
-0.201805	-2.056340	-15.105408	-1.249580	15.778500	0.339836	5.478200	-17.247299	1.269880	0.000000	-0.000000	-0.000001	-0.516501	16.049999	0.142805	5.451170	-17.078100	1.458430	0.000000	-0.000000	0.000000	-0.000000	0.000000	0.000044	0.000000	0.000000	0.000000	-4.890170	-45.229500	-97.980202	107.873001	-25.835501	119.127998	0.000000	-0.000000	-0.000000	0.000000	0.000000	0.000000	5.682590	-33.349998	100.847000	-107.675003	-42.643101	-119.856003	-0.000001	0.000000	-0.000000	0.097239	-1.903290	0.003231	0.000000	-0.000000	-0.000002
0.213451	-2.006491	-15.243013	-2.398570	16.816401	0.694291	6.614580	-19.602501	1.451310	-0.000000	0.000000	-0.000000	-1.452830	15.561600	0.389832	6.177670	-16.492599	1.359370	-0.000000	0.000000	-0.000000	0.000000	-0.000000	-0.000045	0.000000	0.000000	0.000000	-0.501573	-41.470200	-91.264198	110.899002	-26.689899	123.690002	-0.000000	0.000001	-0.000000	0.000000	0.000000	0.000000	4.099820	-33.212898	98.437599	-109.428001	-41.601898	-122.671997	-0.000001	0.000000	-0.000000	-0.262555	-1.842690	-0.008444	-0.000000	-0.000000	-0.000000
0.215149	-2.171321	-15.042102	-2.375750	15.926100	0.652247	6.229280	-17.519899	1.189230	-0.000000	-0.000000	-0.000000	-1.498620	15.675500	0.404995	5.769820	-16.538401	1.233850	-0.000000	0.000000	-0.000001	-0.000000	0.000000	0.000061	0.000000	0.000000	0.000000	1.659370	-42.357800	-87.601501	110.599998	-22.516399	127.041000	-0.000000	-0.000000	0.000000	0.000000	0.000000	0.000000	10.385000	-40.973301	105.648003	-102.720001	-31.106701	-120.258003	-0.000000	0.000001	-0.000000	-0.383835	-1.577870	-0.010570	0.000000	-0.000000	-0.000001
0.348482	-2.041720	-15.067900	-2.899320	14.852600	0.743785	6.457850	-16.309799	1.027850	0.000000	0.000000	0.000000	-2.228650	15.532200	0.597063	6.793580	-16.602100	1.330260	0.000000	-0.000000	-0.000000	0.000000	-0.000000	0.000059	0.000000	0.000000	0.000000	9.971310	-42.343498	-73.994598	111.387001	-21.729200	128.085999	-0.000000	0.000001	-0.000000	0.000000	0.000000	0.000000	12.385900	-49.347401	106.332001	-100.994003	-24.058800	-124.417000	-0.000000	0.000000	0.000000	-0.286226	-0.868335	-0.004336	0.000000	0.000000	0.000001
0.078636	-2.236081	-16.630903	-3.104620	15.474700	0.829146	7.158680	-17.027399	1.222110	-0.000000	-0.000000	-0.000000	-2.043200	14.757200	0.520699	6.531700	-15.379600	1.210670	0.000000	-0.000000	-0.000001	0.000000	0.000000	0.000051	0.000000	0.000000	0.000000	24.624599	-34.046600	-46.219101	118.071999	-26.807699	131.675003	-0.000001	0.000000	-0.000001	0.000000	0.000000	0.000000	1.941380	-52.537201	93.914101	-102.652000	-17.978701	-136.977005	-0.000001	0.000001	0.000001	-0.053693	-0.292510	-0.000274	-0.000000	0.000000	-0.000000
0.314093	-1.139711	-17.111214	-2.990590	14.004700	0.724351	7.375760	-16.935499	1.305720	-0.000000	0.000000	0.000000	-1.613910	12.662600	0.353875	5.791340	-14.354600	1.047190	-0.000000	-0.000000	-0.000000	0.000000	-0.000000	-0.000051	0.000000	0.000000	0.000000	35.748501	-27.857000	-26.914301	115.514999	-23.128500	131.156006	0.000000	0.000001	0.000000	0.000000	0.000000	0.000000	-16.829100	-51.119801	71.983902	-104.469002	-11.830400	-154.511002	-0.000001	0.000000	0.000002	0.310192	0.546107	-0.002953	0.000000	0.000000	-0.000000
0.801772	-0.861983	-16.831402	-4.161370	13.790400	0.993635	8.589140	-17.755800	1.389600	-0.000000	-0.000000	0.000001	-2.603790	11.974600	0.540621	6.754910	-13.922000	1.014130	0.000000	-0.000000	-0.000001	-0.000000	0.000000	0.000165	0.000000	0.000000	0.000000	42.457199	-19.465000	-12.921000	106.940002	-19.736700	121.467003	-0.000000	-0.000001	0.000000	0.000000	0.000000	0.000000	-33.104198	-45.286098	52.198299	-102.421997	-5.431450	-174.360992	-0.000000	-0.000000	0.000001	0.489697	0.477760	-0.004084	-0.000000	0.000000	-0.000001
0.615116	-1.240750	-16.874001	-3.824860	13.858800	0.917454	7.928710	-16.991100	1.233860	0.000000	0.000000	0.000001	-2.650540	12.144300	0.557984	7.070870	-13.197700	1.024750	-0.000000	0.000000	-0.000000	0.000000	-0.000000	-0.000006	0.000000	0.000000	0.000000	45.409801	-8.552370	-0.583452	98.765602	-20.457500	106.588997	0.000001	0.000000	0.000001	0.000000	0.000000	0.000000	-38.739399	-37.218899	42.883499	-102.154999	3.462200	152.281006	-0.000001	0.000000	-0.000001	0.337170	0.495569	-0.002918	-0.000000	-0.000000	0.000000
0.143885	-1.267990	-16.746300	-2.934610	15.266700	0.773348	7.236130	-18.596399	1.407300	-0.000000	0.000000	-0.000000	-1.794530	13.001700	0.403862	6.616710	-14.252400	1.201240	-0.000000	-0.000000	0.000000	0.000000	-0.000000	0.000047	0.000000	0.000000	0.000000	45.434700	0.389319	8.337570	92.839500	-21.721300	95.328201	0.000001	-0.000000	-0.000000	0.000000	0.000000	0.000000	-40.873199	-28.284800	35.684200	-100.819000	7.866680	135.194000	0.000000	-0.000000	-0.000001	0.396694	0.551744	-0.003818	-0.000000	0.000000	-0.000000
0.236487	-1.676400	-16.603001	-2.523640	15.287500	0.665790	6.320170	-17.217300	1.151820	-0.000000	0.000000	-0.000000	-1.722430	13.680600	0.407485	6.209880	-14.257600	1.119420	-0.000000	-0.000000	-0.000000	-0.000000	0.000000	0.000029	0.000000	0.000000	0.000000	43.933800	7.175920	15.294500	88.348999	-22.920500	87.106697	0.000000	0.000001	0.000001	0.000000	0.000000	0.000000	-41.962200	-21.816099	30.145700	-99.656303	8.482080	128.916000	0.000000	0.000000	-0.000000	0.254647	0.464074	-0.002066	0.000000	0.000000	0.000000
0.888685	-1.116230	-16.637699	-3.690090	14.985500	0.955392	7.185640	-17.879299	1.113100	-0.000000	0.000000	0.000000	-2.755980	13.396600	0.638995	6.883220	-14.677600	1.066560	0.000000	0.000000	0.000000	-0.000000	-0.000000	-0.000026	0.000000	0.000000	0.000000	39.955898	10.217800	20.169100	87.238899	-22.738100	85.404999	0.000000	0.000002	-0.000000	0.000000	0.000000	0.000000	-39.726101	-17.679800	28.452000	-100.930000	7.533660	132.807999	-0.000001	-0.000001	0.000000	0.376671	0.877013	-0.005764	-0.000000	-0.000000	-0.000000
0.478156	-0.469102	-16.786699	-3.204720	13.716600	0.760647	7.439540	-16.955000	1.263840	0.000000	0.000000	0.000000	-1.776660	11.750200	0.361918	6.113670	-12.990900	0.985132	-0.000000	-0.000000	0.000001	0.000000	-0.000000	0.000004	0.000000	0.000000	0.000000	39.612202	11.131200	21.318800	86.165604	-22.469700	83.309898	0.000000	0.000000	-0.000000	0.000000	0.000000	0.000000	-37.200802	-16.237000	29.088400	-102.311996	6.776050	137.337997	0.000001	0.000001	-0.000001	0.331711	0.969718	-0.005613	0.000000	0.000000	-0.000000
0.801367	-0.302748	-15.901300	-2.962270	13.063900	0.670151	6.574700	-16.707899	1.061960	0.000000	-0.000000	-0.000000	-1.819970	11.318000	0.357296	5.864760	-12.918900	0.913682	-0.000000	0.000000	0.000000	-0.000000	-0.000000	-0.000067	0.000000	0.000000	0.000000	38.230598	8.467720	19.233500	88.850800	-22.292801	88.638199	-0.000000	-0.000002	-0.000001	0.000000	0.000000	0.000000	-37.181999	-15.842900	28.658100	-102.411003	4.630120	142.917999	0.000000	0.000000	0.000001	0.555789	0.938537	-0.009105	0.000000	-0.000000	-0.000000
1.036880	-0.667524	-15.855900	-3.826880	13.222800	0.876590	7.219200	-16.766300	1.009030	-0.000000	0.000000	0.000001	-2.837340	12.197400	0.599950	7.076830	-14.225700	1.059450	0.000000	-0.000000	-0.000000	0.000000	0.000000	-0.000042	0.000000	0.000000	0.000000	37.613300	4.583160	15.009000	93.540703	-18.402100	98.935898	0.000000	-0.000001	-0.000000	0.000000	0.000000	0.000000	-38.245201	-20.217199	31.817301	-103.049004	6.438180	141.093994	0.000000	0.000001	0.000000	0.502860	0.950772	-0.008346	-0.000000	0.000000	0.000001
0.519554	-1.214109	-16.362600	-3.715480	13.445400	0.865064	7.850560	-15.367100	1.124740	0.000000	-0.000000	-0.000000	-2.193210	12.390000	0.470804	6.559460	-12.876800	0.986288	-0.000000	0.000000	0.000000	-0.000000	0.000000	-0.000003	0.000000	0.000000	0.000000	38.771999	0.642714	9.841050	98.353897	-15.897800	110.861000	0.000000	-0.000001	0.000001	0.000000	0.000000	0.000000	-36.590401	-26.696699	38.513599	-103.927002	7.117710	143.334000	-0.000000	-0.000001	0.000001	0.306676	0.658410	-0.003522	0.000000	0.000000	-0.000001
0.575590	-1.702040	-16.293501	-3.578660	15.170700	0.937654	7.077530	-16.901300	1.054790	0.000000	-0.000000	-0.000000	-2.133580	13.480500	0.497584	5.970700	-13.515900	0.911871	0.000000	-0.000000	0.000000	-0.000000	0.000000	-0.000042	0.000000	0.000000	0.000000	40.248001	-7.129820	0.263307	102.186996	-10.472900	124.845001	0.000000	0.000000	0.000000	0.000000	0.000000	0.000000	-36.658298	-34.646900	43.521198	-103.723999	6.339940	147.097000	0.000000	0.000000	-0.000001	0.410801	0.673998	-0.004832	-0.000000	-0.000000	-0.000002
0.991189	-1.485210	-16.502501	-4.373800	14.555900	1.101240	7.955670	-16.918400	1.084690	-0.000000	0.000000	0.000001	-2.621190	13.024800	0.591133	5.674850	-13.798500	0.745113	0.000000	-0.000000	-0.000000	-0.000009	-0.000003	0.000044	0.000000	0.000000	0.000000	41.091301	-14.978900	-8.725080	106.693001	-8.081440	138.046005	-0.000001	0.000000	-0.000000	0.000000	0.000000	0.000000	-34.507599	-42.392101	49.537300	-103.862000	2.588640	159.417999	-0.000000	-0.000000	-0.000000	0.448231	0.333754	-0.002612	0.000000	-0.000000	0.000000
0.638505	-2.152073	-16.777802	-4.347710	15.610500	1.172080	8.149970	-17.994200	1.226000	0.000000	-0.000000	0.000000	-2.575780	13.266500	0.591512	5.961490	-13.121900	0.785153	0.000000	-0.000000	-0.000000	-0.000000	0.000000	0.000046	0.000000	0.000000	0.000000	37.918800	-24.255600	-21.151600	111.155998	-7.411200	146.817001	-0.000000	0.000000	0.000000	0.000000	0.000000	0.000000	-27.140200	-47.760201	59.475700	-104.329002	-3.080310	179.097000	0.000000	0.000000	-0.000002	0.417247	-0.103125	0.000750	-0.000000	-0.000000	-0.000000
0.639388	-2.371069	-17.333801	-4.268590	16.462299	1.211750	8.055220	-19.057400	1.295480	0.000000	-0.000000	-0.000000	-2.297890	13.183300	0.524378	5.359780	-12.509200	0.676958	-0.000000	-0.000000	0.000000	-0.000012	0.000037	0.000036	0.000000	0.000000	0.000000	31.958900	-29.636200	-32.719501	116.898003	-12.908100	145.477997	-0.000000	-0.000000	0.000000	0.000000	0.000000	0.000000	-12.849300	-53.886501	76.977898	-101.137001	-7.375680	-162.145004	-0.000001	-0.000000	-0.000000	0.352858	0.169996	-0.001047	0.000000	0.000000	0.000004
0.477397	-2.757891	-16.940506	-3.962690	16.993000	1.159800	7.309500	-19.165100	1.156920	0.000000	0.000000	0.000000	-2.384260	14.000700	0.577143	5.573010	-13.328100	0.752203	-0.000000	-0.000000	-0.000001	-0.000000	-0.000000	0.000008	0.000000	0.000000	0.000000	21.362700	-33.097000	-50.075699	118.267998	-19.413799	139.699997	-0.000000	-0.000000	-0.000001	0.000000	0.000000	0.000000	4.839030	-55.053902	97.139702	-99.652702	-12.553100	-142.020996	-0.000000	0.000000	-0.000000	0.153685	-0.111298	0.000300	0.000000	-0.000000	0.000002
0.349526	-2.721730	-15.992701	-3.253050	16.796700	0.940975	6.768570	-18.449301	1.157920	-0.000000	-0.000000	-0.000001	-1.800990	14.817700	0.460729	5.388940	-14.127000	0.891477	0.000000	-0.000000	-0.000000	-0.000000	0.000000	0.000041	0.000000	0.000000	0.000000	11.920700	-39.309101	-69.710800	114.338997	-20.695200	134.026993	0.000000	-0.000001	-0.000000	0.000000	0.000000	0.000000	15.587300	-53.774601	109.288002	-96.761902	-19.037600	-122.299004	-0.000000	-0.000001	-0.000000	-0.183025	-0.540443	-0.001729	0.000000	-0.000000	-0.000001
0.250629	-2.756110	-15.728797	-3.000940	16.630400	0.859580	6.680250	-17.606300	1.152440	0.000000	0.000000	0.000000	-1.950370	15.452600	0.519846	6.267440	-14.640800	1.111030	0.000000	0.000000	-0.000000	-0.000000	0.000000	0.000034	0.000000	0.000000	0.000000	5.236120	-40.301498	-81.383003	108.607002	-26.437401	119.230003	0.000001	0.000001	0.000000	0.000000	0.000000	0.000000	20.479799	-49.133999	115.769997	-95.038101	-25.883200	-111.036003	-0.000000	-0.000001	0.000000	-0.008043	-1.459620	-0.000204	0.000000	0.000000	-0.000002
0.121941	-2.804729	-14.650702	-2.576510	17.416901	0.771681	6.851860	-18.797701	1.418220	-0.000000	0.000000	0.000000	-1.121500	16.945999	0.326922	5.410530	-16.534000	1.236620	-0.000000	0.000000	0.000000	0.000000	-0.000000	-0.000077	0.000000	0.000000	0.000000	4.007430	-34.680901	-82.198303	113.612999	-32.910301	122.819000	0.000000	-0.000000	0.000001	0.000000	0.000000	0.000000	10.354500	-40.312401	105.727997	-101.877998	-36.604099	-115.521004	0.000002	-0.000001	0.000000	0.248222	-2.057710	0.008914	-0.000000	0.000000	-0.000000
0.071610	-2.722120	-14.102202	-2.370960	17.899700	0.729093	6.824360	-19.856899	1.554620	-0.000000	0.000000	-0.000000	-1.007050	16.929100	0.293265	5.492840	-16.374300	1.279350	-0.000000	0.000000	-0.000000	0.000000	0.000000	0.000007	0.000000	0.000000	0.000000	3.499870	-31.412300	-82.315903	117.595001	-35.165501	127.014000	-0.000001	-0.000001	0.000000	0.000000	0.000000	0.000000	6.121410	-35.525200	100.862999	-106.952003	-39.330700	-120.799004	0.000001	0.000001	0.000001	0.192311	-2.096810	0.007036	0.000000	-0.000000	0.000001
-0.071743	-3.109282	-12.926699	-2.131900	17.843100	0.653510	6.585150	-19.084999	1.492440	0.000000	0.000000	0.000000	-0.879745	17.278601	0.261314	5.436570	-16.223499	1.286750	-0.000000	-0.000000	-0.000000	0.000000	-0.000000	-0.000039	0.000000	0.000000	0.000000	2.170640	-31.884300	-85.145500	116.602997	-34.844002	125.946999	-0.000001	-0.000002	0.000001	0.000000	0.000000	0.000000	4.368510	-33.757099	98.383797	-108.428001	-39.116100	-122.759003	0.000002	-0.000001	0.000001	0.258064	-2.073750	0.009339	0.000000	0.000000	0.000001
0.064204	-2.643741	-15.482198	-2.902200	17.530500	0.874865	7.228710	-19.019699	1.456570	-0.000000	-0.000000	-0.000000	-1.755920	17.550100	0.529630	6.385380	-17.321100	1.405540	-0.000000	0.000000	-0.000000	-0.000000	0.000000	-0.000015	0.000000	0.000000	0.000000	1.209100	-35.207600	-88.089203	112.932999	-29.913500	124.503998	-0.000000	-0.000001	0.000000	0.000000	0.000000	0.000000	3.605250	-36.308701	97.236198	-108.331001	-40.816299	-122.066002	-0.000001	0.000001	0.000000	0.188230	-2.155010	0.007077	-0.000000	0.000000	-0.000001
0.029202	-2.461420	-15.376000	-2.552880	17.084400	0.750439	6.789470	-18.365200	1.372720	-0.000000	-0.000000	0.000000	-1.473550	16.448200	0.417313	6.192490	-16.742201	1.379680	0.000000	0.000000	0.000001	0.000000	-0.000000	-0.000040	0.000000	0.000000	0.000000	0.830510	-42.183998	-89.040199	110.484001	-22.012501	127.616997	-0.000001	-0.000000	0.000001	0.000000	0.000000	0.000000	13.117400	-44.601601	108.278999	-99.002701	-32.667900	-113.629997	-0.000000	-0.000000	0.000000	-0.057231	-1.747620	-0.001746	0.000000	-0.000000	-0.000000
0.176115	-2.545610	-13.887301	-2.311150	17.906099	0.710931	6.224200	-20.694901	1.424480	0.000000	-0.000000	0.000000	-1.294820	16.221001	0.361757	5.911420	-16.465300	1.325810	0.000000	-0.000000	0.000000	0.000000	-0.000000	-0.000005	0.000000	0.000000	0.000000	7.137830	-43.814999	-78.754898	112.192001	-19.266800	132.763000	-0.000000	0.000001	0.000001	0.000000	0.000000	0.000000	15.260900	-49.824699	109.444000	-97.730698	-25.982300	-116.406998	-0.000000	0.000001	-0.000000	-0.304676	-0.980561	-0.005215	0.000000	0.000000	0.000000
0.132902	-2.540179	-15.598702	-2.210860	16.526699	0.629194	5.772520	-18.229700	1.144170	-0.000000	-0.000000	-0.000000	-1.518590	16.096600	0.421130	6.217880	-16.212999	1.331540	0.000000	-0.000000	-0.000000	0.000000	-0.000000	-0.000028	0.000000	0.000000	0.000000	19.437201	-40.375500	-58.546700	116.228996	-15.947400	142.033005	0.000000	0.000000	0.000000	0.000000	0.000000	0.000000	14.942800	-58.581902	107.775002	-96.491699	-19.435301	-121.833000	0.000001	0.000000	-0.000000	0.019346	-0.357741	0.000120	0.000000	-0.000000	0.000000
0.361430	-2.429430	-17.237801	-3.502230	16.766500	1.011450	7.003350	-18.826900	1.179380	0.000000	0.000000	0.000000	-2.927240	14.698700	0.743346	7.592750	-14.719200	1.212400	-0.000000	-0.000000	0.000000	-0.000000	0.000000	0.000067	0.000000	0.000000	0.000000	31.086100	-34.696999	-38.710300	117.153000	-12.043200	147.593994	0.000000	0.000000	-0.000001	0.000000	0.000000	0.000000	-2.380350	-60.110401	89.006401	-98.988403	-15.016400	-136.518005	0.000000	-0.000000	-0.000001	0.220313	-0.096871	0.000374	-0.000000	-0.000000	0.000001
0.459150	-2.658190	-17.133101	-4.008920	16.288900	1.126160	7.412830	-17.726601	1.086760	-0.000000	0.000000	0.000000	-3.153170	14.630800	0.797247	7.336680	-14.516400	1.076170	0.000000	-0.000000	-0.000001	-0.000000	-0.000000	0.000121	0.000000	0.000000	0.000000	38.944000	-26.534201	-22.763700	113.365997	-11.221900	142.983002	-0.000000	-0.000001	-0.000000	0.000000	0.000000	0.000000	-22.669600	-56.204498	66.487000	-102.142998	-9.125240	-159.496002	0.000000	0.000000	-0.000000	0.333837	-0.086705	0.000504	-0.000000	-0.000000	0.000001
0.283451	-2.676380	-16.914198	-3.908300	16.518400	1.112800	7.312180	-17.771999	1.089550	0.000000	-0.000000	-0.000001	-3.121610	15.218600	0.820187	7.494230	-15.415200	1.193680	0.000000	-0.000000	0.000000	-0.000000	0.000000	-0.000054	0.000000	0.000000	0.000000	42.749100	-17.166599	-10.437300	108.202003	-11.490600	134.395004	0.000000	0.000000	-0.000000	0.000000	0.000000	0.000000	-35.241699	-44.603199	49.720901	-103.935997	-5.885620	-174.106003	-0.000000	0.000000	0.000001	0.435887	0.209814	-0.001595	0.000000	-0.000000	-0.000000
0.523409	-1.383960	-17.217306	-3.278100	14.911700	0.844416	6.630490	-17.131800	1.021200	0.000000	-0.000000	0.000000	-2.371170	13.280400	0.544993	6.605010	-13.905100	1.034530	-0.000000	0.000000	0.000001	0.000000	-0.000000	-0.000018	0.000000	0.000000	0.000000	44.437199	-7.480740	0.356874	101.290001	-12.047700	120.236000	-0.000000	0.000001	0.000001	0.000000	0.000000	0.000000	-41.011902	-33.028400	38.489601	-105.009003	-3.667340	175.654007	-0.000000	-0.000000	0.000001	0.418092	0.753112	-0.005495	0.000000	0.000000	0.000001
0.669402	-1.226450	-17.666605	-3.617510	14.143200	0.885035	7.261810	-16.627899	1.075670	0.000000	-0.000000	-0.000001	-2.601420	12.793800	0.576444	6.916310	-14.054800	1.065520	0.000000	-0.000000	-0.000001	0.000000	0.000000	-0.000085	0.000000	0.000000	0.000000	43.357399	0.732846	9.024590	93.733002	-12.496500	100.585999	-0.000001	-0.000001	0.000001	0.000000	0.000000	0.000000	-41.274300	-22.816099	31.534000	-103.414001	-2.602520	168.899002	-0.000000	0.000000	0.000001	0.413057	0.764125	-0.005509	0.000000	-0.000000	0.000000
1.049170	-0.509001	-17.558802	-4.139700	13.559400	0.972199	7.908660	-17.346300	1.159790	0.000000	-0.000000	-0.000001	-2.368060	11.291300	0.463954	5.789680	-13.058900	0.784401	0.000000	0.000000	-0.000000	-0.000012	0.000037	0.000054	0.000000	0.000000	0.000000	38.606400	6.210830	16.544800	89.777397	-15.309600	89.876198	0.000000	-0.000002	-0.000001	0.000000	0.000000	0.000000	-41.659100	-14.511700	24.255800	-102.226997	-3.878940	171.095993	0.000001	-0.000000	0.000000	0.293099	1.338320	-0.006847	0.000000	-0.000000	0.000000
1.047940	-0.355193	-17.441900	-4.187090	12.484200	0.906661	7.720490	-15.967000	1.000500	0.000000	0.000000	-0.000000	-2.912930	11.216100	0.567068	6.718160	-13.337000	0.891902	-0.000000	-0.000000	0.000001	0.000000	-0.000000	-0.000035	0.000000	0.000000	0.000000	35.808300	9.551100	21.929501	87.892097	-20.679701	86.367401	-0.000000	-0.000000	0.000000	0.000000	0.000000	0.000000	-39.789501	-9.953390	20.881300	-103.360001	-4.069420	171.768997	0.000001	0.000000	0.000000	0.064802	1.393420	-0.001575	0.000000	0.000000	-0.000001
1.319670	-0.211311	-17.498600	-4.433460	12.102900	0.931297	7.762270	-15.671500	0.926877	-0.000000	0.000000	0.000001	-3.139040	10.762100	0.586689	6.544180	-13.210000	0.791687	-0.000000	-0.000000	-0.000000	0.000012	-0.000037	-0.000004	0.000000	0.000000	0.000000	36.821098	9.425380	21.169100	86.671204	-18.909800	83.191399	-0.000000	0.000001	0.000000	0.000000	0.000000	0.000000	-38.593201	-10.254300	21.916100	-102.677002	-1.196300	159.824997	-0.000001	0.000001	-0.000001	0.104586	1.502720	-0.002743	0.000000	0.000000	-0.000001
1.522410	0.539450	-16.990801	-4.114590	10.539300	0.753846	6.931120	-13.876100	0.692695	-0.000000	-0.000000	-0.000001	-3.249650	9.502530	0.537042	6.883760	-12.147900	0.775163	0.000000	-0.000000	-0.000001	0.000000	0.000000	0.000045	0.000000	0.000000	0.000000	37.810600	6.082590	16.776199	89.061096	-14.908300	88.154701	-0.000000	0.000001	0.000000	0.000000	0.000000	0.000000	-39.455601	-13.296900	24.516500	-103.082001	3.340340	146.281006	-0.000000	-0.000000	0.000000	0.144371	1.866630	-0.004705	0.000000	0.000000	0.000000
0.956656	-1.371650	-17.162405	-4.471300	13.555500	1.050030	7.446050	-15.889800	0.849387	0.000000	-0.000000	-0.000000	-3.565940	11.881000	0.735062	7.654300	-12.725600	0.918983	0.000000	0.000000	0.000001	0.000000	0.000000	0.000026	0.000000	0.000000	0.000000	38.099201	3.368370	13.358900	92.294800	-15.699600	95.897499	0.000000	-0.000000	-0.000000	0.000000	0.000000	0.000000	-37.886299	-16.640800	28.959999	-102.928001	2.167630	150.914001	0.000000	0.000000	-0.000000	0.212768	1.065400	-0.003959	0.000000	0.000000	0.000003
0.641618	-1.090960	-17.203600	-3.923630	13.748600	0.933844	7.722140	-16.092699	1.085670	0.000000	-0.000000	-0.000001	-2.284890	12.138300	0.480654	6.144690	-12.946900	0.877518	-0.000000	-0.000000	0.000000	0.000011	-0.000037	-0.000013	0.000000	0.000000	0.000000	41.263302	-1.845780	6.505540	94.169701	-13.526900	100.586998	-0.000000	-0.000001	-0.000000	0.000000	0.000000	0.000000	-37.543999	-22.264900	34.260799	-103.000000	2.656900	151.397995	-0.000001	-0.000000	-0.000001	0.473861	0.957405	-0.007918	-0.000000	-0.000000	-0.000001
0.773715	-0.357530	-16.806107	-3.755480	12.719000	0.827976	7.870110	-16.585699	1.202840	-0.000000	0.000000	0.000001	-1.972240	10.332400	0.353873	5.679670	-11.911200	0.772848	-0.000000	-0.000000	0.000001	-0.000000	0.000000	0.000036	0.000000	0.000000	0.000000	43.167999	-10.178900	-2.682310	98.693703	-9.017010	116.829002	0.000002	0.000001	-0.000001	0.000000	0.000000	0.000000	-37.408600	-30.045900	40.057400	-102.214996	2.120330	154.406006	-0.000000	0.000000	0.000000	0.390642	0.810367	-0.005524	0.000000	0.000000	-0.000000
0.604024	-1.630050	-16.152399	-4.195510	14.247500	1.034300	8.388790	-17.104300	1.273520	-0.000000	0.000000	0.000000	-2.361920	12.431900	0.508751	6.154440	-13.023000	0.868338	0.000000	-0.000000	-0.000001	0.000000	0.000000	0.000001	0.000000	0.000000	0.000000	40.027100	-17.080299	-11.592700	105.480003	-13.037700	126.703003	-0.000001	0.000000	0.000001	0.000000	0.000000	0.000000	-33.286499	-38.105400	48.819901	-102.568001	0.042898	165.182007	-0.000000	0.000000	-0.000001	0.717920	0.146695	-0.001841	-0.000000	-0.000000	-0.000001
1.019830	-1.062471	-16.833397	-4.717320	12.848300	1.051290	8.604640	-15.599700	1.078830	-0.000000	0.000000	0.000000	-3.173270	11.443700	0.630252	6.621030	-12.342200	0.751355	0.000000	0.000000	-0.000000	-0.000011	0.000037	-0.000008	0.000000	0.000000	0.000000	35.389702	-21.072701	-19.376200	112.860001	-16.797100	134.399002	0.000000	-0.000000	0.000000	0.000000	0.000000	0.000000	-25.495100	-45.926399	60.710499	-102.774002	-3.782660	-178.432999	-0.000000	0.000000	-0.000002	0.547188	0.629005	-0.006006	0.000000	-0.000000	0.000000
0.987699	-0.842081	-16.918900	-4.515150	12.123000	0.950148	8.232670	-15.026500	0.991358	0.000000	-0.000000	-0.000001	-3.214450	11.100200	0.619525	6.963850	-12.643800	0.835054	0.000000	-0.000000	-0.000000	-0.000011	0.000037	0.000058	0.000000	0.000000	0.000000	31.126101	-26.805799	-30.319000	116.781998	-20.793900	135.386993	-0.000000	-0.000001	-0.000000	0.000000	0.000000	0.000000	-14.204800	-51.993301	75.105202	-100.202003	-7.402960	-160.929993	-0.000001	0.000000	-0.000000	0.219459	0.942313	-0.003611	-0.000000	0.000000	-0.000000
1.087260	-0.715559	-16.960897	-4.434410	12.693300	0.976276	8.285120	-16.500000	1.126150	-0.000000	-0.000000	0.000000	-2.884950	11.520400	0.576676	6.269270	-13.927200	0.829513	0.000000	0.000000	0.000000	-0.000000	0.000000	0.000099	0.000000	0.000000	0.000000	24.904301	-30.023701	-41.670300	119.653000	-24.852200	135.492004	-0.000000	0.000001	0.000000	0.000000	0.000000	0.000000	0.064823	-53.392101	91.728500	-101.120003	-13.200600	-143.567001	-0.000000	-0.000001	-0.000001	-0.123521	0.841397	0.001811	0.000000	0.000000	-0.000000
0.540412	-0.944377	-17.353401	-3.807710	13.519000	0.891364	8.140600	-17.111700	1.308370	0.000000	-0.000000	0.000001	-2.049190	11.756000	0.417682	5.757890	-13.312400	0.865032	-0.000000	0.000000	0.000001	0.000000	-0.000000	-0.000008	0.000000	0.000000	0.000000	19.358000	-33.402599	-53.495201	120.889000	-27.394501	135.320007	-0.000000	-0.000001	0.000002	0.000000	0.000000	0.000000	14.129100	-53.905499	107.781998	-98.503899	-16.541901	-130.108002	0.000000	0.000000	-0.000000	0.086775	0.386005	-0.000586	0.000000	-0.000000	-0.000001
0.200482	-1.739040	-18.021597	-3.863240	14.958300	0.998540	8.159010	-16.768299	1.279490	0.000000	-0.000000	-0.000000	-2.324730	13.131400	0.528382	6.512270	-13.654000	1.004590	0.000000	-0.000000	-0.000000	0.000000	-0.000000	-0.000032	0.000000	0.000000	0.000000	13.820200	-35.222599	-64.408699	121.234001	-28.549999	135.434998	-0.000000	0.000000	0.000001	0.000000	0.000000	0.000000	19.104900	-50.054401	114.247002	-98.101402	-20.073700	-123.251999	-0.000000	-0.000001	0.000002	-0.026102	-0.464889	-0.000211	0.000000	0.000000	-0.000000
-0.043962	-2.660470	-16.571301	-3.409750	16.480200	0.968343	7.602780	-17.139900	1.279270	0.000000	-0.000000	0.000001	-1.948320	14.937600	0.502394	6.171640	-13.996300	1.039210	-0.000000	-0.000000	0.000001	0.000000	-0.000000	0.000036	0.000000	0.000000	0.000000	8.648530	-34.947800	-73.488197	120.272003	-28.441700	134.889999	-0.000000	-0.000001	0.000000	0.000000	0.000000	0.000000	14.778900	-44.794701	110.394997	-102.804001	-23.810900	-127.278999	-0.000001	-0.000001	-0.000000	0.065079	-0.992500	0.001127	0.000000	0.000000	-0.000001
-0.424788	-2.283121	-15.650001	-2.554030	15.472700	0.681779	7.297540	-15.882900	1.326430	0.000000	-0.000000	0.000000	-1.261970	15.111300	0.329038	6.235070	-14.361500	1.247340	0.000000	-0.000000	0.000000	-0.000000	0.000000	-0.000033	0.000000	0.000000	0.000000	6.022400	-32.525501	-77.496498	119.429001	-27.974701	134.716003	-0.000001	-0.000001	-0.000000	0.000000	0.000000	0.000000	12.430900	-41.275799	108.300003	-103.927002	-22.101700	-130.677994	0.000000	0.000001	0.000000	0.176822	-0.968756	0.002989	0.000000	0.000000	0.000000
