0.804844	0.317504	-4.046980	-3.571300	8.199020	0.509961	1.659200	-10.041300	-0.327138	0.000000	0.000000	0.000000	-2.856340	12.791100	0.632889	4.460690	-22.240200	0.634225	0.000000	-0.000000	0.000000	-0.000000	-0.000000	-0.000042	0.000000	0.000000	0.000000	11.045900	-3.720730	10.270400	-11.616900	-1.031850	5.267830	0.000000	0.000000	0.000000	0.000000	0.000000	0.000000	-9.014020	-42.946499	78.644501	-37.695599	-8.290580	-5.754670	-0.000000	-0.000000	0.000000	0.417351	-0.629593	0.004585	0.000000	-0.000000	-0.000001
1.373650	0.013187	-3.239770	-4.629500	7.923480	0.639548	2.558730	-9.259880	-0.326224	0.000000	0.000000	-0.000000	-3.964820	12.501800	0.859580	5.246210	-20.827101	0.489147	-0.000000	0.000000	0.000000	-0.000000	0.000000	0.000036	0.000000	0.000000	0.000000	9.087530	-3.970290	10.578700	-11.537000	-3.265530	4.741910	0.000000	0.000000	-0.000000	0.000000	0.000000	0.000000	-10.919900	-50.682201	77.377899	-42.323002	-7.243920	-6.106980	-0.000000	0.000000	-0.000000	0.353736	-1.062090	0.006556	-0.000000	0.000000	-0.000000
1.687830	-0.253604	-2.198430	-5.526930	9.204150	0.886733	3.060610	-10.836300	-0.450518	0.000000	0.000000	0.000000	-4.926340	13.060800	1.115890	5.858040	-20.591101	0.372626	-0.000000	0.000000	0.000000	-0.000000	0.000000	0.000002	0.000000	0.000000	0.000000	9.212990	-4.205560	8.994510	-14.356100	-5.637350	4.014080	-0.000000	0.000000	0.000000	0.000000	0.000000	0.000000	-15.916200	-56.412300	72.438797	-41.206299	-7.619920	-6.222740	-0.000000	-0.000000	0.000000	0.602182	-1.351890	0.014207	0.000000	-0.000000	-0.000000
1.890690	0.542202	-0.836431	-5.953550	7.822080	0.813141	3.321910	-10.605100	-0.474406	-0.000000	0.000000	-0.000000	-4.727940	12.188500	1.000380	4.642500	-20.986000	0.007642	0.000000	0.000000	0.000000	-0.000000	-0.000000	0.000012	0.000000	0.000000	0.000000	8.988950	-5.409170	2.246020	-15.516500	-6.436200	3.887800	0.000000	-0.000000	-0.000000	0.000000	0.000000	0.000000	-19.749599	-59.136600	68.564003	-43.017101	-6.080430	-5.064270	-0.000000	-0.000000	0.000000	0.657813	-0.940096	0.010793	0.000000	-0.000000	-0.000000
2.033950	0.825713	-0.366183	-6.215700	6.891630	0.748734	3.481130	-9.770900	-0.456761	0.000000	0.000000	0.000000	-5.489060	11.713700	1.117690	5.873780	-20.631800	0.175951	0.000000	-0.000000	0.000000	0.000000	0.000000	0.000002	0.000000	0.000000	0.000000	8.980690	-5.144020	3.755190	-16.100500	-4.763510	4.298990	-0.000000	-0.000001	-0.000000	0.000000	0.000000	0.000000	-19.099100	-57.674702	68.968498	-50.564098	-5.043730	-5.392910	-0.000001	-0.000000	-0.000000	0.627149	-0.858466	0.009396	-0.000000	-0.000000	-0.000000
1.565920	0.034419	-0.211422	-6.158210	8.239360	0.885876	3.878060	-10.207200	-0.392952	-0.000000	0.000000	0.000000	-5.902380	13.264200	1.358810	7.266380	-20.972300	0.544846	0.000000	-0.000000	0.000000	-0.000000	-0.000000	-0.000013	0.000000	0.000000	0.000000	9.939530	-3.651070	11.052600	-15.818900	-1.813970	4.894510	0.000000	-0.000000	-0.000001	0.000000	0.000000	0.000000	-15.257900	-55.946701	72.862999	-61.327301	-2.632600	-3.715080	-0.000001	-0.000000	-0.000000	0.474625	-1.102940	0.009136	0.000000	-0.000000	0.000000
1.092610	0.313907	-0.926450	-4.396120	8.113310	0.621629	2.582680	-10.073300	-0.309575	0.000000	0.000000	0.000000	-3.938910	12.381900	0.845882	5.562690	-20.154699	0.591247	0.000000	0.000000	-0.000000	0.000000	0.000000	0.000008	0.000000	0.000000	0.000000	10.266200	-2.229370	17.674500	-12.634600	0.870975	5.264320	0.000000	0.000000	-0.000000	0.000000	0.000000	0.000000	-12.730100	-56.673599	75.845200	-73.673698	-2.709820	-9.037250	-0.000001	0.000000	-0.000000	0.517316	-0.585584	0.005287	-0.000000	-0.000000	-0.000000
1.436770	2.187960	-1.505160	-4.478370	5.736010	0.448499	2.508370	-10.005100	-0.338489	0.000000	0.000000	-0.000000	-4.005060	10.319300	0.718576	5.630240	-20.648701	0.596123	0.000000	-0.000000	-0.000000	-0.000005	0.000000	-0.000033	0.000000	0.000000	0.000000	9.572550	-1.256270	23.610500	-10.802300	0.443516	4.847230	0.000000	-0.000000	0.000000	0.000000	0.000000	0.000000	-12.957300	-59.567902	75.995499	-88.083199	-4.587780	-125.464996	0.000000	-0.000000	-0.000000	0.607266	0.430578	-0.004564	-0.000000	0.000000	0.000000
1.430270	2.319231	-0.491447	-4.351100	5.241650	0.398264	2.909850	-9.861770	-0.243777	-0.000000	-0.000000	-0.000000	-3.293210	9.844090	0.563641	4.999240	-19.965300	0.599254	0.000000	0.000000	-0.000000	0.000005	-0.000000	0.000014	0.000000	0.000000	0.000000	9.768290	-1.007620	24.096300	-9.820300	0.810905	4.803760	-0.000000	0.000000	0.000000	0.000000	0.000000	0.000000	-14.757500	-57.253700	73.653000	-108.537003	-6.586660	-166.983994	0.000000	-0.000000	0.000001	0.671246	0.293855	-0.003442	0.000000	0.000000	-0.000000
-2.259690	2.101820	1.587140	0.312171	5.018600	-0.027307	2.034020	-9.068250	0.369794	0.000000	-0.000000	-0.000000	1.750240	10.584100	-0.321575	3.348680	-20.430401	1.773540	-0.000000	-0.000001	0.000000	-0.000000	0.000000	0.000010	0.000000	0.000000	0.000000	10.614400	-2.255600	16.754801	-5.773670	-0.085535	4.925050	-0.000000	0.000000	-0.000000	0.000000	0.000000	0.000000	-18.883699	-44.890499	66.158302	-132.682007	-4.230890	-177.947006	0.000000	-0.000000	-0.000000	8.145780	-0.442227	0.063298	-0.000000	-0.000000	0.000000
-4.975979	2.286980	3.095030	4.647870	5.882890	-0.477421	0.257404	-11.573100	0.981445	0.000000	-0.000000	0.000000	5.367560	10.848700	-1.013120	3.271710	-20.465300	3.006560	-0.000000	-0.000000	-0.000000	-0.000000	0.000000	-0.000027	0.000000	0.000000	0.000000	10.659100	-3.180790	12.294600	-3.255700	-1.148600	5.008320	0.000000	-0.000000	0.000001	0.000000	0.000000	0.000000	-22.351400	-35.379799	58.004601	-145.380005	-1.147480	178.255997	0.000000	0.000000	0.000000	14.753500	-1.378700	0.363031	-0.000000	0.000000	0.000000
-1.995800	2.446950	2.827140	1.909490	6.822540	-0.226917	0.339706	-14.210900	0.549094	0.000000	-0.000000	0.000000	3.270950	11.358500	-0.644871	1.764050	-21.532400	1.828400	-0.000000	0.000000	0.000000	0.000005	-0.000000	-0.000047	0.000000	0.000000	0.000000	9.263390	-3.235450	13.518400	-7.213770	-2.798980	4.691390	-0.000000	-0.000000	0.000000	0.000000	0.000000	0.000000	-22.639500	-34.557800	57.229801	-144.251999	-5.019740	-179.365005	0.000000	0.000000	0.000000	9.243870	-1.386400	0.225614	0.000000	0.000000	-0.000000
0.780458	2.558780	0.541045	-3.231290	6.719220	0.378474	2.406400	-13.039500	-0.181121	0.000000	-0.000000	0.000000	-2.541310	11.867300	0.522945	4.969880	-23.303801	0.982764	-0.000000	-0.000000	0.000000	0.000000	0.000000	-0.000057	0.000000	0.000000	0.000000	9.608060	-2.352450	17.922400	-11.746200	-2.640110	4.443380	-0.000000	-0.000000	0.000001	0.000000	0.000000	0.000000	-18.829800	-42.735901	65.648300	-130.195007	-9.214050	-172.757004	0.000000	0.000000	0.000000	4.017830	-0.500481	0.035153	-0.000000	-0.000000	0.000000
1.547300	2.082480	-1.002540	-4.224000	6.361520	0.468869	2.022630	-11.294400	-0.426239	-0.000000	-0.000000	-0.000000	-4.378790	10.828600	0.824203	6.479440	-21.201799	0.788279	0.000000	-0.000000	0.000000	0.000005	0.000001	0.000032	0.000000	0.000000	0.000000	10.193000	-2.108490	18.481300	-13.950600	-3.230530	4.268560	-0.000000	0.000000	-0.000001	0.000000	0.000000	0.000000	-16.075199	-52.165199	71.440002	-107.028000	-8.722120	-161.490005	0.000001	-0.000001	-0.000001	1.982310	-0.498924	0.017268	-0.000000	-0.000000	-0.000000
1.803330	2.770670	-2.158190	-4.278480	5.377450	0.401707	2.089140	-10.588600	-0.399027	-0.000000	-0.000000	-0.000000	-4.155910	9.073280	0.656504	5.766090	-19.962601	0.567639	-0.000000	-0.000000	-0.000000	-0.000000	0.000000	-0.000033	0.000000	0.000000	0.000000	10.765000	-2.442420	16.429600	-15.491600	-4.502280	4.022200	0.000000	-0.000000	0.000000	0.000000	0.000000	0.000000	-14.634400	-58.733002	74.176102	-79.907997	-5.151390	-36.707001	-0.000001	0.000000	0.000000	1.175510	0.099098	-0.002034	-0.000000	-0.000000	-0.000001
1.899871	2.289970	-0.999611	-4.448200	5.769860	0.448085	2.033590	-10.613500	-0.440823	0.000000	0.000000	0.000000	-4.331310	9.096140	0.686022	5.658330	-19.312599	0.456995	0.000000	0.000000	-0.000000	-0.000000	0.000000	-0.000060	0.000000	0.000000	0.000000	9.839190	-3.740930	11.014500	-15.267700	-5.245790	4.006970	-0.000000	0.000000	0.000000	0.000000	0.000000	0.000000	-21.045200	-60.221699	67.412102	-50.086498	-3.773620	-3.371210	-0.000001	0.000001	-0.000000	0.925498	0.176160	-0.002846	0.000000	0.000000	0.000000
1.958100	0.081730	0.784637	-4.584850	8.802830	0.703112	2.228910	-11.625900	-0.464112	0.000000	0.000000	-0.000000	-4.248950	13.354800	0.983136	5.086730	-22.016600	0.357228	0.000000	0.000000	-0.000000	0.000005	-0.000000	0.000003	0.000000	0.000000	0.000000	8.480140	-4.390450	8.129550	-14.321000	-3.728710	4.479770	0.000000	0.000000	-0.000000	0.000000	0.000000	0.000000	-22.198000	-52.097099	64.390297	-37.895500	-4.682280	-2.398940	0.000000	-0.000000	0.000000	0.534637	-1.106730	0.010326	0.000000	-0.000000	-0.000000
1.708121	-0.303177	1.402620	-4.037210	10.030800	0.704330	1.837210	-12.491000	-0.462672	0.000000	0.000000	-0.000000	-3.964380	14.661400	1.004920	5.299030	-22.132601	0.551632	-0.000000	-0.000000	0.000000	-0.000000	0.000000	-0.000005	0.000000	0.000000	0.000000	8.435900	-4.474250	7.532560	-13.646900	-3.242530	4.628910	0.000000	-0.000000	0.000000	0.000000	0.000000	0.000000	-20.198299	-44.502399	64.483002	-35.155800	-7.839220	-4.372970	-0.000000	0.000000	0.000000	0.245576	-1.056100	0.004526	-0.000000	0.000000	-0.000000
1.567210	-0.172933	1.229140	-3.661640	10.261900	0.653177	1.570210	-13.194200	-0.464176	0.000000	-0.000000	0.000000	-3.717720	15.053300	0.966830	5.371740	-23.065300	0.698240	0.000000	0.000000	-0.000000	-0.000000	0.000000	-0.000023	0.000000	0.000000	0.000000	9.109460	-4.011670	9.667030	-14.029200	-2.858130	4.641010	0.000000	0.000000	0.000000	0.000000	0.000000	0.000000	-18.983999	-43.168201	65.525497	-29.384600	-7.948510	-3.372080	0.000000	-0.000001	0.000000	0.261339	-1.161910	0.005299	-0.000000	-0.000000	0.000000
1.289870	-0.146357	0.935436	-2.845750	10.242800	0.506439	0.862699	-13.116900	-0.439897	-0.000000	-0.000000	0.000000	-3.124660	15.229600	0.821577	5.152730	-23.796801	0.862956	0.000000	-0.000000	-0.000000	-0.000005	0.000000	-0.000012	0.000000	0.000000	0.000000	9.704140	-3.323790	12.741900	-14.337300	-1.473610	4.877770	0.000000	0.000000	-0.000001	0.000000	0.000000	0.000000	-17.922001	-42.230301	66.557297	-33.618599	-8.306140	-4.420680	-0.000000	-0.000000	0.000000	0.152145	-1.252540	0.003325	0.000000	0.000000	-0.000000
1.295930	-0.484894	0.695165	-3.053480	10.026500	0.532113	1.190720	-11.850700	-0.373080	-0.000000	-0.000000	0.000000	-3.119050	15.333900	0.825578	5.136880	-23.112101	0.835997	-0.000000	0.000000	0.000000	-0.000000	0.000000	-0.000006	0.000000	0.000000	0.000000	9.807430	-2.418620	17.063400	-13.077400	0.145139	5.058100	-0.000000	0.000000	-0.000000	0.000000	0.000000	0.000000	-19.136499	-45.740700	66.204903	-36.769600	-7.395530	-4.418320	-0.000000	0.000000	-0.000000	0.192180	-1.452070	0.004869	-0.000000	-0.000000	-0.000000
1.374480	0.256773	0.331521	-3.191240	9.340410	0.518465	1.364580	-12.117900	-0.374690	0.000000	0.000000	0.000000	-3.170810	13.920700	0.763571	4.993700	-22.009501	0.718298	0.000000	0.000000	0.000000	0.000000	0.000000	0.000002	0.000000	0.000000	0.000000	9.858840	-2.245730	17.960800	-11.921800	0.895014	5.175480	0.000000	0.000000	-0.000001	0.000000	0.000000	0.000000	-19.763500	-54.480400	67.641098	-44.346901	-3.994060	-2.773150	-0.000000	-0.000000	-0.000000	0.517646	-0.815974	0.007372	0.000000	-0.000000	0.000000
1.420110	-0.320482	0.248980	-3.720920	9.830490	0.636160	1.666550	-12.041300	-0.417331	0.000000	-0.000000	0.000000	-3.674690	14.828600	0.941673	5.486840	-23.135401	0.760386	-0.000000	0.000000	-0.000000	-0.000000	0.000000	-0.000019	0.000000	0.000000	0.000000	9.596280	-1.520120	21.744900	-11.490000	1.648150	5.096000	0.000000	0.000000	-0.000001	0.000000	0.000000	0.000000	-23.086500	-58.176601	64.787300	-61.252399	-5.591840	-9.434980	0.000000	-0.000000	0.000000	0.582457	-1.208110	0.012280	-0.000000	0.000000	0.000000
1.162350	0.536831	-0.204285	-3.520940	8.835460	0.541478	2.221220	-12.049800	-0.262644	-0.000000	-0.000000	0.000000	-3.757970	13.584600	0.883877	6.665370	-22.028000	1.130820	0.000000	-0.000001	-0.000000	-0.000000	-0.000000	-0.000040	0.000000	0.000000	0.000000	10.181000	-1.386050	21.498899	-12.027500	0.366591	4.898250	-0.000000	-0.000000	0.000001	0.000000	0.000000	0.000000	-26.520300	-63.640400	62.195202	-79.968102	-6.319390	-44.587200	0.000002	0.000000	-0.000001	0.505451	-0.748920	0.006606	-0.000000	-0.000000	0.000000
0.939282	0.248051	-0.177856	-2.421890	9.037700	0.380667	1.218710	-11.946700	-0.242872	0.000000	-0.000000	0.000000	-2.693870	13.228600	0.616894	5.899970	-21.052000	1.178490	-0.000000	0.000000	0.000000	-0.000000	0.000000	0.000008	0.000000	0.000000	0.000000	10.506600	-1.109440	22.119301	-12.730400	-0.103134	4.769590	-0.000000	0.000000	0.000000	0.000000	0.000000	0.000000	-29.464100	-63.578701	59.196400	-100.310997	-8.852040	-154.307007	-0.000000	0.000000	-0.000001	0.417203	-1.145220	0.008338	0.000000	-0.000000	-0.000000
0.598380	0.646127	1.260650	-1.559730	8.702390	0.236052	0.977515	-11.377100	-0.111317	0.000000	0.000000	0.000000	-1.215910	13.319300	0.280166	4.368290	-21.763500	1.181990	0.000000	-0.000001	0.000000	0.000000	-0.000000	-0.000016	0.000000	0.000000	0.000000	10.690500	-2.156540	17.043400	-14.470700	-0.705333	4.864180	-0.000000	0.000000	0.000001	0.000000	0.000000	0.000000	-27.546600	-53.564301	58.983299	-123.917000	-9.484730	-170.692001	-0.000000	0.000000	-0.000000	1.094100	-0.724051	0.013827	-0.000000	0.000000	0.000000
-0.093610	1.553130	3.245360	-1.031890	7.682680	0.137968	1.033390	-11.763400	0.002188	-0.000000	0.000000	0.000000	-0.646007	13.491200	0.150724	4.030050	-23.629700	1.364880	-0.000000	0.000000	-0.000000	-0.000005	0.000000	-0.000044	0.000000	0.000000	0.000000	10.531200	-4.541350	5.978750	-13.833300	-1.410180	5.136860	-0.000000	0.000000	-0.000000	0.000000	0.000000	0.000000	-25.661900	-42.837299	57.397301	-141.024994	-7.848090	-176.781006	0.000001	0.000000	-0.000000	2.577100	-2.814970	0.126648	0.000000	-0.000000	0.000000
-0.126163	1.674970	2.462940	-0.519469	6.967060	0.063016	0.380752	-11.503400	-0.026904	-0.000000	-0.000000	0.000000	-0.212211	13.633600	0.050027	3.766540	-24.374599	1.470910	-0.000000	-0.000001	-0.000000	-0.000000	-0.000000	0.000024	0.000000	0.000000	0.000000	10.119400	-4.489040	6.529100	-14.120100	-1.366870	5.154000	-0.000000	-0.000000	-0.000000	0.000000	0.000000	0.000000	-24.934601	-40.833599	57.511600	-141.854996	-7.561390	-177.253006	0.000000	-0.000000	0.000000	2.744610	-1.917810	0.091920	-0.000000	-0.000000	0.000000
0.798674	1.573570	1.403240	-1.918880	6.827940	0.228219	0.715372	-10.907400	-0.225190	-0.000000	-0.000000	0.000000	-1.801160	13.386600	0.417142	4.329520	-23.939600	1.046390	0.000000	0.000000	-0.000000	-0.000005	0.000000	0.000039	0.000000	0.000000	0.000000	9.536330	-4.171020	8.641220	-14.559500	-0.876553	5.233040	0.000000	0.000000	-0.000000	0.000000	0.000000	0.000000	-25.434401	-47.148800	59.393200	-130.098007	-9.172450	-173.151993	-0.000000	-0.000000	0.000000	1.460130	-0.892439	0.022746	-0.000000	0.000000	0.000000
0.582478	0.004238	0.029181	-2.181370	8.361940	0.317382	1.547060	-10.717600	-0.113657	0.000000	-0.000000	0.000000	-2.104750	14.095600	0.512815	5.234730	-22.601000	1.228330	-0.000000	-0.000000	0.000000	-0.000000	-0.000000	0.000015	0.000000	0.000000	0.000000	9.989690	-3.096450	13.733900	-13.610200	0.547552	5.378710	-0.000000	-0.000000	0.000001	0.000000	0.000000	0.000000	-23.988199	-54.795700	63.193199	-109.148003	-9.712490	-162.106003	-0.000000	0.000000	0.000000	0.918260	-1.519330	0.024348	-0.000000	-0.000000	-0.000000
0.546586	0.628008	-1.300470	-2.208420	8.104430	0.311494	1.543600	-11.104900	-0.123810	0.000000	-0.000000	0.000000	-2.287810	12.988000	0.514445	5.599030	-21.993200	1.263210	0.000000	-0.000001	-0.000000	-0.000000	-0.000000	0.000047	0.000000	0.000000	0.000000	10.390500	-2.779690	15.074500	-13.987100	-1.147730	4.965750	-0.000000	0.000000	-0.000001	0.000000	0.000000	0.000000	-22.635799	-61.803200	66.053398	-84.486603	-7.715950	-83.303101	0.000000	-0.000000	0.000000	0.725020	-1.151630	0.014572	0.000000	-0.000000	0.000000
0.629049	-0.086060	-0.682974	-2.091640	8.916920	0.324354	1.195390	-11.358900	-0.171559	-0.000000	-0.000000	-0.000000	-2.260150	13.586800	0.531218	5.438360	-21.969500	1.213790	0.000000	0.000000	-0.000000	-0.000000	-0.000000	-0.000008	0.000000	0.000000	0.000000	10.068600	-3.291380	12.823700	-14.230900	-0.898483	5.097990	0.000000	0.000000	-0.000001	0.000000	0.000000	0.000000	-22.360600	-62.942600	66.429802	-58.540100	-4.178870	-5.897490	-0.000002	-0.000000	-0.000000	0.849016	-1.294590	0.019182	0.000000	-0.000000	-0.000000
0.974909	-0.291955	0.795751	-2.439380	9.205770	0.390489	1.029620	-11.504100	-0.274948	-0.000000	-0.000000	-0.000000	-2.828100	13.352200	0.653622	5.631780	-20.687201	1.018210	-0.000000	-0.000000	0.000000	-0.000000	0.000000	0.000054	0.000000	0.000000	0.000000	9.925280	-3.948810	9.443110	-14.690900	-1.207360	5.106300	-0.000000	-0.000000	0.000000	0.000000	0.000000	0.000000	-26.003201	-60.857201	62.173401	-37.324501	-2.774160	-0.908007	-0.000000	-0.000000	-0.000000	0.476333	-1.524500	0.012672	0.000000	0.000000	-0.000000
1.059960	-0.133064	2.320500	-2.815730	9.300440	0.455416	1.232180	-11.895700	-0.318862	0.000000	-0.000000	0.000000	-3.139740	14.866400	0.806311	5.670260	-22.998899	1.030420	0.000000	0.000001	-0.000000	-0.000005	0.000000	-0.000032	0.000000	0.000000	0.000000	9.884550	-4.823210	4.871540	-14.651200	-2.262400	4.955350	0.000000	-0.000000	0.000000	0.000000	0.000000	0.000000	-22.663401	-52.519901	63.826599	-32.282902	-2.387410	-0.215111	-0.000000	-0.000000	0.000000	0.387295	-1.293130	0.008740	-0.000000	0.000000	-0.000000
0.900119	-0.357359	3.022860	-2.149410	8.443940	0.315772	0.538785	-9.845110	-0.271479	0.000000	0.000000	0.000000	-1.974870	14.490000	0.494323	4.194830	-22.388100	0.869854	0.000000	0.000000	-0.000000	-0.000005	0.000000	-0.000011	0.000000	0.000000	0.000000	9.961690	-4.999220	3.869660	-14.023800	-2.046420	5.035470	-0.000000	-0.000001	0.000000	0.000000	0.000000	0.000000	-19.875099	-45.993698	65.143097	-28.876200	-3.860500	-0.930546	0.000000	-0.000000	0.000000	0.180423	-1.398690	0.004403	-0.000000	-0.000000	-0.000000
0.715966	0.394645	2.781981	-1.321830	7.773330	0.178818	-0.621940	-9.370200	-0.314613	0.000000	0.000000	0.000000	-1.623070	13.837000	0.388281	4.275650	-21.999500	1.011930	0.000000	-0.000001	0.000000	0.000000	-0.000000	0.000020	0.000000	0.000000	0.000000	10.310100	-4.670460	5.498410	-14.154100	-1.320400	5.189930	-0.000000	-0.000000	-0.000000	0.000000	0.000000	0.000000	-18.470800	-43.053600	65.937798	-28.316799	-5.939880	-2.105960	-0.000000	-0.000000	0.000000	0.307725	-1.052410	0.005652	0.000000	-0.000000	-0.000000
1.151160	1.487470	2.400410	-2.049990	5.776510	0.206419	0.003903	-8.867120	-0.313919	0.000000	-0.000000	-0.000000	-2.121560	10.986200	0.404492	4.239870	-19.859501	0.733136	-0.000000	0.000001	-0.000000	-0.000000	-0.000000	0.000050	0.000000	0.000000	0.000000	10.638800	-4.637290	5.674860	-14.648900	-0.579327	5.416310	0.000000	0.000000	0.000000	0.000000	0.000000	0.000000	-18.593901	-44.701900	66.349297	-29.544100	-4.269580	-1.212890	0.000000	0.000000	0.000000	0.177619	-0.621633	0.001927	-0.000000	-0.000000	-0.000000
1.179410	0.723873	2.728230	-2.054150	7.220330	0.258289	0.289756	-10.616500	-0.322163	-0.000000	0.000000	0.000000	-1.809070	12.260900	0.384308	3.400900	-20.977600	0.584785	-0.000000	0.000000	0.000000	0.000000	0.000000	-0.000055	0.000000	0.000000	0.000000	10.270400	-4.262410	7.546200	-14.117700	1.913320	5.942950	0.000000	-0.000000	0.000001	0.000000	0.000000	0.000000	-20.393700	-45.178299	64.331902	-33.053799	-5.151640	-2.098770	0.000000	-0.000000	0.000000	0.061416	-0.911363	0.000976	-0.000000	-0.000000	0.000000
1.105560	0.481017	2.422461	-2.377940	7.318370	0.303083	1.098900	-10.198300	-0.223069	-0.000000	-0.000000	0.000000	-1.983950	12.559100	0.431572	4.015190	-20.647600	0.733274	0.000000	-0.000000	0.000000	0.000000	-0.000000	-0.000021	0.000000	0.000000	0.000000	10.086100	-3.872330	9.591610	-13.627700	3.104090	6.120670	0.000000	0.000000	0.000001	0.000000	0.000000	0.000000	-26.772100	-51.677502	59.175098	-30.126200	-8.428240	-3.903540	-0.000000	-0.000001	0.000000	0.084095	-0.975972	0.001432	0.000000	0.000000	-0.000000
1.292350	0.418354	1.651260	-3.249230	7.340410	0.415577	2.074710	-9.753170	-0.194483	-0.000000	0.000000	0.000000	-2.878590	13.446400	0.669914	5.118180	-22.411699	0.884374	0.000000	-0.000000	0.000000	-0.000000	0.000000	0.000002	0.000000	0.000000	0.000000	9.726020	-3.219300	13.263000	-13.285800	3.300880	5.994450	0.000000	0.000000	-0.000000	0.000000	0.000000	0.000000	-28.374800	-55.757198	58.596199	-41.338402	-9.523440	-7.621650	0.000000	-0.000000	0.000000	0.405039	-0.792504	0.005602	-0.000000	0.000000	-0.000000
1.359620	0.829792	0.323538	-3.691240	5.688310	0.366370	2.484210	-7.526530	-0.155747	0.000000	-0.000000	0.000000	-3.119500	12.293100	0.664814	5.171130	-21.739100	0.786699	-0.000000	0.000000	-0.000000	0.000005	0.000000	-0.000012	0.000000	0.000000	0.000000	9.954820	-2.363460	17.394300	-13.600900	2.689730	5.722550	0.000000	0.000000	-0.000000	0.000000	0.000000	0.000000	-26.733500	-59.469799	61.223301	-59.690399	-8.020310	-13.336200	-0.000002	0.000000	0.000000	0.225905	-0.583384	0.002300	-0.000000	-0.000000	-0.000000
1.059500	0.575412	-0.321016	-3.035360	6.889560	0.364449	1.986060	-9.234180	-0.164882	0.000000	0.000000	0.000000	-2.955480	12.441300	0.637268	5.673460	-21.142900	1.006100	-0.000000	0.000000	0.000000	0.000000	-0.000000	-0.000009	0.000000	0.000000	0.000000	10.441100	-1.823740	19.252199	-14.195100	2.203720	5.569400	-0.000000	-0.000000	0.000001	0.000000	0.000000	0.000000	-25.533100	-61.053001	62.824200	-80.826103	-8.681340	-58.913700	-0.000000	-0.000000	-0.000001	0.220224	-0.939638	0.003611	-0.000000	-0.000000	0.000000
0.761630	1.115740	-0.681387	-2.134330	7.140880	0.265441	1.066750	-10.604500	-0.193443	-0.000000	-0.000000	-0.000000	-2.423710	12.070000	0.507111	5.791620	-21.373501	1.248240	0.000000	-0.000000	0.000000	-0.000000	-0.000000	-0.000040	0.000000	0.000000	0.000000	11.013500	-1.736430	18.900101	-15.089600	0.152034	5.119460	-0.000000	-0.000000	0.000000	0.000000	0.000000	0.000000	-24.011801	-59.641800	64.209198	-103.282997	-10.063600	-155.000000	-0.000000	0.000000	0.000001	0.067478	-0.726971	0.000856	0.000000	0.000000	0.000000
0.347927	1.186540	0.369296	-1.466360	6.888590	0.175915	1.101070	-10.293500	-0.063387	0.000000	-0.000000	0.000000	-1.470090	12.068200	0.307432	5.184050	-21.535299	1.376910	-0.000000	0.000000	-0.000000	-0.000000	-0.000000	-0.000008	0.000000	0.000000	0.000000	11.138500	-2.532790	15.124900	-15.029200	-0.719138	5.031310	-0.000000	-0.000000	0.000000	0.000000	0.000000	0.000000	-21.865101	-50.926201	64.565300	-126.321999	-10.734200	-169.888000	0.000000	0.000000	0.000001	0.922783	-2.157560	0.034742	0.000000	0.000000	0.000000
-1.365810	0.956450	3.798680	0.576437	6.285990	-0.063114	0.795715	-9.080730	0.216050	-0.000000	-0.000000	-0.000000	1.272850	13.093300	-0.288385	3.412310	-22.844400	1.809440	-0.000000	-0.000000	-0.000000	-0.000000	0.000000	-0.000033	0.000000	0.000000	0.000000	12.174400	-4.852980	4.038030	-14.687800	-1.343840	5.215690	0.000000	0.000000	-0.000000	0.000000	0.000000	0.000000	-22.924900	-38.950600	58.917900	-143.285004	-8.283860	-176.845001	-0.000000	0.000000	0.000001	3.420390	-1.733220	0.103575	0.000000	-0.000000	0.000000
-0.373109	1.421960	2.901470	0.744129	5.977550	-0.077494	-0.560569	-9.658700	0.030114	-0.000000	-0.000000	-0.000000	1.099310	13.657400	-0.259588	2.802710	-24.401800	1.601220	0.000000	-0.000000	0.000000	-0.000000	0.000000	-0.000029	0.000000	0.000000	0.000000	11.635600	-4.706690	4.929890	-15.416300	-1.256280	5.245850	-0.000000	0.000000	-0.000000	0.000000	0.000000	0.000000	-20.419701	-36.211102	60.872898	-145.106995	-9.089720	-176.658997	-0.000000	-0.000000	0.000001	1.747340	-1.291300	0.039388	0.000000	-0.000000	-0.000000
-0.249474	1.654530	0.580624	0.376352	6.077810	-0.039845	-0.784968	-10.143900	-0.072344	-0.000000	-0.000000	-0.000000	0.431897	11.472600	-0.085900	3.257970	-21.542000	1.353290	0.000000	0.000000	0.000000	0.000005	-0.000000	0.000026	0.000000	0.000000	0.000000	11.940500	-3.320760	11.008500	-15.949000	-0.732644	5.235920	-0.000000	0.000000	0.000000	0.000000	0.000000	0.000000	-18.989201	-40.747101	64.835197	-134.531998	-10.152900	-173.281998	-0.000000	-0.000000	0.000000	0.913474	-0.965530	0.015394	0.000000	0.000000	0.000000
0.282861	1.280300	-1.109740	-0.380051	6.653250	0.044037	-0.609647	-9.970270	-0.170932	0.000000	0.000000	0.000000	-0.534698	11.413000	0.105814	4.177380	-20.692101	1.292390	-0.000000	0.000001	0.000000	0.000000	0.000000	0.000002	0.000000	0.000000	0.000000	11.948500	-2.228450	15.752600	-16.244301	0.390262	5.409010	-0.000000	-0.000000	0.000001	0.000000	0.000000	0.000000	-19.001900	-50.589001	67.872902	-113.795998	-10.235600	-164.307999	0.000001	0.000000	-0.000001	0.612938	-0.849494	0.009088	0.000000	-0.000000	-0.000000
0.330679	1.168180	-1.858190	-0.855943	6.777090	0.101018	-0.131635	-9.785070	-0.166845	0.000000	-0.000000	-0.000000	-0.759352	11.089000	0.146062	3.987740	-20.194401	1.120400	0.000000	-0.000000	-0.000000	-0.000000	0.000000	0.000038	0.000000	0.000000	0.000000	11.503700	-2.290100	16.123899	-15.209200	0.936953	5.537730	0.000000	0.000000	-0.000001	0.000000	0.000000	0.000000	-18.128300	-56.166100	70.023804	-90.968002	-8.754220	-126.155998	-0.000000	0.000001	0.000000	0.671336	-0.741356	0.008686	0.000000	-0.000000	0.000000
0.322398	0.813915	-1.671330	-1.007000	7.047210	0.123562	0.101278	-9.770170	-0.152423	0.000000	0.000000	-0.000000	-0.796776	11.450200	0.158187	3.874790	-20.744101	1.096750	-0.000000	-0.000000	0.000000	-0.000000	-0.000000	0.000023	0.000000	0.000000	0.000000	10.986200	-2.635700	15.165500	-14.471000	0.995286	5.554880	0.000000	-0.000000	-0.000000	0.000000	0.000000	0.000000	-21.550301	-57.626999	66.568001	-64.420303	-8.861840	-18.519199	0.000000	-0.000000	0.000000	0.378373	-1.024570	0.006765	0.000000	-0.000000	0.000000
0.482931	0.100271	-0.670741	-1.413610	8.039250	0.197738	0.629961	-10.555800	-0.141025	0.000000	0.000000	0.000000	-0.935348	12.952500	0.209674	3.602330	-21.876101	1.003210	0.000000	-0.000000	-0.000000	-0.000000	-0.000000	-0.000025	0.000000	0.000000	0.000000	11.165300	-2.986010	13.190800	-14.759200	0.952857	5.595660	0.000000	-0.000000	0.000001	0.000000	0.000000	0.000000	-25.027901	-55.015400	62.232201	-42.611698	-11.442100	-9.839870	-0.000001	-0.000000	-0.000000	0.032966	-1.267220	0.000728	-0.000000	0.000000	0.000000
0.320366	-0.560427	0.090867	-1.037310	9.372240	0.168946	0.543761	-11.362800	-0.094518	0.000000	0.000000	-0.000000	-1.005060	14.022000	0.243551	4.357860	-21.468100	1.239270	0.000000	0.000000	-0.000000	0.000000	0.000000	-0.000009	0.000000	0.000000	0.000000	10.856600	-3.194720	12.377400	-14.442100	0.983151	5.586760	0.000000	0.000000	0.000000	0.000000	0.000000	0.000000	-21.221001	-48.005901	64.554901	-35.932598	-8.710490	-5.207070	-0.000000	-0.000000	0.000000	-0.312704	-1.404730	-0.007667	0.000000	0.000000	0.000000
0.296273	-0.957097	0.021109	-1.068600	10.221500	0.189653	0.648278	-12.165300	-0.085008	-0.000000	-0.000000	-0.000000	-1.410370	14.449800	0.352006	5.144650	-21.134701	1.364240	-0.000000	0.000000	-0.000000	-0.000000	0.000000	0.000007	0.000000	0.000000	0.000000	10.976300	-2.810290	13.965100	-14.668500	1.043940	5.533350	-0.000000	0.000000	-0.000001	0.000000	0.000000	0.000000	-16.848801	-41.842899	67.916603	-34.620300	-5.812050	-2.625020	0.000000	0.000001	-0.000000	-0.177388	-1.664060	-0.005152	0.000000	-0.000000	-0.000000
0.037246	0.104945	-0.468299	-0.337255	8.958970	0.052524	0.010487	-11.748100	-0.065701	-0.000000	0.000000	-0.000000	-0.584388	14.000300	0.141390	4.528960	-22.603901	1.524870	-0.000000	0.000000	0.000000	-0.000000	-0.000000	0.000018	0.000000	0.000000	0.000000	11.827300	-2.774400	13.429800	-15.529000	-0.511291	5.197570	-0.000000	0.000000	0.000000	0.000000	0.000000	0.000000	-12.446400	-40.856800	73.318497	-29.794100	-0.819598	0.948629	0.000000	-0.000000	0.000000	-0.260322	-1.434600	-0.006518	-0.000000	0.000000	-0.000000
-0.094224	-0.362736	-0.893896	-0.274781	9.696040	0.046283	0.342929	-12.188100	0.015212	-0.000000	0.000000	0.000000	-0.148559	14.777300	0.037897	3.954370	-23.589001	1.526830	0.000000	0.000000	-0.000000	-0.000000	-0.000000	0.000017	0.000000	0.000000	0.000000	12.074100	-2.231440	15.446800	-15.386800	0.958082	5.518450	-0.000000	-0.000000	0.000000	0.000000	0.000000	0.000000	-10.813100	-40.184601	75.367996	-28.071301	1.199590	2.089410	-0.000000	-0.000000	0.000000	-0.214588	-1.584410	-0.005934	-0.000000	0.000000	0.000000
-0.068365	-0.038768	-1.015440	-0.125712	9.574510	0.020914	0.018874	-12.251300	-0.022305	-0.000000	0.000000	-0.000000	-0.023644	14.366900	0.005874	3.721780	-23.106001	1.453260	-0.000000	0.000001	0.000000	-0.000000	0.000000	0.000035	0.000000	0.000000	0.000000	12.022600	-2.370170	14.978400	-15.298500	0.481809	5.416160	-0.000000	-0.000000	0.000001	0.000000	0.000000	0.000000	-12.105500	-40.185299	73.671303	-31.004101	-0.982994	0.882786	0.000000	-0.000000	0.000000	-0.279262	-1.566340	-0.007634	-0.000000	-0.000000	-0.000000
-0.146812	0.082365	-0.994656	-0.079977	9.307740	0.012940	0.425437	-12.664200	0.075962	0.000000	-0.000000	0.000000	-0.343684	12.867800	0.076547	4.992330	-20.589001	1.640940	0.000000	-0.000000	-0.000000	-0.000000	0.000000	0.000036	0.000000	0.000000	0.000000	12.108400	-2.265230	15.311600	-15.362500	0.552075	5.420610	0.000000	0.000000	-0.000001	0.000000	0.000000	0.000000	-14.516500	-42.469799	71.166496	-33.840000	-4.280750	-1.499690	0.000000	-0.000000	0.000000	-0.376850	-1.178210	-0.007749	-0.000000	0.000000	-0.000000
-0.235603	0.100579	-1.305290	0.042202	9.650350	-0.007069	0.395064	-13.165600	0.099453	0.000000	-0.000000	-0.000000	-0.319898	13.683100	0.075681	5.288960	-21.981199	1.867360	0.000000	-0.000000	-0.000000	-0.000000	-0.000000	0.000029	0.000000	0.000000	0.000000	12.100300	-2.233270	15.483700	-15.193500	0.317784	5.352520	0.000000	0.000000	-0.000000	0.000000	0.000000	0.000000	-17.853800	-48.146198	68.638199	-36.838501	-7.596710	-4.589370	0.000000	0.000000	-0.000000	-0.161911	-1.398150	-0.003952	-0.000000	-0.000000	0.000000
0.053507	0.236083	-2.500670	-0.667860	9.261570	0.107495	0.549482	-12.205100	-0.023191	-0.000000	0.000000	-0.000000	-0.860538	13.201500	0.196546	5.066080	-21.489599	1.551390	-0.000000	-0.000000	-0.000000	0.000000	-0.000000	-0.000051	0.000000	0.000000	0.000000	11.734000	-1.594400	18.711300	-15.586100	0.345937	5.262490	-0.000000	-0.000000	-0.000001	0.000000	0.000000	0.000000	-15.174400	-54.568001	73.083397	-49.674099	-4.219650	-3.790440	-0.000001	0.000001	-0.000000	0.296080	-1.625610	0.008398	0.000000	-0.000000	-0.000000
0.254157	0.061575	-2.913090	-1.486670	9.982970	0.257783	1.116060	-13.235000	-0.079701	-0.000000	0.000000	-0.000000	-1.579060	13.648100	0.372689	5.171430	-22.441299	1.389950	0.000000	0.000000	0.000000	0.000000	0.000000	-0.000016	0.000000	0.000000	0.000000	11.289900	-1.454910	19.952999	-15.378400	0.494400	5.244250	0.000000	0.000000	-0.000000	0.000000	0.000000	0.000000	-15.133300	-57.575802	73.605598	-69.834900	-5.777190	-16.024300	-0.000000	0.000000	-0.000000	0.284254	-1.409120	0.006990	0.000000	0.000000	0.000000
0.325906	-0.202898	-3.028520	-1.784590	10.643200	0.329709	1.399080	-13.479400	-0.082710	-0.000000	0.000000	0.000000	-1.957900	14.452400	0.488831	5.677660	-23.069799	1.483700	0.000000	0.000000	0.000000	0.000000	0.000000	0.000007	0.000000	0.000000	0.000000	11.077900	-1.218770	21.249599	-15.119100	0.669937	5.211500	0.000000	0.000001	-0.000001	0.000000	0.000000	0.000000	-17.055401	-60.289799	71.905098	-89.851402	-8.129070	-123.389999	0.000000	-0.000000	-0.000000	0.165905	-1.294780	0.003748	0.000000	0.000000	0.000001
-0.228737	1.256710	-2.534110	-0.922412	8.404850	0.134841	0.953024	-12.038100	0.008446	0.000000	0.000000	0.000000	-1.014640	11.731300	0.206325	5.274110	-20.621500	1.510070	0.000000	0.000001	-0.000000	0.000000	-0.000000	-0.000002	0.000000	0.000000	0.000000	11.384600	-2.276570	16.348900	-15.086100	-2.131010	4.697610	-0.000000	-0.000000	0.000001	0.000000	0.000000	0.000000	-21.519100	-60.184200	67.122101	-111.195000	-10.455300	-162.192993	0.000000	-0.000000	-0.000000	0.691764	-1.158510	0.013987	0.000000	0.000000	-0.000000
-4.683249	1.694920	2.204550	5.235150	7.049280	-0.644236	-1.178230	-10.980100	0.766362	0.000000	-0.000000	0.000000	5.047090	11.883300	-1.041870	3.662270	-21.363800	3.153770	-0.000000	0.000000	0.000000	0.000000	-0.000000	-0.000015	0.000000	0.000000	0.000000	13.115100	-6.203560	-1.371480	-12.192400	-2.383190	5.189790	-0.000000	0.000000	-0.000000	0.000000	0.000000	0.000000	-30.123800	-46.172798	53.939899	-132.921997	-5.243860	-177.972000	-0.000000	-0.000000	0.000000	9.369690	-3.391410	0.559255	0.000000	0.000000	0.000000
-6.182371	2.738620	4.238271	8.784390	5.128700	-0.791423	-3.496000	-11.426400	1.043460	-0.000000	0.000000	0.000000	8.885330	10.892000	-1.692050	0.858854	-21.997999	3.618510	0.000000	-0.000000	-0.000000	-0.000001	0.000000	-0.000008	0.000000	0.000000	0.000000	11.890100	-8.656210	-11.969400	-10.691900	-2.882180	5.298320	0.000000	0.000000	0.000000	0.000000	0.000000	0.000000	-32.197701	-36.359100	47.164101	-143.113007	-2.408340	178.363007	-0.000000	0.000000	-0.000000	12.999600	-5.391370	1.242620	0.000000	0.000000	0.000001
-6.888429	3.243010	3.027460	9.467940	4.457600	-0.742588	-3.466430	-10.911500	1.134530	-0.000000	-0.000000	0.000000	9.788610	10.915600	-1.871170	0.662649	-22.995300	4.049780	0.000000	-0.000000	0.000000	0.000004	0.000000	-0.000012	0.000000	0.000000	0.000000	11.995000	-7.614510	-7.547820	-10.874600	-2.597110	5.314670	0.000000	0.000000	-0.000000	0.000000	0.000000	0.000000	-32.076302	-36.991699	47.765301	-140.944000	-2.104080	178.138000	-0.000000	-0.000001	-0.000001	15.145600	-6.061110	1.637080	-0.000000	0.000000	0.000000
-2.074240	1.314610	-1.227970	2.953150	7.786230	-0.400429	-1.555550	-11.900800	0.282637	0.000000	0.000000	0.000000	3.223400	13.617200	-0.759647	2.360230	-24.136801	2.251890	-0.000000	-0.000000	0.000000	-0.000000	0.000000	-0.000031	0.000000	0.000000	0.000000	10.667500	-3.524770	11.249400	-12.506200	0.225097	5.443750	0.000000	0.000000	-0.000000	0.000000	0.000000	0.000000	-25.261999	-47.264801	59.961201	-127.941002	-8.706800	-173.367996	-0.000000	-0.000000	0.000001	6.126400	-2.580940	0.276928	0.000000	-0.000000	0.000000
-0.604705	0.840082	-2.962460	-0.072472	8.086650	0.010199	0.369071	-10.798400	0.055699	-0.000000	0.000000	0.000000	0.120520	12.607100	-0.026299	4.255550	-21.563601	1.609980	0.000000	0.000001	-0.000000	-0.000000	0.000000	-0.000027	0.000000	0.000000	0.000000	10.763400	-2.381100	16.686001	-13.125600	0.855850	5.426310	-0.000000	-0.000000	0.000000	0.000000	0.000000	0.000000	-22.151400	-56.465199	65.851097	-105.807999	-10.522700	-157.386002	0.000000	-0.000000	-0.000001	2.693140	-1.773300	0.083399	0.000000	-0.000000	0.000000
-0.003734	0.260678	-3.424551	-1.283930	8.951310	0.199810	1.121920	-10.741700	-0.027286	0.000000	0.000000	-0.000000	-1.489720	13.368500	0.344521	5.629320	-21.721399	1.549350	0.000000	-0.000000	0.000000	0.000000	-0.000000	-0.000032	0.000000	0.000000	0.000000	11.106200	-2.151050	17.302099	-13.635200	0.860574	5.430840	0.000000	-0.000000	0.000000	0.000000	0.000000	0.000000	-17.983801	-59.250500	70.823402	-81.804703	-8.213100	-62.585098	-0.000001	0.000000	0.000000	1.483100	-1.341330	0.034724	-0.000000	0.000000	-0.000000
0.208640	-0.330690	-2.458270	-1.388140	8.949060	0.215980	0.827017	-9.805480	-0.092691	-0.000000	-0.000000	-0.000000	-1.478640	12.636800	0.323559	4.999240	-19.420900	1.183870	0.000000	-0.000000	0.000000	0.000000	0.000000	0.000057	0.000000	0.000000	0.000000	10.822300	-2.909920	14.032300	-13.537800	0.993292	5.563550	-0.000000	0.000000	-0.000000	0.000000	0.000000	0.000000	-22.448500	-59.101799	65.954697	-54.317299	-10.291400	-13.988800	0.000000	-0.000000	0.000000	0.892296	-1.385660	0.021579	-0.000000	-0.000000	0.000000
-0.002550	0.713095	-1.564760	-0.968064	7.934220	0.133644	0.913983	-10.129200	-0.007886	0.000000	0.000000	0.000000	-0.971124	12.405000	0.208643	4.825070	-20.713800	1.372980	0.000000	-0.000000	-0.000000	-0.000000	0.000000	-0.000032	0.000000	0.000000	0.000000	11.856300	-3.832950	8.986790	-15.286200	-1.300790	5.195330	-0.000000	-0.000000	0.000000	0.000000	0.000000	0.000000	-24.630699	-54.516998	62.644100	-38.973900	-11.743700	-8.690260	-0.000000	0.000000	0.000000	0.116661	-1.210990	0.002465	-0.000000	0.000000	0.000000
0.044932	-0.086736	-1.100770	-0.743012	9.121060	0.117794	0.592676	-10.611500	-0.025959	-0.000000	-0.000000	-0.000000	-0.903122	13.820700	0.215765	5.063630	-21.440001	1.532690	0.000000	-0.000000	-0.000000	-0.000005	-0.000000	-0.000003	0.000000	0.000000	0.000000	11.611500	-3.299120	11.382100	-15.702900	-1.091850	5.131800	0.000000	0.000000	0.000000	0.000000	0.000000	0.000000	-17.030199	-47.030201	69.294701	-35.724800	-5.585940	-2.751710	-0.000000	0.000000	0.000000	0.074962	-1.472150	0.001925	0.000000	0.000000	-0.000000
-0.185281	0.363934	-0.648848	-0.207041	8.576510	0.030880	0.394037	-10.868400	0.035690	-0.000000	0.000000	-0.000000	0.053992	12.634100	-0.011803	3.715470	-20.574301	1.325880	0.000000	0.000000	-0.000000	-0.000000	0.000000	-0.000014	0.000000	0.000000	0.000000	11.678100	-3.322410	11.211700	-15.825000	-2.131470	4.830920	-0.000000	-0.000000	0.000000	0.000000	0.000000	0.000000	-13.815900	-43.812099	72.336700	-30.187401	-1.590110	0.465742	0.000001	-0.000000	0.000000	-0.152921	-1.240550	-0.003311	-0.000000	-0.000000	-0.000000
0.397737	0.638502	0.001631	-0.565100	8.709400	0.085576	-0.084489	-11.666500	-0.130051	0.000000	-0.000000	-0.000000	-0.509178	12.955100	0.114161	3.588050	-21.317801	1.124940	0.000000	0.000000	-0.000000	-0.000000	-0.000000	0.000011	0.000000	0.000000	0.000000	10.795400	-3.859510	9.401280	-14.890600	-1.808220	4.987840	-0.000000	-0.000000	-0.000000	0.000000	0.000000	0.000000	-13.160900	-42.088299	72.631897	-27.650700	-1.123860	0.735141	-0.000000	-0.000000	-0.000000	-0.039836	-0.783362	-0.000545	-0.000000	0.000000	-0.000000
0.580657	-0.099781	0.610856	-1.680410	7.797690	0.228058	0.810987	-9.154000	-0.135856	-0.000000	0.000000	0.000000	-1.331530	13.275900	0.305831	4.188870	-21.020800	1.038480	-0.000000	-0.000000	0.000000	-0.000000	0.000000	0.000030	0.000000	0.000000	0.000000	10.112900	-3.644980	10.819300	-13.898700	-1.095940	5.080700	-0.000000	0.000000	-0.000001	0.000000	0.000000	0.000000	-15.363000	-40.467899	69.262802	-29.373301	-3.518080	-0.597566	0.000000	0.000000	0.000000	-0.109598	-1.189800	-0.002277	-0.000000	-0.000000	0.000000
0.805235	0.054136	0.098927	-2.269400	8.457960	0.333967	1.511950	-10.061300	-0.128026	-0.000000	-0.000000	-0.000000	-1.918710	14.379200	0.476664	4.605190	-22.769699	1.063700	0.000000	0.000000	0.000000	-0.000000	0.000000	0.000039	0.000000	0.000000	0.000000	10.380900	-3.225620	12.692700	-14.103100	0.742616	5.493560	-0.000000	-0.000000	-0.000001	0.000000	0.000000	0.000000	-17.063900	-43.238300	68.054497	-31.502199	-5.664970	-2.180290	-0.000000	0.000000	-0.000000	0.045950	-1.082560	0.000868	-0.000000	0.000000	0.000000
0.387142	0.146438	-0.428572	-1.219790	8.528540	0.180928	0.487501	-10.608700	-0.132343	0.000000	-0.000000	-0.000000	-1.295870	13.889100	0.311122	4.591200	-22.206699	1.261000	0.000000	0.000000	-0.000000	0.000000	0.000000	-0.000026	0.000000	0.000000	0.000000	11.208600	-2.663200	14.489000	-14.810500	1.102610	5.557030	-0.000000	0.000000	-0.000001	0.000000	0.000000	0.000000	-20.680799	-48.067200	65.247398	-33.415501	-8.737380	-4.655400	-0.000000	-0.000000	0.000000	0.224668	-1.335450	0.005235	-0.000000	0.000000	0.000000
0.292609	-0.090601	-1.878641	-1.027370	8.945940	0.159780	0.640078	-10.991900	-0.071469	-0.000000	-0.000000	-0.000000	-1.145850	13.027900	0.258345	4.819540	-20.339300	1.288720	0.000000	-0.000001	0.000000	-0.000000	-0.000000	-0.000049	0.000000	0.000000	0.000000	11.620400	-1.425930	19.415701	-14.636300	1.892110	5.565960	-0.000000	-0.000000	0.000001	0.000000	0.000000	0.000000	-20.042101	-54.525299	67.637299	-41.654099	-7.360830	-5.550760	-0.000000	0.000000	-0.000000	0.406167	-1.317390	0.009338	0.000000	0.000000	-0.000000
0.510488	0.672241	-2.709549	-1.532330	8.475150	0.225893	0.962167	-11.196400	-0.107470	0.000000	-0.000000	0.000000	-1.628260	12.605800	0.355450	5.132190	-21.205799	1.283050	-0.000000	0.000000	0.000000	0.000000	0.000000	0.000055	0.000000	0.000000	0.000000	11.401400	-1.374060	20.136499	-15.223500	1.477100	5.496260	-0.000000	0.000000	-0.000001	0.000000	0.000000	0.000000	-18.248301	-58.575901	70.362198	-60.903301	-5.467190	-8.882220	0.000000	0.000000	-0.000000	0.274524	-1.031630	0.004943	0.000000	-0.000000	-0.000000
0.527007	1.396120	-3.065200	-1.524090	7.213990	0.191436	0.543978	-10.736600	-0.180362	0.000000	-0.000000	-0.000000	-1.808310	10.312900	0.323839	5.309820	-19.013599	1.151580	-0.000000	0.000000	0.000000	0.000000	-0.000000	-0.000019	0.000000	0.000000	0.000000	11.449000	-1.534310	19.515499	-15.821600	-0.055189	5.152980	0.000000	-0.000000	-0.000000	0.000000	0.000000	0.000000	-17.057301	-60.131802	71.888702	-83.311798	-5.318720	-63.444698	-0.000000	0.000001	0.000001	0.559008	-0.724589	0.007069	-0.000000	0.000000	0.000000
0.159582	1.768090	-2.912070	-1.413920	6.467260	0.159292	1.124530	-9.694800	-0.047222	-0.000000	0.000000	0.000000	-1.502040	10.922200	0.284666	5.442350	-21.251900	1.440100	-0.000000	-0.000000	0.000000	0.000000	0.000000	-0.000043	0.000000	0.000000	0.000000	11.506500	-1.806850	18.280600	-15.649900	-1.031880	4.932330	0.000000	0.000000	-0.000001	0.000000	0.000000	0.000000	-18.118099	-57.841099	70.416100	-107.287003	-7.565740	-164.949005	-0.000000	0.000000	0.000001	0.591297	-0.361856	0.003735	0.000000	0.000000	-0.000000
0.648909	0.246950	0.012616	-1.426240	8.585570	0.212966	0.718819	-10.546700	-0.126569	0.000000	0.000000	0.000000	-1.457990	13.189800	0.332756	4.749400	-21.621300	1.228150	0.000000	-0.000000	0.000000	-0.000000	0.000000	0.000005	0.000000	0.000000	0.000000	10.323400	-3.264660	12.544600	-14.950200	0.029404	5.336270	-0.000000	-0.000000	0.000001	0.000000	0.000000	0.000000	-18.918800	-44.521599	66.212196	-133.182999	-9.559070	-173.335007	-0.000000	-0.000000	0.000000	0.716534	-1.131310	0.014147	-0.000000	-0.000000	0.000000
0.755828	0.991330	0.757334	-2.507300	7.791890	0.340144	1.940220	-10.436500	-0.098534	0.000000	0.000000	0.000000	-2.208790	13.617800	0.520296	5.199210	-22.442101	1.166240	-0.000000	0.000000	-0.000000	0.000000	0.000000	-0.000064	0.000000	0.000000	0.000000	9.677510	-4.403860	7.294460	-13.865800	-0.577297	5.356290	-0.000000	-0.000000	-0.000000	0.000000	0.000000	0.000000	-20.339100	-37.085899	61.624401	-147.996002	-7.496290	-178.190994	0.000000	0.000000	0.000001	0.667865	-0.783444	0.009132	-0.000000	-0.000000	-0.000000
0.973134	0.829902	2.066480	-2.777780	7.737570	0.374281	2.103450	-10.537500	-0.118701	0.000000	0.000000	0.000000	-2.159100	13.533200	0.505481	4.680580	-21.860500	0.961749	0.000000	0.000000	-0.000000	0.000000	-0.000000	0.000003	0.000000	0.000000	0.000000	9.113730	-5.789250	-0.191580	-13.317300	-0.253146	5.637720	0.000000	0.000000	-0.000000	0.000000	0.000000	0.000000	-20.544399	-31.225300	58.182499	-153.638000	-6.952480	-179.468002	-0.000000	-0.000001	-0.000000	0.654989	-1.027900	0.011750	-0.000000	0.000000	0.000000
0.324504	0.868612	0.602708	-1.348010	7.824770	0.183561	1.266290	-10.856900	-0.013034	0.000000	0.000000	-0.000000	-1.005710	13.537300	0.235443	4.470850	-21.647800	1.289970	-0.000000	0.000000	0.000000	0.000000	0.000000	-0.000043	0.000000	0.000000	0.000000	10.477200	-4.923250	4.305250	-13.972600	0.015088	5.617290	-0.000000	0.000000	0.000000	0.000000	0.000000	0.000000	-18.286100	-32.921600	62.367901	-149.315002	-6.952540	-178.705994	0.000000	0.000000	0.000000	0.626579	-1.260700	0.013786	0.000000	0.000000	0.000000
