0.804844	0.317504	-4.046980	-3.571300	8.199020	0.509961	1.659200	-10.041300	-0.327138	0.000000	0.000000	0.000000	-2.856340	12.791100	0.632889	4.460690	-22.240200	0.634225	0.000000	-0.000000	0.000000	-0.000000	-0.000000	-0.000042	0.000000	0.000000	0.000000	11.045900	-3.720730	10.270400	-11.616900	-1.031850	5.267830	0.000000	0.000000	0.000000	0.000000	0.000000	0.000000	-9.014020	-42.946499	78.644501	-37.695599	-8.290580	-5.754670	-0.000000	-0.000000	0.000000	0.417351	-0.629593	0.004585	0.000000	-0.000000	-0.000001
1.373650	0.013187	-3.239770	-4.629500	7.923480	0.639548	2.558730	-9.259880	-0.326224	0.000000	0.000000	-0.000000	-3.964820	12.501800	0.859580	5.246210	-20.827101	0.489147	-0.000000	0.000000	0.000000	-0.000000	0.000000	0.000036	0.000000	0.000000	0.000000	9.087530	-3.970290	10.578700	-11.537000	-3.265530	4.741910	0.000000	0.000000	-0.000000	0.000000	0.000000	0.000000	-10.919900	-50.682201	77.377899	-42.323002	-7.243920	-6.106980	-0.000000	0.000000	-0.000000	0.353736	-1.062090	0.006556	-0.000000	0.000000	-0.000000
1.687830	-0.253604	-2.198430	-5.526930	9.204150	0.886733	3.060610	-10.836300	-0.450518	0.000000	0.000000	0.000000	-4.926340	13.060800	1.115890	5.858040	-20.591101	0.372626	-0.000000	0.000000	0.000000	-0.000000	0.000000	0.000002	0.000000	0.000000	0.000000	9.212990	-4.205560	8.994510	-14.356100	-5.637350	4.014080	-0.000000	0.000000	0.000000	0.000000	0.000000	0.000000	-15.916200	-56.412300	72.438797	-41.206299	-7.619920	-6.222740	-0.000000	-0.000000	0.000000	0.602182	-1.351890	0.014207	0.000000	-0.000000	-0.000000
1.890690	0.542202	-0.836431	-5.953550	7.822080	0.813141	3.321910	-10.605100	-0.474406	-0.000000	0.000000	-0.000000	-4.727940	12.188500	1.000380	4.642500	-20.986000	0.007642	0.000000	0.000000	0.000000	-0.000000	-0.000000	0.000012	0.000000	0.000000	0.000000	8.988950	-5.409170	2.246020	-15.516500	-6.436200	3.887800	0.000000	-0.000000	-0.000000	0.000000	0.000000	0.000000	-19.749599	-59.136600	68.564003	-43.017101	-6.080430	-5.064270	-0.000000	-0.000000	0.000000	0.657813	-0.940096	0.010793	0.000000	-0.000000	-0.000000
2.033950	0.825713	-0.366183	-6.215700	6.891630	0.748734	3.481130	-9.770900	-0.456761	0.000000	0.000000	0.000000	-5.489060	11.713700	1.117690	5.873780	-20.631800	0.175951	0.000000	-0.000000	0.000000	0.000000	0.000000	0.000002	0.000000	0.000000	0.000000	8.980690	-5.144020	3.755190	-16.100500	-4.763510	4.298990	-0.000000	-0.000001	-0.000000	0.000000	0.000000	0.000000	-19.099100	-57.674702	68.968498	-50.564098	-5.043730	-5.392910	-0.000001	-0.000000	-0.000000	0.627149	-0.858466	0.009396	-0.000000	-0.000000	-0.000000
1.565920	0.034419	-0.211422	-6.158210	8.239360	0.885876	3.878060	-10.207200	-0.392952	-0.000000	0.000000	0.000000	-5.902380	13.264200	1.358810	7.266380	-20.972300	0.544846	0.000000	-0.000000	0.000000	-0.000000	-0.000000	-0.000013	0.000000	0.000000	0.000000	9.939530	-3.651070	11.052600	-15.818900	-1.813970	4.894510	0.000000	-0.000000	-0.000001	0.000000	0.000000	0.000000	-15.257900	-55.946701	72.862999	-61.327301	-2.632600	-3.715080	-0.000001	-0.000000	-0.000000	0.474625	-1.102940	0.009136	0.000000	-0.000000	0.000000
1.092610	0.313907	-0.926450	-4.396120	8.113310	0.621629	2.582680	-10.073300	-0.309575	0.000000	0.000000	0.000000	-3.938910	12.381900	0.845882	5.562690	-20.154699	0.591247	0.000000	0.000000	-0.000000	0.000000	0.000000	0.000008	0.000000	0.000000	0.000000	10.266200	-2.229370	17.674500	-12.634600	0.870975	5.264320	0.000000	0.000000	-0.000000	0.000000	0.000000	0.000000	-12.730100	-56.673599	75.845200	-73.673698	-2.709820	-9.037250	-0.000001	0.000000	-0.000000	0.517316	-0.585584	0.005287	-0.000000	-0.000000	-0.000000
1.436770	2.187960	-1.505160	-4.478370	5.736010	0.448499	2.508370	-10.005100	-0.338489	0.000000	0.000000	-0.000000	-4.005060	10.319300	0.718576	5.630240	-20.648701	0.596123	0.000000	-0.000000	-0.000000	-0.000005	0.000000	-0.000033	0.000000	0.000000	0.000000	9.572550	-1.256270	23.610500	-10.802300	0.443516	4.847230	0.000000	-0.000000	0.000000	0.000000	0.000000	0.000000	-12.957300	-59.567902	75.995499	-88.083199	-4.587780	-125.464996	0.000000	-0.000000	-0.000000	0.607266	0.430578	-0.004564	-0.000000	0.000000	0.000000
1.430270	2.319231	-0.491447	-4.351100	5.241650	0.398264	2.909850	-9.861770	-0.243777	-0.000000	-0.000000	-0.000000	-3.293210	9.844090	0.563641	4.999240	-19.965300	0.599254	0.000000	0.000000	-0.000000	0.000005	-0.000000	0.000014	0.000000	0.000000	0.000000	9.768290	-1.007620	24.096300	-9.820300	0.810905	4.803760	-0.000000	0.000000	0.000000	0.000000	0.000000	0.000000	-14.757500	-57.253700	73.653000	-108.537003	-6.586660	-166.983994	0.000000	-0.000000	0.000001	0.671246	0.293855	-0.003442	0.000000	0.000000	-0.000000
-2.259690	2.101820	1.587140	0.312171	5.018600	-0.027307	2.034020	-9.068250	0.369794	0.000000	-0.000000	-0.000000	1.750240	10.584100	-0.321575	3.348680	-20.430401	1.773540	-0.000000	-0.000001	0.000000	-0.000000	0.000000	0.000010	0.000000	0.000000	0.000000	10.614400	-2.255600	16.754801	-5.773670	-0.085535	4.925050	-0.000000	0.000000	-0.000000	0.000000	0.000000	0.000000	-18.883699	-44.890499	66.158302	-132.682007	-4.230890	-177.947006	0.000000	-0.000000	-0.000000	8.145780	-0.442227	0.063298	-0.000000	-0.000000	0.000000
-4.975979	2.286980	3.095030	4.647870	5.882890	-0.477421	0.257404	-11.573100	0.981445	0.000000	-0.000000	0.000000	5.367560	10.848700	-1.013120	3.271710	-20.465300	3.006560	-0.000000	-0.000000	-0.000000	-0.000000	0.000000	-0.000027	0.000000	0.000000	0.000000	10.659100	-3.180790	12.294600	-3.255700	-1.148600	5.008320	0.000000	-0.000000	0.000001	0.000000	0.000000	0.000000	-22.351400	-35.379799	58.004601	-145.380005	-1.147480	178.255997	0.000000	0.000000	0.000000	14.753500	-1.378700	0.363031	-0.000000	0.000000	0.000000
-1.995800	2.446950	2.827140	1.909490	6.822540	-0.226917	0.339706	-14.210900	0.549094	0.000000	-0.000000	0.000000	3.270950	11.358500	-0.644871	1.764050	-21.532400	1.828400	-0.000000	0.000000	0.000000	0.000005	-0.000000	-0.000047	0.000000	0.000000	0.000000	9.263390	-3.235450	13.518400	-7.213770	-2.798980	4.691390	-0.000000	-0.000000	0.000000	0.000000	0.000000	0.000000	-22.639500	-34.557800	57.229801	-144.251999	-5.019740	-179.365005	0.000000	0.000000	0.000000	9.243870	-1.386400	0.225614	0.000000	0.000000	-0.000000
0.780458	2.558780	0.541045	-3.231290	6.719220	0.378474	2.406400	-13.039500	-0.181121	0.000000	-0.000000	0.000000	-2.541310	11.867300	0.522945	4.969880	-23.303801	0.982764	-0.000000	-0.000000	0.000000	0.000000	0.000000	-0.000057	0.000000	0.000000	0.000000	9.608060	-2.352450	17.922400	-11.746200	-2.640110	4.443380	-0.000000	-0.000000	0.000001	0.000000	0.000000	0.000000	-18.829800	-42.735901	65.648300	-130.195007	-9.214050	-172.757004	0.000000	0.000000	0.000000	4.017830	-0.500481	0.035153	-0.000000	-0.000000	0.000000
1.547300	2.082480	-1.002540	-4.224000	6.361520	0.468869	2.022630	-11.294400	-0.426239	-0.000000	-0.000000	-0.000000	-4.378790	10.828600	0.824203	6.479440	-21.201799	0.788279	0.000000	-0.000000	0.000000	0.000005	0.000001	0.000032	0.000000	0.000000	0.000000	10.193000	-2.108490	18.481300	-13.950600	-3.230530	4.268560	-0.000000	0.000000	-0.000001	0.000000	0.000000	0.000000	-16.075199	-52.165199	71.440002	-107.028000	-8.722120	-161.490005	0.000001	-0.000001	-0.000001	1.982310	-0.498924	0.017268	-0.000000	-0.000000	-0.000000
1.803330	2.770670	-2.158190	-4.278480	5.377450	0.401707	2.089140	-10.588600	-0.399027	-0.000000	-0.000000	-0.000000	-4.155910	9.073280	0.656504	5.766090	-19.962601	0.567639	-0.000000	-0.000000	-0.000000	-0.000000	0.000000	-0.000033	0.000000	0.000000	0.000000	10.765000	-2.442420	16.429600	-15.491600	-4.502280	4.022200	0.000000	-0.000000	0.000000	0.000000	0.000000	0.000000	-14.634400	-58.733002	74.176102	-79.907997	-5.151390	-36.707001	-0.000001	0.000000	0.000000	1.175510	0.099098	-0.002034	-0.000000	-0.000000	-0.000001
1.899871	2.289970	-0.999611	-4.448200	5.769860	0.448085	2.033590	-10.613500	-0.440823	0.000000	0.000000	0.000000	-4.331310	9.096140	0.686022	5.658330	-19.312599	0.456995	0.000000	0.000000	-0.000000	-0.000000	0.000000	-0.000060	0.000000	0.000000	0.000000	9.839190	-3.740930	11.014500	-15.267700	-5.245790	4.006970	-0.000000	0.000000	0.000000	0.000000	0.000000	0.000000	-21.045200	-60.221699	67.412102	-50.086498	-3.773620	-3.371210	-0.000001	0.000001	-0.000000	0.925498	0.176160	-0.002846	0.000000	0.000000	0.000000
1.958100	0.081730	0.784637	-4.584850	8.802830	0.703112	2.228910	-11.625900	-0.464112	0.000000	0.000000	-0.000000	-4.248950	13.354800	0.983136	5.086730	-22.016600	0.357228	0.000000	0.000000	-0.000000	0.000005	-0.000000	0.000003	0.000000	0.000000	0.000000	8.480140	-4.390450	8.129550	-14.321000	-3.728710	4.479770	0.000000	0.000000	-0.000000	0.000000	0.000000	0.000000	-22.198000	-52.097099	64.390297	-37.895500	-4.682280	-2.398940	0.000000	-0.000000	0.000000	0.534637	-1.106730	0.010326	0.000000	-0.000000	-0.000000
1.708121	-0.303177	1.402620	-4.037210	10.030800	0.704330	1.837210	-12.491000	-0.462672	0.000000	0.000000	-0.000000	-3.964380	14.661400	1.004920	5.299030	-22.132601	0.551632	-0.000000	-0.000000	0.000000	-0.000000	0.000000	-0.000005	0.000000	0.000000	0.000000	8.435900	-4.474250	7.532560	-13.646900	-3.242530	4.628910	0.000000	-0.000000	0.000000	0.000000	0.000000	0.000000	-20.198299	-44.502399	64.483002	-35.155800	-7.839220	-4.372970	-0.000000	0.000000	0.000000	0.245576	-1.056100	0.004526	-0.000000	0.000000	-0.000000
1.567210	-0.172933	1.229140	-3.661640	10.261900	0.653177	1.570210	-13.194200	-0.464176	0.000000	-0.000000	0.000000	-3.717720	15.053300	0.966830	5.371740	-23.065300	0.698240	0.000000	0.000000	-0.000000	-0.000000	0.000000	-0.000023	0.000000	0.000000	0.000000	9.109460	-4.011670	9.667030	-14.029200	-2.858130	4.641010	0.000000	0.000000	0.000000	0.000000	0.000000	0.000000	-18.983999	-43.168201	65.525497	-29.384600	-7.948510	-3.372080	0.000000	-0.000001	0.000000	0.261339	-1.161910	0.005299	-0.000000	-0.000000	0.000000
1.289870	-0.146357	0.935436	-2.845750	10.242800	0.506439	0.862699	-13.116900	-0.439897	-0.000000	-0.000000	0.000000	-3.124660	15.229600	0.821577	5.152730	-23.796801	0.862956	0.000000	-0.000000	-0.000000	-0.000005	0.000000	-0.000012	0.000000	0.000000	0.000000	9.704140	-3.323790	12.741900	-14.337300	-1.473610	4.877770	0.000000	0.000000	-0.000001	0.000000	0.000000	0.000000	-17.922001	-42.230301	66.557297	-33.618599	-8.306140	-4.420680	-0.000000	-0.000000	0.000000	0.152145	-1.252540	0.003325	0.000000	0.000000	-0.000000
1.295930	-0.484894	0.695165	-3.053480	10.026500	0.532113	1.190720	-11.850700	-0.373080	-0.000000	-0.000000	0.000000	-3.119050	15.333900	0.825578	5.136880	-23.112101	0.835997	-0.000000	0.000000	0.000000	-0.000000	0.000000	-0.000006	0.000000	0.000000	0.000000	9.807430	-2.418620	17.063400	-13.077400	0.145139	5.058100	-0.000000	0.000000	-0.000000	0.000000	0.000000	0.000000	-19.136499	-45.740700	66.204903	-36.769600	-7.395530	-4.418320	-0.000000	0.000000	-0.000000	0.192180	-1.452070	0.004869	-0.000000	-0.000000	-0.000000
1.374480	0.256773	0.331521	-3.191240	9.340410	0.518465	1.364580	-12.117900	-0.374690	0.000000	0.000000	0.000000	-3.170810	13.920700	0.763571	4.993700	-22.009501	0.718298	0.000000	0.000000	0.000000	0.000000	0.000000	0.000002	0.000000	0.000000	0.000000	9.858840	-2.245730	17.960800	-11.921800	0.895014	5.175480	0.000000	0.000000	-0.000001	0.000000	0.000000	0.000000	-19.763500	-54.480400	67.641098	-44.346901	-3.994060	-2.773150	-0.000000	-0.000000	-0.000000	0.517646	-0.815974	0.007372	0.000000	-0.000000	0.000000
1.420110	-0.320482	0.248980	-3.720920	9.830490	0.636160	1.666550	-12.041300	-0.417331	0.000000	-0.000000	0.000000	-3.674690	14.828600	0.941673	5.486840	-23.135401	0.760386	-0.000000	0.000000	-0.000000	-0.000000	0.000000	-0.000019	0.000000	0.000000	0.000000	9.596280	-1.520120	21.744900	-11.490000	1.648150	5.096000	0.000000	0.000000	-0.000001	0.000000	0.000000	0.000000	-23.086500	-58.176601	64.787300	-61.252399	-5.591840	-9.434980	0.000000	-0.000000	0.000000	0.582457	-1.208110	0.012280	-0.000000	0.000000	0.000000
1.162350	0.536831	-0.204285	-3.520940	8.835460	0.541478	2.221220	-12.049800	-0.262644	-0.000000	-0.000000	0.000000	-3.757970	13.584600	0.883877	6.665370	-22.028000	1.130820	0.000000	-0.000001	-0.000000	-0.000000	-0.000000	-0.000040	0.000000	0.000000	0.000000	10.181000	-1.386050	21.498899	-12.027500	0.366591	4.898250	-0.000000	-0.000000	0.000001	0.000000	0.000000	0.000000	-26.520300	-63.640400	62.195202	-79.968102	-6.319390	-44.587200	0.000002	0.000000	-0.000001	0.505451	-0.748920	0.006606	-0.000000	-0.000000	0.000000
0.939282	0.248051	-0.177856	-2.421890	9.037700	0.380667	1.218710	-11.946700	-0.242872	0.000000	-0.000000	0.000000	-2.693870	13.228600	0.616894	5.899970	-21.052000	1.178490	-0.000000	0.000000	0.000000	-0.000000	0.000000	0.000008	0.000000	0.000000	0.000000	10.506600	-1.109440	22.119301	-12.730400	-0.103134	4.769590	-0.000000	0.000000	0.000000	0.000000	0.000000	0.000000	-29.464100	-63.578701	59.196400	-100.310997	-8.852040	-154.307007	-0.000000	0.000000	-0.000001	0.417203	-1.145220	0.008338	0.000000	-0.000000	-0.000000
0.598380	0.646127	1.260650	-1.559730	8.702390	0.236052	0.977515	-11.377100	-0.111317	0.000000	0.000000	0.000000	-1.215910	13.319300	0.280166	4.368290	-21.763500	1.181990	0.000000	-0.000001	0.000000	0.000000	-0.000000	-0.000016	0.000000	0.000000	0.000000	10.690500	-2.156540	17.043400	-14.470700	-0.705333	4.864180	-0.000000	0.000000	0.000001	0.000000	0.000000	0.000000	-27.546600	-53.564301	58.983299	-123.917000	-9.484730	-170.692001	-0.000000	0.000000	-0.000000	1.094100	-0.724051	0.013827	-0.000000	0.000000	0.000000
-0.093610	1.553130	3.245360	-1.031890	7.682680	0.137968	1.033390	-11.763400	0.002188	-0.000000	0.000000	0.000000	-0.646007	13.491200	0.150724	4.030050	-23.629700	1.364880	-0.000000	0.000000	-0.000000	-0.000005	0.000000	-0.000044	0.000000	0.000000	0.000000	10.531200	-4.541350	5.978750	-13.833300	-1.410180	5.136860	-0.000000	0.000000	-0.000000	0.000000	0.000000	0.000000	-25.661900	-42.837299	57.397301	-141.024994	-7.848090	-176.781006	0.000001	0.000000	-0.000000	2.577100	-2.814970	0.126648	0.000000	-0.000000	0.000000
-0.126163	1.674970	2.462940	-0.519469	6.967060	0.063016	0.380752	-11.503400	-0.026904	-0.000000	-0.000000	0.000000	-0.212211	13.633600	0.050027	3.766540	-24.374599	1.470910	-0.000000	-0.000001	-0.000000	-0.000000	-0.000000	0.000024	0.000000	0.000000	0.000000	10.119400	-4.489040	6.529100	-14.120100	-1.366870	5.154000	-0.000000	-0.000000	-0.000000	0.000000	0.000000	0.000000	-24.934601	-40.833599	57.511600	-141.854996	-7.561390	-177.253006	0.000000	-0.000000	0.000000	2.744610	-1.917810	0.091920	-0.000000	-0.000000	0.000000
0.798674	1.573570	1.403240	-1.918880	6.827940	0.228219	0.715372	-10.907400	-0.225190	-0.000000	-0.000000	0.000000	-1.801160	13.386600	0.417142	4.329520	-23.939600	1.046390	0.000000	0.000000	-0.000000	-0.000005	0.000000	0.000039	0.000000	0.000000	0.000000	9.536330	-4.171020	8.641220	-14.559500	-0.876553	5.233040	0.000000	0.000000	-0.000000	0.000000	0.000000	0.000000	-25.434401	-47.148800	59.393200	-130.098007	-9.172450	-173.151993	-0.000000	-0.000000	0.000000	1.460130	-0.892439	0.022746	-0.000000	0.000000	0.000000
0.582478	0.004238	0.029181	-2.181370	8.361940	0.317382	1.547060	-10.717600	-0.113657	0.000000	-0.000000	0.000000	-2.104750	14.095600	0.512815	5.234730	-22.601000	1.228330	-0.000000	-0.000000	0.000000	-0.000000	-0.000000	0.000015	0.000000	0.000000	0.000000	9.989690	-3.096450	13.733900	-13.610200	0.547552	5.378710	-0.000000	-0.000000	0.000001	0.000000	0.000000	0.000000	-23.988199	-54.795700	63.193199	-109.148003	-9.712490	-162.106003	-0.000000	0.000000	0.000000	0.918260	-1.519330	0.024348	-0.000000	-0.000000	-0.000000
0.546586	0.628008	-1.300470	-2.208420	8.104430	0.311494	1.543600	-11.104900	-0.123810	0.000000	-0.000000	0.000000	-2.287810	12.988000	0.514445	5.599030	-21.993200	1.263210	0.000000	-0.000001	-0.000000	-0.000000	-0.000000	0.000047	0.000000	0.000000	0.000000	10.390500	-2.779690	15.074500	-13.987100	-1.147730	4.965750	-0.000000	0.000000	-0.000001	0.000000	0.000000	0.000000	-22.635799	-61.803200	66.053398	-84.486603	-7.715950	-83.303101	0.000000	-0.000000	0.000000	0.725020	-1.151630	0.014572	0.000000	-0.000000	0.000000
0.629049	-0.086060	-0.682974	-2.091640	8.916920	0.324354	1.195390	-11.358900	-0.171559	-0.000000	-0.000000	-0.000000	-2.260150	13.586800	0.531218	5.438360	-21.969500	1.213790	0.000000	0.000000	-0.000000	-0.000000	-0.000000	-0.000008	0.000000	0.000000	0.000000	10.068600	-3.291380	12.823700	-14.230900	-0.898483	5.097990	0.000000	0.000000	-0.000001	0.000000	0.000000	0.000000	-22.360600	-62.942600	66.429802	-58.540100	-4.178870	-5.897490	-0.000002	-0.000000	-0.000000	0.849016	-1.294590	0.019182	0.000000	-0.000000	-0.000000
0.974909	-0.291955	0.795751	-2.439380	9.205770	0.390489	1.029620	-11.504100	-0.274948	-0.000000	-0.000000	-0.000000	-2.828100	13.352200	0.653622	5.631780	-20.687201	1.018210	-0.000000	-0.000000	0.000000	-0.000000	0.000000	0.000054	0.000000	0.000000	0.000000	9.925280	-3.948810	9.443110	-14.690900	-1.207360	5.106300	-0.000000	-0.000000	0.000000	0.000000	0.000000	0.000000	-26.003201	-60.857201	62.173401	-37.324501	-2.774160	-0.908007	-0.000000	-0.000000	-0.000000	0.476333	-1.524500	0.012672	0.000000	0.000000	-0.000000
1.059960	-0.133064	2.320500	-2.815730	9.300440	0.455416	1.232180	-11.895700	-0.318862	0.000000	-0.000000	0.000000	-3.139740	14.866400	0.806311	5.670260	-22.998899	1.030420	0.000000	0.000001	-0.000000	-0.000005	0.000000	-0.000032	0.000000	0.000000	0.000000	9.884550	-4.823210	4.871540	-14.651200	-2.262400	4.955350	0.000000	-0.000000	0.000000	0.000000	0.000000	0.000000	-22.663401	-52.519901	63.826599	-32.282902	-2.387410	-0.215111	-0.000000	-0.000000	0.000000	0.387295	-1.293130	0.008740	-0.000000	0.000000	-0.000000
0.900119	-0.357359	3.022860	-2.149410	8.443940	0.315772	0.538785	-9.845110	-0.271479	0.000000	0.000000	0.000000	-1.974870	14.490000	0.494323	4.194830	-22.388100	0.869854	0.000000	0.000000	-0.000000	-0.000005	0.000000	-0.000011	0.000000	0.000000	0.000000	9.961690	-4.999220	3.869660	-14.023800	-2.046420	5.035470	-0.000000	-0.000001	0.000000	0.000000	0.000000	0.000000	-19.875099	-45.993698	65.143097	-28.876200	-3.860500	-0.930546	0.000000	-0.000000	0.000000	0.180423	-1.398690	0.004403	-0.000000	-0.000000	-0.000000
0.715966	0.394645	2.781981	-1.321830	7.773330	0.178818	-0.621940	-9.370200	-0.314613	0.000000	0.000000	0.000000	-1.623070	13.837000	0.388281	4.275650	-21.999500	1.011930	0.000000	-0.000001	0.000000	0.000000	-0.000000	0.000020	0.000000	0.000000	0.000000	10.310100	-4.670460	5.498410	-14.154100	-1.320400	5.189930	-0.000000	-0.000000	-0.000000	0.000000	0.000000	0.000000	-18.470800	-43.053600	65.937798	-28.316799	-5.939880	-2.105960	-0.000000	-0.000000	0.000000	0.307725	-1.052410	0.005652	0.000000	-0.000000	-0.000000
1.151160	1.487470	2.400410	-2.049990	5.776510	0.206419	0.003903	-8.867120	-0.313919	0.000000	-0.000000	-0.000000	-2.121560	10.986200	0.404492	4.239870	-19.859501	0.733136	-0.000000	0.000001	-0.000000	-0.000000	-0.000000	0.000050	0.000000	0.000000	0.000000	10.638800	-4.637290	5.674860	-14.648900	-0.579327	5.416310	0.000000	0.000000	0.000000	0.000000	0.000000	0.000000	-18.593901	-44.701900	66.349297	-29.544100	-4.269580	-1.212890	0.000000	0.000000	0.000000	0.177619	-0.621633	0.001927	-0.000000	-0.000000	-0.000000
1.179410	0.723873	2.728230	-2.054150	7.220330	0.258289	0.289756	-10.616500	-0.322163	-0.000000	0.000000	0.000000	-1.809070	12.260900	0.384308	3.400900	-20.977600	0.584785	-0.000000	0.000000	0.000000	0.000000	0.000000	-0.000055	0.000000	0.000000	0.000000	10.270400	-4.262410	7.546200	-14.117700	1.913320	5.942950	0.000000	-0.000000	0.000001	0.000000	0.000000	0.000000	-20.393700	-45.178299	64.331902	-33.053799	-5.151640	-2.098770	0.000000	-0.000000	0.000000	0.061416	-0.911363	0.000976	-0.000000	-0.000000	0.000000
1.105560	0.481017	2.422461	-2.377940	7.318370	0.303083	1.098900	-10.198300	-0.223069	-0.000000	-0.000000	0.000000	-1.983950	12.559100	0.431572	4.015190	-20.647600	0.733274	0.000000	-0.000000	0.000000	0.000000	-0.000000	-0.000021	0.000000	0.000000	0.000000	10.086100	-3.872330	9.591610	-13.627700	3.104090	6.120670	0.000000	0.000000	0.000001	0.000000	0.000000	0.000000	-26.772100	-51.677502	59.175098	-30.126200	-8.428240	-3.903540	-0.000000	-0.000001	0.000000	0.084095	-0.975972	0.001432	0.000000	0.000000	-0.000000
1.292350	0.418354	1.651260	-3.249230	7.340410	0.415577	2.074710	-9.753170	-0.194483	-0.000000	0.000000	0.000000	-2.878590	13.446400	0.669914	5.118180	-22.411699	0.884374	0.000000	-0.000000	0.000000	-0.000000	0.000000	0.000002	0.000000	0.000000	0.000000	9.726020	-3.219300	13.263000	-13.285800	3.300880	5.994450	0.000000	0.000000	-0.000000	0.000000	0.000000	0.000000	-28.374800	-55.757198	58.596199	-41.338402	-9.523440	-7.621650	0.000000	-0.000000	0.000000	0.405039	-0.792504	0.005602	-0.000000	0.000000	-0.000000
1.359620	0.829792	0.323538	-3.691240	5.688310	0.366370	2.484210	-7.526530	-0.155747	0.000000	-0.000000	0.000000	-3.119500	12.293100	0.664814	5.171130	-21.739100	0.786699	-0.000000	0.000000	-0.000000	0.000005	0.000000	-0.000012	0.000000	0.000000	0.000000	9.954820	-2.363460	17.394300	-13.600900	2.689730	5.722550	0.000000	0.000000	-0.000000	0.000000	0.000000	0.000000	-26.733500	-59.469799	61.223301	-59.690399	-8.020310	-13.336200	-0.000002	0.000000	0.000000	0.225905	-0.583384	0.002300	-0.000000	-0.000000	-0.000000
1.059500	0.575412	-0.321016	-3.035360	6.889560	0.364449	1.986060	-9.234180	-0.164882	0.000000	0.000000	0.000000	-2.955480	12.441300	0.637268	5.673460	-21.142900	1.006100	-0.000000	0.000000	0.000000	0.000000	-0.000000	-0.000009	0.000000	0.000000	0.000000	10.441100	-1.823740	19.252199	-14.195100	2.203720	5.569400	-0.000000	-0.000000	0.000001	0.000000	0.000000	0.000000	-25.533100	-61.053001	62.824200	-80.826103	-8.681340	-58.913700	-0.000000	-0.000000	-0.000001	0.220224	-0.939638	0.003611	-0.000000	-0.000000	0.000000
0.761630	1.115740	-0.681387	-2.134330	7.140880	0.265441	1.066750	-10.604500	-0.193443	-0.000000	-0.000000	-0.000000	-2.423710	12.070000	0.507111	5.791620	-21.373501	1.248240	0.000000	-0.000000	0.000000	-0.000000	-0.000000	-0.000040	0.000000	0.000000	0.000000	11.013500	-1.736430	18.900101	-15.089600	0.152034	5.119460	-0.000000	-0.000000	0.000000	0.000000	0.000000	0.000000	-24.011801	-59.641800	64.209198	-103.282997	-10.063600	-155.000000	-0.000000	0.000000	0.000001	0.067478	-0.726971	0.000856	0.000000	0.000000	0.000000
0.347927	1.186540	0.369296	-1.466360	6.888590	0.175915	1.101070	-10.293500	-0.063387	0.000000	-0.000000	0.000000	-1.470090	12.068200	0.307432	5.184050	-21.535299	1.376910	-0.000000	0.000000	-0.000000	-0.000000	-0.000000	-0.000008	0.000000	0.000000	0.000000	11.138500	-2.532790	15.124900	-15.029200	-0.719138	5.031310	-0.000000	-0.000000	0.000000	0.000000	0.000000	0.000000	-21.865101	-50.926201	64.565300	-126.321999	-10.734200	-169.888000	0.000000	0.000000	0.000001	0.922783	-2.157560	0.034742	0.000000	0.000000	0.000000
-1.365810	0.956450	3.798680	0.576437	6.285990	-0.063114	0.795715	-9.080730	0.216050	-0.000000	-0.000000	-0.000000	1.272850	13.093300	-0.288385	3.412310	-22.844400	1.809440	-0.000000	-0.000000	-0.000000	-0.000000	0.000000	-0.000033	0.000000	0.000000	0.000000	12.174400	-4.852980	4.038030	-14.687800	-1.343840	5.215690	0.000000	0.000000	-0.000000	0.000000	0.000000	0.000000	-22.924900	-38.950600	58.917900	-143.285004	-8.283860	-176.845001	-0.000000	0.000000	0.000001	3.420390	-1.733220	0.103575	0.000000	-0.000000	0.000000
-0.373109	1.421960	2.901470	0.744129	5.977550	-0.077494	-0.560569	-9.658700	0.030114	-0.000000	-0.000000	-0.000000	1.099310	13.657400	-0.259588	2.802710	-24.401800	1.601220	0.000000	-0.000000	0.000000	-0.000000	0.000000	-0.000029	0.000000	0.000000	0.000000	11.635600	-4.706690	4.929890	-15.416300	-1.256280	5.245850	-0.000000	0.000000	-0.000000	0.000000	0.000000	0.000000	-20.419701	-36.211102	60.872898	-145.106995	-9.089720	-176.658997	-0.000000	-0.000000	0.000001	1.747340	-1.291300	0.039388	0.000000	-0.000000	-0.000000
-0.249474	1.654530	0.580624	0.376352	6.077810	-0.039845	-0.784968	-10.143900	-0.072344	-0.000000	-0.000000	-0.000000	0.431897	11.472600	-0.085900	3.257970	-21.542000	1.353290	0.000000	0.000000	0.000000	0.000005	-0.000000	0.000026	0.000000	0.000000	0.000000	11.940500	-3.320760	11.008500	-15.949000	-0.732644	5.235920	-0.000000	0.000000	0.000000	0.000000	0.000000	0.000000	-18.989201	-40.747101	64.835197	-134.531998	-10.152900	-173.281998	-0.000000	-0.000000	0.000000	0.913474	-0.965530	0.015394	0.000000	0.000000	0.000000
0.282861	1.280300	-1.109740	-0.380051	6.653250	0.044037	-0.609647	-9.970270	-0.170932	0.000000	0.000000	0.000000	-0.534698	11.413000	0.105814	4.177380	-20.692101	1.292390	-0.000000	0.000001	0.000000	0.000000	0.000000	0.000002	0.000000	0.000000	0.000000	11.948500	-2.228450	15.752600	-16.244301	0.390262	5.409010	-0.000000	-0.000000	0.000001	0.000000	0.000000	0.000000	-19.001900	-50.589001	67.872902	-113.795998	-10.235600	-164.307999	0.000001	0.000000	-0.000001	0.612938	-0.849494	0.009088	0.000000	-0.000000	-0.000000
0.330679	1.168180	-1.858190	-0.855943	6.777090	0.101018	-0.131635	-9.785070	-0.166845	0.000000	-0.000000	-0.000000	-0.759352	11.089000	0.146062	3.987740	-20.194401	1.120400	0.000000	-0.000000	-0.000000	-0.000000	0.000000	0.000038	0.000000	0.000000	0.000000	11.503700	-2.290100	16.123899	-15.209200	0.936953	5.537730	0.000000	0.000000	-0.000001	0.000000	0.000000	0.000000	-18.128300	-56.166100	70.023804	-90.968002	-8.754220	-126.155998	-0.000000	0.000001	0.000000	0.671336	-0.741356	0.008686	0.000000	-0.000000	0.000000
0.322398	0.813915	-1.671330	-1.007000	7.047210	0.123562	0.101278	-9.770170	-0.152423	0.000000	0.000000	-0.000000	-0.796776	11.450200	0.158187	3.874790	-20.744101	1.096750	-0.000000	-0.000000	0.000000	-0.000000	-0.000000	0.000023	0.000000	0.000000	0.000000	10.986200	-2.635700	15.165500	-14.471000	0.995286	5.554880	0.000000	-0.000000	-0.000000	0.000000	0.000000	0.000000	-21.550301	-57.626999	66.568001	-64.420303	-8.861840	-18.519199	0.000000	-0.000000	0.000000	0.378373	-1.024570	0.006765	0.000000	-0.000000	0.000000
0.482931	0.100271	-0.670741	-1.413610	8.039250	0.197738	0.629961	-10.555800	-0.141025	0.000000	0.000000	0.000000	-0.935348	12.952500	0.209674	3.602330	-21.876101	1.003210	0.000000	-0.000000	-0.000000	-0.000000	-0.000000	-0.000025	0.000000	0.000000	0.000000	11.165300	-2.986010	13.190800	-14.759200	0.952857	5.595660	0.000000	-0.000000	0.000001	0.000000	0.000000	0.000000	-25.027901	-55.015400	62.232201	-42.611698	-11.442100	-9.839870	-0.000001	-0.000000	-0.000000	0.032966	-1.267220	0.000728	-0.000000	0.000000	0.000000
0.320366	-0.560427	0.090867	-1.037310	9.372240	0.168946	0.543761	-11.362800	-0.094518	0.000000	0.000000	-0.000000	-1.005060	14.022000	0.243551	4.357860	-21.468100	1.239270	0.000000	0.000000	-0.000000	0.000000	0.000000	-0.000009	0.000000	0.000000	0.000000	10.856600	-3.194720	12.377400	-14.442100	0.983151	5.586760	0.000000	0.000000	0.000000	0.000000	0.000000	0.000000	-21.221001	-48.005901	64.554901	-35.932598	-8.710490	-5.207070	-0.000000	-0.000000	0.000000	-0.312704	-1.404730	-0.007667	0.000000	0.000000	0.000000
0.296273	-0.957097	0.021109	-1.068600	10.221500	0.189653	0.648278	-12.165300	-0.085008	-0.000000	-0.000000	-0.000000	-1.410370	14.449800	0.352006	5.144650	-21.134701	1.364240	-0.000000	0.000000	-0.000000	-0.000000	0.000000	0.000007	0.000000	0.000000	0.000000	10.976300	-2.810290	13.965100	-14.668500	1.043940	5.533350	-0.000000	0.000000	-0.000001	0.000000	0.000000	0.000000	-16.848801	-41.842899	67.916603	-34.620300	-5.812050	-2.625020	0.000000	0.000001	-0.000000	-0.177388	-1.664060	-0.005152	0.000000	-0.000000	-0.000000
0.037246	0.104945	-0.468299	-0.337255	8.958970	0.052524	0.010487	-11.748100	-0.065701	-0.000000	0.000000	-0.000000	-0.584388	14.000300	0.141390	4.528960	-22.603901	1.524870	-0.000000	0.000000	0.000000	-0.000000	-0.000000	0.000018	0.000000	0.000000	0.000000	11.827300	-2.774400	13.429800	-15.529000	-0.511291	5.197570	-0.000000	0.000000	0.000000	0.000000	0.000000	0.000000	-12.446400	-40.856800	73.318497	-29.794100	-0.819598	0.948629	0.000000	-0.000000	0.000000	-0.260322	-1.434600	-0.006518	-0.000000	0.000000	-0.000000
-0.094224	-0.362736	-0.893896	-0.274781	9.696040	0.046283	0.342929	-12.188100	0.015212	-0.000000	0.000000	0.000000	-0.148559	14.777300	0.037897	3.954370	-23.589001	1.526830	0.000000	0.000000	-0.000000	-0.000000	-0.000000	0.000017	0.000000	0.000000	0.000000	12.074100	-2.231440	15.446800	-15.386800	0.958082	5.518450	-0.000000	-0.000000	0.000000	0.000000	0.000000	0.000000	-10.813100	-40.184601	75.367996	-28.071301	1.199590	2.089410	-0.000000	-0.000000	0.000000	-0.214588	-1.584410	-0.005934	-0.000000	0.000000	0.000000
-0.068365	-0.038768	-1.015440	-0.125712	9.574510	0.020914	0.018874	-12.251300	-0.022305	-0.000000	0.000000	-0.000000	-0.023644	14.366900	0.005874	3.721780	-23.106001	1.453260	-0.000000	0.000001	0.000000	-0.000000	0.000000	0.000035	0.000000	0.000000	0.000000	12.022600	-2.370170	14.978400	-15.298500	0.481809	5.416160	-0.000000	-0.000000	0.000001	0.000000	0.000000	0.000000	-12.105500	-40.185299	73.671303	-31.004101	-0.982994	0.882786	0.000000	-0.000000	0.000000	-0.279262	-1.566340	-0.007634	-0.000000	-0.000000	-0.000000
-0.146812	0.082365	-0.994656	-0.079977	9.307740	0.012940	0.425437	-12.664200	0.075962	0.000000	-0.000000	0.000000	-0.343684	12.867800	0.076547	4.992330	-20.589001	1.640940	0.000000	-0.000000	-0.000000	-0.000000	0.000000	0.000036	0.000000	0.000000	0.000000	12.108400	-2.265230	15.311600	-15.362500	0.552075	5.420610	0.000000	0.000000	-0.000001	0.000000	0.000000	0.000000	-14.516500	-42.469799	71.166496	-33.840000	-4.280750	-1.499690	0.000000	-0.000000	0.000000	-0.376850	-1.178210	-0.007749	-0.000000	0.000000	-0.000000
-0.235603	0.100579	-1.305290	0.042202	9.650350	-0.007069	0.395064	-13.165600	0.099453	0.000000	-0.000000	-0.000000	-0.319898	13.683100	0.075681	5.288960	-21.981199	1.867360	0.000000	-0.000000	-0.000000	-0.000000	-0.000000	0.000029	0.000000	0.000000	0.000000	12.100300	-2.233270	15.483700	-15.193500	0.317784	5.352520	0.000000	0.000000	-0.000000	0.000000	0.000000	0.000000	-17.853800	-48.146198	68.638199	-36.838501	-7.596710	-4.589370	0.000000	0.000000	-0.000000	-0.161911	-1.398150	-0.003952	-0.000000	-0.000000	0.000000
0.053507	0.236083	-2.500670	-0.667860	9.261570	0.107495	0.549482	-12.205100	-0.023191	-0.000000	0.000000	-0.000000	-0.860538	13.201500	0.196546	5.066080	-21.489599	1.551390	-0.000000	-0.000000	-0.000000	0.000000	-0.000000	-0.000051	0.000000	0.000000	0.000000	11.734000	-1.594400	18.711300	-15.586100	0.345937	5.262490	-0.000000	-0.000000	-0.000001	0.000000	0.000000	0.000000	-15.174400	-54.568001	73.083397	-49.674099	-4.219650	-3.790440	-0.000001	0.000001	-0.000000	0.296080	-1.625610	0.008398	0.000000	-0.000000	-0.000000
0.254157	0.061575	-2.913090	-1.486670	9.982970	0.257783	1.116060	-13.235000	-0.079701	-0.000000	0.000000	-0.000000	-1.579060	13.648100	0.372689	5.171430	-22.441299	1.389950	0.000000	0.000000	0.000000	0.000000	0.000000	-0.000016	0.000000	0.000000	0.000000	11.289900	-1.454910	19.952999	-15.378400	0.494400	5.244250	0.000000	0.000000	-0.000000	0.000000	0.000000	0.000000	-15.133300	-57.575802	73.605598	-69.834900	-5.777190	-16.024300	-0.000000	0.000000	-0.000000	0.284254	-1.409120	0.006990	0.000000	0.000000	0.000000
0.325906	-0.202898	-3.028520	-1.784590	10.643200	0.329709	1.399080	-13.479400	-0.082710	-0.000000	0.000000	0.000000	-1.957900	14.452400	0.488831	5.677660	-23.069799	1.483700	0.000000	0.000000	0.000000	0.000000	0.000000	0.000007	0.000000	0.000000	0.000000	11.077900	-1.218770	21.249599	-15.119100	0.669937	5.211500	0.000000	0.000001	-0.000001	0.000000	0.000000	0.000000	-17.055401	-60.289799	71.905098	-89.851402	-8.129070	-123.389999	0.000000	-0.000000	-0.000000	0.165905	-1.294780	0.003748	0.000000	0.000000	0.000001
-0.228737	1.256710	-2.534110	-0.922412	8.404850	0.134841	0.953024	-12.038100	0.008446	0.000000	0.000000	0.000000	-1.014640	11.731300	0.206325	5.274110	-20.621500	1.510070	0.000000	0.000001	-0.000000	0.000000	-0.000000	-0.000002	0.000000	0.000000	0.000000	11.384600	-2.276570	16.348900	-15.086100	-2.131010	4.697610	-0.000000	-0.000000	0.000001	0.000000	0.000000	0.000000	-21.519100	-60.184200	67.122101	-111.195000	-10.455300	-162.192993	0.000000	-0.000000	-0.000000	0.691764	-1.158510	0.013987	0.000000	0.000000	-0.000000
-4.683249	1.694920	2.204550	5.235150	7.049280	-0.644236	-1.178230	-10.980100	0.766362	0.000000	-0.000000	0.000000	5.047090	11.883300	-1.041870	3.662270	-21.363800	3.153770	-0.000000	0.000000	0.000000	0.000000	-0.000000	-0.000015	0.000000	0.000000	0.000000	13.115100	-6.203560	-1.371480	-12.192400	-2.383190	5.189790	-0.000000	0.000000	-0.000000	0.000000	0.000000	0.000000	-30.123800	-46.172798	53.939899	-132.921997	-5.243860	-177.972000	-0.000000	-0.000000	0.000000	9.369690	-3.391410	0.559255	0.000000	0.000000	0.000000
-6.182371	2.738620	4.238271	8.784390	5.128700	-0.791423	-3.496000	-11.426400	1.043460	-0.000000	0.000000	0.000000	8.885330	10.892000	-1.692050	0.858854	-21.997999	3.618510	0.000000	-0.000000	-0.000000	-0.000001	0.000000	-0.000008	0.000000	0.000000	0.000000	11.890100	-8.656210	-11.969400	-10.691900	-2.882180	5.298320	0.000000	0.000000	0.000000	0.000000	0.000000	0.000000	-32.197701	-36.359100	47.164101	-143.113007	-2.408340	178.363007	-0.000000	0.000000	-0.000000	12.999600	-5.391370	1.242620	0.000000	0.000000	0.000001
-6.888429	3.243010	3.027460	9.467940	4.457600	-0.742588	-3.466430	-10.911500	1.134530	-0.000000	-0.000000	0.000000	9.788610	10.915600	-1.871170	0.662649	-22.995300	4.049780	0.000000	-0.000000	0.000000	0.000004	0.000000	-0.000012	0.000000	0.000000	0.000000	11.995000	-7.614510	-7.547820	-10.874600	-2.597110	5.314670	0.000000	0.000000	-0.000000	0.000000	0.000000	0.000000	-32.076302	-36.991699	47.765301	-140.944000	-2.104080	178.138000	-0.000000	-0.000001	-0.000001	15.145600	-6.061110	1.637080	-0.000000	0.000000	0.000000
-2.074240	1.314610	-1.227970	2.953150	7.786230	-0.400429	-1.555550	-11.900800	0.282637	0.000000	0.000000	0.000000	3.223400	13.617200	-0.759647	2.360230	-24.136801	2.251890	-0.000000	-0.000000	0.000000	-0.000000	0.000000	-0.000031	0.000000	0.000000	0.000000	10.667500	-3.524770	11.249400	-12.506200	0.225097	5.443750	0.000000	0.000000	-0.000000	0.000000	0.000000	0.000000	-25.261999	-47.264801	59.961201	-127.941002	-8.706800	-173.367996	-0.000000	-0.000000	0.000001	6.126400	-2.580940	0.276928	0.000000	-0.000000	0.000000
-0.604705	0.840082	-2.962460	-0.072472	8.086650	0.010199	0.369071	-10.798400	0.055699	-0.000000	0.000000	0.000000	0.120520	12.607100	-0.026299	4.255550	-21.563601	1.609980	0.000000	0.000001	-0.000000	-0.000000	0.000000	-0.000027	0.000000	0.000000	0.000000	10.763400	-2.381100	16.686001	-13.125600	0.855850	5.426310	-0.000000	-0.000000	0.000000	0.000000	0.000000	0.000000	-22.151400	-56.465199	65.851097	-105.807999	-10.522700	-157.386002	0.000000	-0.000000	-0.000001	2.693140	-1.773300	0.083399	0.000000	-0.000000	0.000000
-0.003734	0.260678	-3.424551	-1.283930	8.951310	0.199810	1.121920	-10.741700	-0.027286	0.000000	0.000000	-0.000000	-1.489720	13.368500	0.344521	5.629320	-21.721399	1.549350	0.000000	-0.000000	0.000000	0.000000	-0.000000	-0.000032	0.000000	0.000000	0.000000	11.106200	-2.151050	17.302099	-13.635200	0.860574	5.430840	0.000000	-0.000000	0.000000	0.000000	0.000000	0.000000	-17.983801	-59.250500	70.823402	-81.804703	-8.213100	-62.585098	-0.000001	0.000000	0.000000	1.483100	-1.341330	0.034724	-0.000000	0.000000	-0.000000
0.208640	-0.330690	-2.458270	-1.388140	8.949060	0.215980	0.827017	-9.805480	-0.092691	-0.000000	-0.000000	-0.000000	-1.478640	12.636800	0.323559	4.999240	-19.420900	1.183870	0.000000	-0.000000	0.000000	0.000000	0.000000	0.000057	0.000000	0.000000	0.000000	10.822300	-2.909920	14.032300	-13.537800	0.993292	5.563550	-0.000000	0.000000	-0.000000	0.000000	0.000000	0.000000	-22.448500	-59.101799	65.954697	-54.317299	-10.291400	-13.988800	0.000000	-0.000000	0.000000	0.892296	-1.385660	0.021579	-0.000000	-0.000000	0.000000
-0.002550	0.713095	-1.564760	-0.968064	7.934220	0.133644	0.913983	-10.129200	-0.007886	0.000000	0.000000	0.000000	-0.971124	12.405000	0.208643	4.825070	-20.713800	1.372980	0.000000	-0.000000	-0.000000	-0.000000	0.000000	-0.000032	0.000000	0.000000	0.000000	11.856300	-3.832950	8.986790	-15.286200	-1.300790	5.195330	-0.000000	-0.000000	0.000000	0.000000	0.000000	0.000000	-24.630699	-54.516998	62.644100	-38.973900	-11.743700	-8.690260	-0.000000	0.000000	0.000000	0.116661	-1.210990	0.002465	-0.000000	0.000000	0.000000
0.044932	-0.086736	-1.100770	-0.743012	9.121060	0.117794	0.592676	-10.611500	-0.025959	-0.000000	-0.000000	-0.000000	-0.903122	13.820700	0.215765	5.063630	-21.440001	1.532690	0.000000	-0.000000	-0.000000	-0.000005	-0.000000	-0.000003	0.000000	0.000000	0.000000	11.611500	-3.299120	11.382100	-15.702900	-1.091850	5.131800	0.000000	0.000000	0.000000	0.000000	0.000000	0.000000	-17.030199	-47.030201	69.294701	-35.724800	-5.585940	-2.751710	-0.000000	0.000000	0.000000	0.074962	-1.472150	0.001925	0.000000	0.000000	-0.000000
-0.185281	0.363934	-0.648848	-0.207041	8.576510	0.030880	0.394037	-10.868400	0.035690	-0.000000	0.000000	-0.000000	0.053992	12.634100	-0.011803	3.715470	-20.574301	1.325880	0.000000	0.000000	-0.000000	-0.000000	0.000000	-0.000014	0.000000	0.000000	0.000000	11.678100	-3.322410	11.211700	-15.825000	-2.131470	4.830920	-0.000000	-0.000000	0.000000	0.000000	0.000000	0.000000	-13.815900	-43.812099	72.336700	-30.187401	-1.590110	0.465742	0.000001	-0.000000	0.000000	-0.152921	-1.240550	-0.003311	-0.000000	-0.000000	-0.000000
0.397737	0.638502	0.001631	-0.565100	8.709400	0.085576	-0.084489	-11.666500	-0.130051	0.000000	-0.000000	-0.000000	-0.509178	12.955100	0.114161	3.588050	-21.317801	1.124940	0.000000	0.000000	-0.000000	-0.000000	-0.000000	0.000011	0.000000	0.000000	0.000000	10.795400	-3.859510	9.401280	-14.890600	-1.808220	4.987840	-0.000000	-0.000000	-0.000000	0.000000	0.000000	0.000000	-13.160900	-42.088299	72.631897	-27.650700	-1.123860	0.735141	-0.000000	-0.000000	-0.000000	-0.039836	-0.783362	-0.000545	-0.000000	0.000000	-0.000000
0.580657	-0.099781	0.610856	-1.680410	7.797690	0.228058	0.810987	-9.154000	-0.135856	-0.000000	0.000000	0.000000	-1.331530	13.275900	0.305831	4.188870	-21.020800	1.038480	-0.000000	-0.000000	0.000000	-0.000000	0.000000	0.000030	0.000000	0.000000	0.000000	10.112900	-3.644980	10.819300	-13.898700	-1.095940	5.080700	-0.000000	0.000000	-0.000001	0.000000	0.000000	0.000000	-15.363000	-40.467899	69.262802	-29.373301	-3.518080	-0.597566	0.000000	0.000000	0.000000	-0.109598	-1.189800	-0.002277	-0.000000	-0.000000	0.000000
0.805235	0.054136	0.098927	-2.269400	8.457960	0.333967	1.511950	-10.061300	-0.128026	-0.000000	-0.000000	-0.000000	-1.918710	14.379200	0.476664	4.605190	-22.769699	1.063700	0.000000	0.000000	0.000000	-0.000000	0.000000	0.000039	0.000000	0.000000	0.000000	10.380900	-3.225620	12.692700	-14.103100	0.742616	5.493560	-0.000000	-0.000000	-0.000001	0.000000	0.000000	0.000000	-17.063900	-43.238300	68.054497	-31.502199	-5.664970	-2.180290	-0.000000	0.000000	-0.000000	0.045950	-1.082560	0.000868	-0.000000	0.000000	0.000000
0.387142	0.146438	-0.428572	-1.219790	8.528540	0.180928	0.487501	-10.608700	-0.132343	0.000000	-0.000000	-0.000000	-1.295870	13.889100	0.311122	4.591200	-22.206699	1.261000	0.000000	0.000000	-0.000000	0.000000	0.000000	-0.000026	0.000000	0.000000	0.000000	11.208600	-2.663200	14.489000	-14.810500	1.102610	5.557030	-0.000000	0.000000	-0.000001	0.000000	0.000000	0.000000	-20.680799	-48.067200	65.247398	-33.415501	-8.737380	-4.655400	-0.000000	-0.000000	0.000000	0.224668	-1.335450	0.005235	-0.000000	0.000000	0.000000
0.292609	-0.090601	-1.878641	-1.027370	8.945940	0.159780	0.640078	-10.991900	-0.071469	-0.000000	-0.000000	-0.000000	-1.145850	13.027900	0.258345	4.819540	-20.339300	1.288720	0.000000	-0.000001	0.000000	-0.000000	-0.000000	-0.000049	0.000000	0.000000	0.000000	11.620400	-1.425930	19.415701	-14.636300	1.892110	5.565960	-0.000000	-0.000000	0.000001	0.000000	0.000000	0.000000	-20.042101	-54.525299	67.637299	-41.654099	-7.360830	-5.550760	-0.000000	0.000000	-0.000000	0.406167	-1.317390	0.009338	0.000000	0.000000	-0.000000
0.510488	0.672241	-2.709549	-1.532330	8.475150	0.225893	0.962167	-11.196400	-0.107470	0.000000	-0.000000	0.000000	-1.628260	12.605800	0.355450	5.132190	-21.205799	1.283050	-0.000000	0.000000	0.000000	0.000000	0.000000	0.000055	0.000000	0.000000	0.000000	11.401400	-1.374060	20.136499	-15.223500	1.477100	5.496260	-0.000000	0.000000	-0.000001	0.000000	0.000000	0.000000	-18.248301	-58.575901	70.362198	-60.903301	-5.467190	-8.882220	0.000000	0.000000	-0.000000	0.274524	-1.031630	0.004943	0.000000	-0.000000	-0.000000
0.527007	1.396120	-3.065200	-1.524090	7.213990	0.191436	0.543978	-10.736600	-0.180362	0.000000	-0.000000	-0.000000	-1.808310	10.312900	0.323839	5.309820	-19.013599	1.151580	-0.000000	0.000000	0.000000	0.000000	-0.000000	-0.000019	0.000000	0.000000	0.000000	11.449000	-1.534310	19.515499	-15.821600	-0.055189	5.152980	0.000000	-0.000000	-0.000000	0.000000	0.000000	0.000000	-17.057301	-60.131802	71.888702	-83.311798	-5.318720	-63.444698	-0.000000	0.000001	0.000001	0.559008	-0.724589	0.007069	-0.000000	0.000000	0.000000
0.159582	1.768090	-2.912070	-1.413920	6.467260	0.159292	1.124530	-9.694800	-0.047222	-0.000000	0.000000	0.000000	-1.502040	10.922200	0.284666	5.442350	-21.251900	1.440100	-0.000000	-0.000000	0.000000	0.000000	0.000000	-0.000043	0.000000	0.000000	0.000000	11.506500	-1.806850	18.280600	-15.649900	-1.031880	4.932330	0.000000	0.000000	-0.000001	0.000000	0.000000	0.000000	-18.118099	-57.841099	70.416100	-107.287003	-7.565740	-164.949005	-0.000000	0.000000	0.000001	0.591297	-0.361856	0.003735	0.000000	0.000000	-0.000000
0.648909	0.246950	0.012616	-1.426240	8.585570	0.212966	0.718819	-10.546700	-0.126569	0.000000	0.000000	0.000000	-1.457990	13.189800	0.332756	4.749400	-21.621300	1.228150	0.000000	-0.000000	0.000000	-0.000000	0.000000	0.000005	0.000000	0.000000	0.000000	10.323400	-3.264660	12.544600	-14.950200	0.029404	5.336270	-0.000000	-0.000000	0.000001	0.000000	0.000000	0.000000	-18.918800	-44.521599	66.212196	-133.182999	-9.559070	-173.335007	-0.000000	-0.000000	0.000000	0.716534	-1.131310	0.014147	-0.000000	-0.000000	0.000000
0.755828	0.991330	0.757334	-2.507300	7.791890	0.340144	1.940220	-10.436500	-0.098534	0.000000	0.000000	0.000000	-2.208790	13.617800	0.520296	5.199210	-22.442101	1.166240	-0.000000	0.000000	-0.000000	0.000000	0.000000	-0.000064	0.000000	0.000000	0.000000	9.677510	-4.403860	7.294460	-13.865800	-0.577297	5.356290	-0.000000	-0.000000	-0.000000	0.000000	0.000000	0.000000	-20.339100	-37.085899	61.624401	-147.996002	-7.496290	-178.190994	0.000000	0.000000	0.000001	0.667865	-0.783444	0.009132	-0.000000	-0.000000	-0.000000
0.973134	0.829902	2.066480	-2.777780	7.737570	0.374281	2.103450	-10.537500	-0.118701	0.000000	0.000000	0.000000	-2.159100	13.533200	0.505481	4.680580	-21.860500	0.961749	0.000000	0.000000	-0.000000	0.000000	-0.000000	0.000003	0.000000	0.000000	0.000000	9.113730	-5.789250	-0.191580	-13.317300	-0.253146	5.637720	0.000000	0.000000	-0.000000	0.000000	0.000000	0.000000	-20.544399	-31.225300	58.182499	-153.638000	-6.952480	-179.468002	-0.000000	-0.000001	-0.000000	0.654989	-1.027900	0.011750	-0.000000	0.000000	0.000000
0.324504	0.868612	0.602708	-1.348010	7.824770	0.183561	1.266290	-10.856900	-0.013034	0.000000	0.000000	-0.000000	-1.005710	13.537300	0.235443	4.470850	-21.647800	1.289970	-0.000000	0.000000	0.000000	0.000000	0.000000	-0.000043	0.000000	0.000000	0.000000	10.477200	-4.923250	4.305250	-13.972600	0.015088	5.617290	-0.000000	0.000000	0.000000	0.000000	0.000000	0.000000	-18.286100	-32.921600	62.367901	-149.315002	-6.952540	-178.705994	0.000000	0.000000	0.000000	0.626579	-1.260700	0.013786	0.000000	0.000000	0.000000
1.237970	-1.873520	-2.235800	-2.903980	12.029900	0.605754	0.772224	-11.892500	-0.426333	-0.000000	0.000000	-0.000000	-2.613890	17.203199	0.773584	4.978850	-23.785999	1.001560	-0.000000	-0.000000	-0.000000	-0.000000	-0.000000	-0.000001	0.000000	0.000000	0.000000	10.930800	-0.153168	25.576500	-14.374800	3.652400	5.641520	0.000000	0.000000	-0.000000	0.000000	0.000000	0.000000	-13.097700	-56.963001	75.678596	-46.981998	-2.531400	-1.628070	0.000001	-0.000000	0.000000	0.652472	-1.564810	0.017818	-0.000000	0.000000	0.000000
1.231180	-0.069359	-3.582570	-2.951010	10.629700	0.544818	0.893152	-13.207600	-0.458785	0.000000	-0.000000	0.000000	-2.844220	13.544300	0.666630	5.656960	-20.722799	1.024040	-0.000000	0.000000	0.000000	-0.000000	-0.000000	-0.000055	0.000000	0.000000	0.000000	11.831100	-0.189776	24.246300	-16.985500	0.868130	5.210650	-0.000000	-0.000000	-0.000000	0.000000	0.000000	0.000000	-10.177100	-57.733398	79.134201	-56.371300	-1.953960	-1.630040	0.000000	0.000000	0.000000	0.607257	-0.899118	0.009529	-0.000000	0.000000	0.000000
0.472690	0.574964	-4.639610	-1.045000	10.301600	0.186901	-0.018556	-13.833200	-0.250295	-0.000000	-0.000000	-0.000000	-1.066940	12.857700	0.237459	4.970160	-21.459499	1.439700	0.000000	-0.000000	-0.000000	0.000000	0.000000	0.000036	0.000000	0.000000	0.000000	13.050900	-0.261017	22.300501	-17.200100	-0.639897	4.925480	0.000000	-0.000000	0.000000	0.000000	0.000000	0.000000	-7.840970	-57.966702	81.866302	-72.491402	-2.301400	-6.006280	0.000001	-0.000000	-0.000000	0.621137	-0.714992	0.007751	0.000000	-0.000000	0.000000
0.402339	-0.809262	-4.335300	-0.670027	11.151200	0.129593	-0.375457	-13.039800	-0.233065	-0.000000	-0.000000	-0.000000	-0.705930	14.055100	0.171453	4.472230	-21.616600	1.397020	0.000000	0.000000	0.000000	-0.000000	0.000000	0.000001	0.000000	0.000000	0.000000	12.876800	-0.116450	22.913900	-16.911699	0.104864	5.073870	-0.000000	-0.000000	-0.000000	0.000000	0.000000	0.000000	-10.199600	-57.822201	79.224503	-92.935600	-6.317030	-145.307007	0.000000	-0.000000	0.000000	0.587027	-0.934108	0.009571	-0.000000	0.000000	0.000000
0.617570	-0.439803	-3.445080	-0.893772	10.765000	0.166957	-0.695742	-12.202800	-0.332739	-0.000000	-0.000000	0.000000	-1.021110	14.052400	0.247965	4.353080	-21.376499	1.226840	0.000000	-0.000000	0.000000	-0.000000	0.000000	-0.000011	0.000000	0.000000	0.000000	12.598100	-1.438610	18.273100	-16.522600	-0.298461	5.147310	0.000000	0.000000	-0.000001	0.000000	0.000000	0.000000	-14.416800	-54.045799	73.978500	-116.918999	-9.463700	-167.184006	-0.000000	-0.000000	-0.000001	0.589404	-0.917365	0.009437	0.000000	-0.000000	0.000000
0.548217	-0.357564	-0.413436	-0.235260	10.406000	0.042498	-1.273050	-11.962100	-0.311890	0.000000	0.000000	-0.000000	0.024016	14.444100	-0.005984	2.783600	-22.263399	1.064140	0.000000	-0.000000	0.000000	0.000000	0.000000	0.000029	0.000000	0.000000	0.000000	11.947900	-4.101100	7.543330	-15.365800	-0.157103	5.511620	-0.000000	-0.000000	-0.000000	0.000000	0.000000	0.000000	-19.651100	-44.998901	65.574303	-138.261002	-9.195430	-175.031006	-0.000000	-0.000000	-0.000001	1.440920	-1.177680	0.029621	0.000000	-0.000000	0.000000
-1.708330	1.589640	0.976420	1.595220	7.739570	-0.214881	-1.128040	-11.585600	0.090903	-0.000000	-0.000000	-0.000000	1.646320	13.133700	-0.374176	3.739070	-22.847700	2.079440	-0.000000	-0.000000	0.000000	-0.000000	0.000000	-0.000044	0.000000	0.000000	0.000000	11.365200	-6.279330	-2.056510	-11.768100	-1.600920	5.405750	-0.000000	0.000000	0.000000	0.000000	0.000000	0.000000	-24.337799	-38.619801	57.468201	-147.570007	-6.283650	-179.095993	0.000000	-0.000000	0.000000	6.674880	-4.260620	0.498141	0.000000	-0.000000	-0.000000
-1.115450	2.110750	-0.471028	2.189310	6.880900	-0.262415	-1.997040	-12.059700	0.036870	-0.000000	0.000000	-0.000000	2.428570	11.674500	-0.491705	2.427720	-21.808599	1.789080	-0.000000	-0.000001	0.000000	0.000000	-0.000000	-0.000020	0.000000	0.000000	0.000000	10.324100	-6.106670	-1.395700	-11.455500	-1.539570	5.440710	-0.000000	-0.000000	-0.000000	0.000000	0.000000	0.000000	-23.801901	-40.194599	58.959801	-141.772995	-7.810080	-177.311996	-0.000000	-0.000000	0.000000	5.885050	-3.184060	0.328026	-0.000000	0.000000	0.000000
0.671747	0.722215	-1.568220	-1.490680	9.223400	0.238988	0.273200	-13.222300	-0.274107	-0.000000	-0.000000	-0.000000	-1.265580	12.711500	0.278528	4.678280	-21.486700	1.262690	0.000000	-0.000000	-0.000000	-0.000005	-0.000000	0.000004	0.000000	0.000000	0.000000	9.666510	-4.347520	7.898940	-11.997700	0.373012	5.597180	-0.000000	-0.000000	0.000000	0.000000	0.000000	0.000000	-22.915100	-48.189701	62.890999	-123.946999	-10.612700	-169.587997	-0.000000	0.000000	-0.000000	2.472810	-1.772400	0.076529	-0.000000	0.000000	0.000000
1.310780	-0.233074	-1.893070	-3.069020	9.678820	0.516461	1.251570	-11.887900	-0.365498	0.000000	0.000000	-0.000000	-2.848530	13.655700	0.673026	5.423840	-21.588400	0.977805	0.000000	-0.000001	-0.000000	-0.000005	-0.000000	-0.000003	0.000000	0.000000	0.000000	8.642070	-4.350720	8.582670	-10.878200	1.716180	5.804560	0.000000	0.000000	0.000000	0.000000	0.000000	0.000000	-22.059299	-55.171902	65.567802	-99.529602	-9.815420	-150.126007	0.000000	-0.000000	0.000000	1.349050	-1.678590	0.039524	0.000000	0.000000	0.000000
1.248970	-0.985933	-2.961581	-3.285910	11.181300	0.637862	1.261620	-12.697100	-0.431370	0.000000	-0.000000	-0.000000	-3.153740	14.396900	0.784883	5.552950	-21.211800	0.904437	-0.000000	0.000000	0.000000	-0.000005	-0.000000	-0.000020	0.000000	0.000000	0.000000	9.640130	-2.855110	15.800000	-12.780500	1.440740	5.571510	-0.000000	0.000000	-0.000000	0.000000	0.000000	0.000000	-16.899401	-58.965401	71.894600	-72.252197	-6.802830	-22.747801	-0.000001	0.000000	-0.000001	0.931813	-1.653760	0.026893	0.000000	-0.000000	0.000000
0.520986	-1.112650	-3.173160	-1.685580	11.048200	0.323111	0.516224	-11.813200	-0.233030	0.000000	0.000000	-0.000000	-1.650460	14.460100	0.412243	5.196480	-20.871201	1.283430	-0.000000	0.000001	-0.000000	-0.000000	-0.000000	-0.000014	0.000000	0.000000	0.000000	11.006500	-2.602380	15.296200	-13.639400	1.241910	5.597060	0.000000	-0.000000	-0.000000	0.000000	0.000000	0.000000	-22.313000	-59.247002	66.224197	-43.066799	-10.501800	-9.215660	0.000000	0.000000	-0.000000	0.435362	-1.610330	0.012234	0.000000	-0.000000	0.000000
0.296225	-0.934139	-1.828760	-0.278103	10.945800	0.052811	-1.313930	-12.237900	-0.336478	0.000000	-0.000000	-0.000000	-0.482100	14.473500	0.120500	4.001190	-21.283600	1.284330	-0.000000	-0.000000	0.000000	-0.000000	-0.000000	0.000033	0.000000	0.000000	0.000000	11.174100	-3.321990	11.708400	-14.090300	-0.913488	5.174420	0.000000	0.000000	0.000000	0.000000	0.000000	0.000000	-18.286301	-50.002201	68.653503	-36.624001	-8.254200	-5.125440	-0.000000	-0.000000	-0.000000	0.206953	-1.610160	0.005815	0.000000	-0.000000	-0.000000
0.171402	-1.021240	-1.039090	-0.326558	10.511400	0.059579	-0.338583	-11.475300	-0.131246	0.000000	0.000000	-0.000000	0.147828	15.242300	-0.038859	3.396480	-22.362000	1.347940	-0.000000	-0.000000	-0.000000	0.000000	0.000000	0.000000	0.000000	0.000000	0.000000	10.486300	-3.629990	10.760000	-12.219500	-1.122000	5.126690	-0.000000	0.000000	-0.000000	0.000000	0.000000	0.000000	-14.986500	-43.699799	70.927299	-30.299700	-4.995110	-1.666190	-0.000000	0.000000	0.000000	-0.096328	-1.780920	-0.002995	-0.000000	0.000000	0.000000
0.058172	-1.685280	-0.368781	-0.253350	11.736800	0.051541	-0.177452	-12.848900	-0.094631	-0.000000	0.000000	0.000000	0.209556	15.802100	-0.057059	3.656420	-21.923300	1.442330	0.000000	-0.000001	-0.000000	-0.000000	-0.000000	0.000033	0.000000	0.000000	0.000000	9.957480	-3.256250	12.950800	-12.185100	-1.063350	5.010890	-0.000000	-0.000000	-0.000000	0.000000	0.000000	0.000000	-13.013000	-38.310398	71.858101	-29.076500	-3.347350	-0.487992	0.000001	0.000000	-0.000000	-0.446544	-1.837490	-0.014319	-0.000000	0.000000	-0.000000
0.338736	-1.346590	-0.217732	-0.818302	11.313700	0.160550	-0.130084	-12.334200	-0.199213	0.000000	0.000000	0.000000	-0.337451	15.787800	0.091819	3.658080	-22.383699	1.270590	0.000000	-0.000001	0.000000	0.000000	-0.000000	-0.000032	0.000000	0.000000	0.000000	9.297970	-3.153600	14.269300	-11.239200	-0.266524	5.118090	0.000000	-0.000000	0.000001	0.000000	0.000000	0.000000	-12.327000	-36.855000	72.313499	-32.447601	-1.932810	0.283859	-0.000001	0.000000	-0.000000	-0.565921	-1.467410	-0.014493	-0.000000	0.000000	-0.000000
0.366151	-1.243970	-0.117997	-0.986395	11.258500	0.192603	0.132810	-12.803800	-0.184976	0.000000	-0.000000	0.000000	-0.460321	16.103201	0.127689	3.720200	-23.412701	1.303680	-0.000000	-0.000000	-0.000000	-0.000000	0.000000	-0.000034	0.000000	0.000000	0.000000	9.532030	-3.224530	13.625700	-10.604400	1.317640	5.448690	0.000000	0.000000	0.000001	0.000000	0.000000	0.000000	-14.564400	-38.273800	69.734200	-37.108700	-5.712350	-2.893590	0.000000	-0.000001	-0.000000	-0.258861	-1.562840	-0.007061	-0.000000	-0.000000	-0.000000
0.670685	-0.925168	-0.404488	-1.090210	10.228700	0.193623	0.160928	-11.761100	-0.185903	-0.000000	0.000000	0.000000	-0.642464	15.213100	0.168600	3.651480	-22.390900	1.155700	0.000000	0.000000	-0.000000	-0.000000	0.000000	0.000031	0.000000	0.000000	0.000000	9.739560	-2.980070	14.712000	-10.567600	2.304460	5.604410	-0.000000	-0.000000	-0.000000	0.000000	0.000000	0.000000	-18.090401	-44.847301	67.384697	-39.395802	-8.158870	-5.516320	-0.000000	0.000000	-0.000000	0.018123	-1.356110	0.000428	-0.000000	0.000000	-0.000000
1.369800	-0.697810	-0.817938	-1.809170	10.572200	0.332047	-0.404458	-12.952200	-0.489503	0.000000	-0.000000	0.000000	-1.409320	14.526100	0.353560	3.363330	-21.962099	0.747894	-0.000000	0.000000	0.000000	0.000000	-0.000000	0.000009	0.000000	0.000000	0.000000	8.904440	-2.889520	16.451200	-10.033900	2.946980	5.626090	0.000000	-0.000000	0.000000	0.000000	0.000000	0.000000	-18.500299	-51.316601	68.562302	-52.161900	-6.664670	-7.544990	-0.000001	-0.000000	-0.000000	0.203467	-1.262730	0.004483	0.000000	0.000000	0.000000
1.213680	-0.425554	-0.896224	-2.523180	10.394100	0.455518	0.660269	-13.272500	-0.418317	-0.000000	0.000000	-0.000000	-1.844230	14.764500	0.470155	3.823010	-23.095100	0.800366	-0.000000	0.000000	0.000000	-0.000000	0.000000	0.000007	0.000000	0.000000	0.000000	8.778480	-2.751240	17.433599	-10.236100	2.596140	5.533300	0.000000	-0.000000	0.000001	0.000000	0.000000	0.000000	-20.951401	-55.488098	66.727402	-71.720802	-7.187270	-22.446199	-0.000001	0.000000	0.000000	0.236023	-1.106720	0.004558	0.000000	-0.000000	0.000000
1.026270	-0.146130	-0.565586	-2.252820	10.607000	0.414891	0.627287	-14.136800	-0.387708	-0.000000	0.000000	-0.000000	-1.899250	14.592000	0.478655	4.564490	-23.212200	1.075300	0.000000	0.000001	-0.000000	-0.000000	0.000000	-0.000007	0.000000	0.000000	0.000000	9.353680	-2.543490	17.549101	-11.456100	1.641550	5.397050	0.000000	0.000000	0.000001	0.000000	0.000000	0.000000	-23.577101	-57.907600	64.358002	-93.895103	-8.408990	-140.938995	0.000001	0.000000	-0.000000	0.304224	-0.896053	0.004757	-0.000000	-0.000000	-0.000000
0.600166	0.176657	1.750880	-0.932174	9.199900	0.149053	-0.799321	-12.467300	-0.371322	-0.000000	0.000000	0.000000	-0.637239	13.708900	0.151031	3.232070	-22.527700	1.001690	0.000000	0.000000	-0.000000	0.000000	0.000000	0.000032	0.000000	0.000000	0.000000	9.031790	-3.897530	10.426600	-11.581100	0.657481	5.444420	0.000000	-0.000000	-0.000000	0.000000	0.000000	0.000000	-27.599300	-50.856899	58.167099	-121.987000	-10.544400	-168.753998	-0.000000	0.000000	0.000001	1.529320	-2.627810	0.070132	-0.000000	-0.000000	-0.000000
-0.269729	1.234040	3.723900	0.404715	6.499650	-0.045810	-0.613509	-10.590700	-0.038858	-0.000000	-0.000000	-0.000000	1.266410	13.173600	-0.288658	2.182370	-23.470100	1.361620	-0.000000	0.000000	-0.000000	-0.000000	-0.000000	0.000006	0.000000	0.000000	0.000000	9.116380	-6.274290	-2.758580	-11.605100	-0.826358	5.558580	-0.000000	0.000000	0.000000	0.000000	0.000000	0.000000	-27.484600	-40.242901	54.247299	-142.699005	-9.183910	-176.494003	-0.000000	-0.000001	0.000001	2.636270	-2.520980	0.116037	0.000000	0.000000	0.000000
-0.695037	1.392570	4.441781	0.640724	6.742480	-0.075226	-0.518725	-11.544800	0.023525	0.000000	-0.000000	-0.000000	1.764530	13.341800	-0.407298	1.745260	-23.712700	1.393720	-0.000000	0.000001	-0.000000	-0.000000	0.000000	-0.000012	0.000000	0.000000	0.000000	8.867930	-7.376930	-8.928220	-11.456800	-1.189500	5.605930	0.000000	0.000000	0.000000	0.000000	0.000000	0.000000	-25.713699	-34.992401	53.607601	-147.285995	-7.662990	-178.332001	0.000000	-0.000000	-0.000001	4.474410	-3.027430	0.236791	0.000000	0.000000	0.000000
0.895795	1.083100	0.962323	-1.355090	6.957500	0.164179	-0.191477	-11.253000	-0.299927	0.000000	0.000000	-0.000000	-0.886106	12.770800	0.195896	3.501600	-22.522699	1.010860	0.000000	-0.000000	0.000000	-0.000000	0.000000	-0.000020	0.000000	0.000000	0.000000	8.603520	-5.265660	3.152340	-11.976900	-0.528048	5.520100	-0.000000	0.000000	0.000000	0.000000	0.000000	0.000000	-23.852100	-43.191399	59.896301	-134.320007	-9.819580	-173.863007	-0.000000	0.000001	0.000001	2.086890	-1.517040	0.055273	0.000000	0.000000	0.000000
1.286800	0.968196	-0.927187	-2.345910	6.936000	0.283453	0.354419	-10.595400	-0.363166	-0.000000	-0.000000	-0.000000	-2.323190	12.139800	0.488823	5.006760	-21.993601	1.025130	0.000000	0.000000	-0.000000	0.000000	-0.000000	0.000043	0.000000	0.000000	0.000000	8.767290	-4.408720	8.306550	-11.905200	-0.692168	5.359870	0.000000	-0.000000	0.000000	0.000000	0.000000	0.000000	-24.034700	-53.305500	62.933102	-110.281998	-10.435200	-161.884003	0.000000	-0.000000	-0.000001	1.185960	-0.541856	0.011217	-0.000000	-0.000000	0.000000
1.235710	0.368849	-1.904620	-2.528650	8.352530	0.367558	0.450523	-11.953100	-0.425023	-0.000000	-0.000000	-0.000000	-2.797340	12.087500	0.586232	5.730840	-20.729900	1.061150	-0.000000	-0.000000	0.000000	0.000000	0.000000	0.000006	0.000000	0.000000	0.000000	8.540420	-4.216970	9.715020	-10.769500	-0.338444	5.391680	0.000000	0.000000	-0.000001	0.000000	0.000000	0.000000	-23.000799	-58.494499	65.214798	-84.841499	-8.091030	-85.516403	-0.000000	-0.000001	-0.000000	0.770821	-0.744881	0.010021	-0.000000	-0.000000	-0.000000
1.587280	-0.490337	-2.402790	-3.081890	9.096610	0.487708	0.589428	-11.759500	-0.500367	-0.000000	-0.000000	-0.000000	-3.290590	12.780100	0.728677	5.700580	-21.061899	0.895906	0.000000	0.000000	0.000000	0.000000	0.000000	0.000030	0.000000	0.000000	0.000000	9.320570	-3.545790	12.690000	-12.174800	0.001009	5.372500	-0.000000	0.000000	0.000000	0.000000	0.000000	0.000000	-24.895500	-61.129398	63.739799	-54.881001	-7.008510	-9.001680	0.000000	-0.000000	0.000000	0.660279	-1.062040	0.012238	-0.000000	0.000000	0.000000
1.585080	-1.032000	-1.887350	-2.866170	10.010800	0.498642	0.315345	-12.041900	-0.523385	0.000000	0.000000	0.000000	-3.140500	13.186400	0.717099	5.448240	-20.211800	0.826353	-0.000000	-0.000000	-0.000000	-0.000005	-0.000000	-0.000019	0.000000	0.000000	0.000000	9.366030	-4.410710	7.802540	-11.979300	0.155100	5.564620	0.000000	0.000000	-0.000000	0.000000	0.000000	0.000000	-23.702200	-56.541801	64.105499	-37.903999	-6.067170	-3.445110	0.000000	0.000001	-0.000000	0.527661	-1.247500	0.011487	0.000000	-0.000000	0.000000
1.421530	-1.455010	-1.587300	-2.330270	10.714600	0.433470	-0.099459	-12.522600	-0.518302	0.000000	0.000000	0.000000	-2.403740	14.190100	0.589581	4.535340	-21.023300	0.791366	0.000000	-0.000000	-0.000000	-0.000000	0.000000	-0.000043	0.000000	0.000000	0.000000	9.892490	-4.381110	7.544290	-13.289300	-0.031522	5.544710	0.000000	0.000000	0.000000	0.000000	0.000000	0.000000	-20.959700	-47.334301	64.876801	-33.884899	-8.605380	-4.461490	0.000000	-0.000000	0.000000	0.277304	-1.384220	0.006698	0.000000	0.000000	0.000000
1.396240	-1.386320	-1.367600	-2.210330	11.086700	0.425243	-0.355154	-13.396400	-0.585191	-0.000000	-0.000000	0.000000	-2.509690	14.537000	0.630330	4.687450	-21.846901	0.840688	0.000000	-0.000000	0.000000	0.000000	0.000000	-0.000005	0.000000	0.000000	0.000000	9.289680	-4.267520	8.571190	-12.063300	-0.410239	5.394640	-0.000000	-0.000001	0.000001	0.000000	0.000000	0.000000	-17.401699	-41.074902	67.174004	-33.350700	-8.009290	-3.842160	0.000000	-0.000000	0.000000	0.166419	-1.352670	0.003928	-0.000000	-0.000000	-0.000000
1.409350	-1.140350	-1.471820	-2.310540	10.259000	0.411723	-0.560720	-12.377500	-0.608018	0.000000	-0.000000	0.000000	-2.357160	14.044100	0.572317	4.208830	-21.593901	0.707629	0.000000	0.000000	0.000000	0.000000	-0.000000	0.000040	0.000000	0.000000	0.000000	9.471330	-3.958890	10.167700	-11.908800	0.101620	5.457770	-0.000000	0.000000	-0.000000	0.000000	0.000000	0.000000	-14.780200	-40.139000	70.223000	-32.953701	-4.860760	-1.648780	0.000000	0.000000	-0.000000	0.255134	-1.460930	0.006504	-0.000000	0.000000	0.000000
1.526780	-1.039210	-1.684300	-2.623660	9.963820	0.454275	0.185393	-12.602300	-0.523645	-0.000000	-0.000000	-0.000000	-2.716450	13.471000	0.633260	4.871230	-21.095301	0.802810	-0.000000	-0.000000	0.000000	0.000005	0.000000	0.000028	0.000000	0.000000	0.000000	9.518560	-3.394530	13.182200	-11.132200	1.382570	5.591870	-0.000000	0.000000	0.000000	0.000000	0.000000	0.000000	-13.453500	-41.893299	72.454498	-36.668900	-3.526430	-1.153500	0.000000	0.000000	-0.000000	0.142080	-1.506650	0.003735	-0.000000	-0.000000	-0.000000
1.738900	-0.433119	-1.557140	-2.730860	9.558260	0.453798	-0.106759	-13.418100	-0.650176	-0.000000	-0.000000	0.000000	-2.917680	12.432900	0.628689	4.761980	-20.525801	0.670887	0.000000	0.000000	-0.000000	-0.000005	-0.000000	0.000001	0.000000	0.000000	0.000000	9.527320	-3.306760	13.674500	-11.441600	1.784910	5.670820	0.000000	-0.000000	0.000001	0.000000	0.000000	0.000000	-17.737101	-47.798801	68.714104	-39.686600	-7.758520	-5.317760	-0.000000	-0.000000	0.000000	0.428587	-1.284910	0.009611	-0.000000	0.000000	-0.000000
2.033900	0.044115	-2.548390	-3.234910	8.736750	0.491880	0.041670	-12.791300	-0.699342	0.000000	0.000000	-0.000000	-3.660740	11.529500	0.732641	5.305080	-19.944700	0.586282	0.000000	0.000000	0.000000	-0.000000	0.000000	0.000018	0.000000	0.000000	0.000000	9.221650	-2.772690	17.115000	-10.258800	2.528970	5.634580	0.000000	0.000000	0.000001	0.000000	0.000000	0.000000	-14.409600	-55.108898	74.018303	-54.973499	-4.196370	-4.876480	-0.000001	0.000000	-0.000000	0.620691	-1.292690	0.014002	-0.000000	0.000000	0.000000
1.863280	0.149259	-3.486220	-3.484980	8.599990	0.521761	0.565763	-12.326500	-0.615326	-0.000000	-0.000000	-0.000000	-3.672720	11.967800	0.762586	5.416240	-21.185801	0.659164	-0.000000	-0.000000	0.000000	-0.000000	-0.000000	-0.000020	0.000000	0.000000	0.000000	10.004200	-1.793810	20.847300	-10.847600	2.845060	5.584020	0.000000	0.000000	0.000000	0.000000	0.000000	0.000000	-13.082200	-59.400002	76.121803	-76.149399	-5.724880	-26.817699	-0.000001	-0.000000	0.000000	0.715537	-1.279630	0.015979	0.000000	0.000000	0.000000
1.383340	-0.475428	-3.343630	-2.180450	9.090140	0.344653	-0.496639	-12.137800	-0.557522	-0.000000	0.000000	0.000000	-2.351650	12.709900	0.517680	4.424850	-21.805500	0.791824	-0.000000	-0.000000	0.000000	0.000000	-0.000000	0.000061	0.000000	0.000000	0.000000	10.715700	-1.059270	22.772301	-12.124200	2.860310	5.552230	0.000000	-0.000000	-0.000000	0.000000	0.000000	0.000000	-13.732800	-61.067299	75.589996	-100.253998	-7.845270	-156.311996	0.000000	0.000000	-0.000000	0.625241	-1.318690	0.014389	-0.000000	-0.000000	-0.000000
-0.093486	0.752204	-2.143331	-0.024484	8.256650	0.003520	-0.998372	-12.242600	-0.216873	0.000000	0.000000	-0.000000	0.027735	11.507100	-0.005528	3.455930	-21.226801	1.262440	0.000000	0.000000	0.000000	-0.000005	-0.000000	-0.000032	0.000000	0.000000	0.000000	11.363900	-2.260070	16.542200	-12.057100	0.679710	5.368170	-0.000000	-0.000000	0.000000	0.000000	0.000000	0.000000	-16.822599	-53.281601	71.013397	-126.055000	-9.384060	-171.136002	0.000000	0.000000	0.000000	3.055270	-2.379930	0.126991	-0.000000	-0.000000	0.000000
-2.475040	2.909280	0.813660	3.298680	5.015810	-0.288763	-1.842030	-11.944300	0.298907	0.000000	0.000000	-0.000000	3.692210	9.282270	-0.596392	2.130360	-21.381701	2.111330	-0.000000	0.000000	0.000000	-0.000001	-0.000039	-0.000149	0.000000	0.000000	0.000000	9.975910	-5.974300	-0.540832	-8.467200	-1.736860	5.453430	0.000000	0.000000	0.000000	0.000000	0.000000	0.000000	-23.722200	-41.558300	59.466400	-143.845001	-4.739650	-179.410995	0.000000	-0.000000	-0.000001	9.005630	-4.855950	0.768628	0.000000	0.000000	0.000000
0.825696	2.043620	-0.103088	-1.144290	5.669010	0.113052	-0.689567	-11.586700	-0.367332	-0.000000	-0.000000	-0.000000	-1.175540	10.778900	0.219882	4.026190	-22.217600	1.086520	-0.000000	0.000000	-0.000000	-0.000000	-0.000000	0.000008	0.000000	0.000000	0.000000	7.833610	-5.081860	4.851100	-9.760890	-1.365470	5.349250	0.000000	0.000000	0.000000	0.000000	0.000000	0.000000	-22.088800	-39.616299	60.696701	-142.376999	-8.460770	-176.802994	0.000000	0.000001	-0.000001	3.797380	-2.441940	0.162030	-0.000000	0.000000	-0.000000
1.478630	2.457590	-1.414530	-2.898290	4.350320	0.219951	0.349347	-10.180900	-0.449357	0.000000	-0.000000	0.000000	-2.848920	9.391760	0.465191	4.829540	-21.504299	0.740298	-0.000000	0.000000	-0.000000	0.000001	-0.000039	-0.000122	0.000000	0.000000	0.000000	8.237650	-5.146240	4.455820	-10.925800	-1.686810	5.331930	0.000000	0.000000	0.000000	0.000000	0.000000	0.000000	-21.447701	-47.358002	64.291199	-126.301003	-8.885390	-172.309006	0.000000	0.000000	-0.000001	1.873290	-1.117560	0.036549	0.000000	0.000000	0.000000
1.266180	1.286540	-3.043450	-2.628280	6.158680	0.282167	0.507487	-10.922600	-0.399154	0.000000	-0.000000	0.000000	-2.460970	10.563500	0.451430	4.567170	-21.665300	0.793289	-0.000000	0.000000	-0.000000	-0.000000	-0.000000	-0.000034	0.000000	0.000000	0.000000	9.142230	-4.062610	10.344000	-11.375500	-0.586176	5.386300	0.000000	0.000000	0.000000	0.000000	0.000000	0.000000	-19.464701	-55.044399	68.508102	-101.195000	-8.964790	-155.190002	0.000000	0.000000	-0.000001	1.343710	-1.046650	0.024549	0.000000	0.000000	0.000000
1.155270	0.905462	-4.146801	-2.186220	7.202710	0.274285	0.461605	-11.870700	-0.351312	-0.000000	-0.000000	-0.000000	-2.034670	11.034300	0.389631	4.635060	-21.837999	0.981893	-0.000000	-0.000000	0.000000	-0.000003	0.000039	-0.000037	0.000000	0.000000	0.000000	10.016200	-3.666430	11.726200	-11.964800	-0.818687	5.319230	-0.000000	0.000000	-0.000000	0.000000	0.000000	0.000000	-17.219801	-58.597099	71.653198	-73.221802	-6.226110	-21.352800	-0.000002	-0.000000	-0.000000	0.916534	-0.751134	0.012016	0.000000	0.000000	-0.000000
1.026510	0.588809	-3.495680	-1.641850	7.752620	0.221541	-0.045972	-11.730100	-0.340182	0.000000	-0.000000	0.000000	-1.603160	11.304600	0.314342	4.403820	-21.229000	1.026090	-0.000000	-0.000000	0.000000	-0.000000	-0.000000	-0.000048	0.000000	0.000000	0.000000	10.717700	-3.570670	11.430000	-13.474200	-1.910580	5.045230	-0.000000	-0.000000	0.000001	0.000000	0.000000	0.000000	-19.706100	-57.521900	68.748001	-45.504299	-3.957070	-2.452170	-0.000000	0.000000	0.000000	0.456871	-0.906290	0.007226	-0.000000	0.000000	-0.000000
0.791695	0.492168	-2.559030	-1.483430	7.649710	0.197516	0.238160	-11.418000	-0.243947	-0.000000	0.000000	0.000000	-1.196070	11.396100	0.236371	4.312310	-21.089600	1.130770	-0.000000	-0.000000	-0.000000	-0.000000	0.000000	-0.000047	0.000000	0.000000	0.000000	11.519000	-4.093730	8.274290	-14.345200	-2.393320	4.991340	0.000000	0.000000	0.000000	0.000000	0.000000	0.000000	-17.664200	-49.094200	69.251999	-35.319000	-3.136330	-0.557864	0.000000	-0.000000	0.000000	0.018380	-1.156070	0.000370	0.000000	0.000000	0.000000
0.778236	0.282887	-1.532560	-0.914100	7.858530	0.124997	-0.532378	-11.382700	-0.283847	0.000000	-0.000000	-0.000000	-0.694977	11.883900	0.143129	3.675020	-21.155001	1.081700	0.000000	0.000000	0.000000	0.000000	0.000000	0.000037	0.000000	0.000000	0.000000	10.187600	-4.891700	4.944040	-12.213500	-2.269080	5.134220	0.000000	0.000000	0.000000	0.000000	0.000000	0.000000	-14.999000	-43.547600	70.936798	-21.781099	0.178343	1.716780	-0.000000	-0.000001	-0.000000	-0.046948	-1.178750	-0.000966	-0.000000	0.000000	0.000000
0.731046	-0.589541	-1.563750	-1.377390	9.421990	0.225533	0.541103	-12.861100	-0.182029	-0.000000	0.000000	-0.000000	-0.656881	13.240900	0.150469	3.453860	-21.565001	1.035180	0.000000	0.000001	0.000000	0.000000	-0.000000	-0.000014	0.000000	0.000000	0.000000	9.878800	-3.935560	9.969310	-12.263700	-1.007050	5.230060	0.000000	0.000000	-0.000000	0.000000	0.000000	0.000000	-11.570800	-38.783901	74.107597	-13.012900	2.812510	2.223010	0.000002	0.000001	0.000000	0.044839	-1.306400	0.001022	0.000000	0.000000	0.000000
0.923719	-0.411201	-2.044570	-1.527070	9.820350	0.260520	0.025859	-13.138800	-0.336231	-0.000000	0.000000	0.000000	-1.282890	12.657200	0.281153	4.060540	-20.178400	0.969568	-0.000000	0.000000	0.000000	0.000000	0.000000	0.000016	0.000000	0.000000	0.000000	10.157800	-3.285590	13.067600	-12.722400	0.185222	5.404270	0.000000	0.000000	0.000000	0.000000	0.000000	0.000000	-9.167200	-36.219200	76.870003	-11.680600	4.582480	2.471910	0.000001	-0.000001	0.000001	0.085068	-1.070020	0.001588	-0.000000	-0.000000	-0.000000
0.557838	-0.523224	-2.299780	-0.657569	9.692230	0.110715	-0.692574	-12.256700	-0.284688	-0.000000	-0.000000	-0.000000	-0.633371	13.392500	0.146715	3.751420	-21.509001	1.150520	-0.000000	0.000001	0.000000	-0.000000	-0.000000	-0.000016	0.000000	0.000000	0.000000	9.763160	-2.566040	17.181299	-9.583400	1.572470	5.400770	-0.000000	0.000000	0.000000	0.000000	0.000000	0.000000	-8.086480	-35.938499	78.411003	-14.073100	5.003510	2.732690	-0.000002	-0.000000	0.000000	0.014795	-0.759904	0.000196	-0.000000	0.000000	0.000000
0.659294	0.170559	-2.273370	-1.087570	9.102940	0.172086	0.281969	-12.865700	-0.176345	0.000000	-0.000000	0.000000	-0.602283	12.297700	0.128290	3.638850	-20.643700	1.076320	0.000000	-0.000000	-0.000000	0.000000	-0.000000	-0.000011	0.000000	0.000000	0.000000	9.032010	-2.262710	19.993700	-7.770000	0.775225	5.083150	0.000000	0.000000	0.000000	0.000000	0.000000	0.000000	-10.392200	-35.537800	74.972801	-24.603300	-0.003110	1.568970	-0.000000	-0.000000	-0.000000	0.268662	-0.497165	0.002331	0.000000	-0.000000	-0.000000
0.645507	-0.372986	-2.820150	-0.875384	9.442890	0.143634	-0.089869	-12.218600	-0.201800	-0.000000	0.000000	0.000000	-0.649580	13.590500	0.152650	3.782090	-22.539400	1.208750	-0.000000	0.000000	0.000000	-0.000000	0.000000	0.000037	0.000000	0.000000	0.000000	8.859360	-1.255620	25.493099	-6.854070	0.965547	4.803360	-0.000000	0.000000	-0.000000	0.000000	0.000000	0.000000	-12.345400	-37.546799	72.902199	-35.981201	-4.690520	-1.811120	0.000000	0.000000	-0.000000	0.390235	-0.674009	0.004590	0.000000	0.000000	0.000000
0.610354	-0.515805	-3.500950	-0.379493	10.235800	0.067441	-1.372850	-12.896700	-0.389884	0.000000	-0.000000	-0.000000	-0.346378	13.632500	0.081646	3.273360	-22.033701	1.102550	0.000000	-0.000000	0.000000	0.000000	0.000000	0.000039	0.000000	0.000000	0.000000	8.446390	-0.723969	29.262800	-6.694990	0.196444	4.516340	0.000000	-0.000000	-0.000001	0.000000	0.000000	0.000000	-15.152600	-46.726398	71.781799	-42.568699	-9.372350	-7.570100	0.000000	-0.000000	0.000000	0.603494	-0.943662	0.009939	-0.000000	0.000000	0.000000
0.668009	-0.095402	-4.252290	-0.725011	9.484210	0.119474	-1.346240	-11.638500	-0.416022	0.000000	0.000000	-0.000000	-1.092300	13.242700	0.250253	4.476110	-21.874701	1.272850	-0.000000	-0.000000	-0.000000	-0.000000	0.000000	0.000047	0.000000	0.000000	0.000000	9.684960	-0.806642	26.091900	-9.461800	-0.004318	4.752590	-0.000000	-0.000000	-0.000000	0.000000	0.000000	0.000000	-13.129400	-50.998699	75.074501	-67.441498	-7.891880	-18.779600	-0.000000	-0.000000	0.000000	0.631284	-0.591417	0.006515	0.000000	-0.000000	0.000000
0.583996	-0.195306	-4.007301	-0.664599	9.739470	0.112438	-1.184350	-11.611500	-0.370345	-0.000000	-0.000000	-0.000000	-0.544581	13.587300	0.127946	3.673670	-22.409300	1.199700	-0.000000	0.000000	0.000000	-0.000000	-0.000000	0.000036	0.000000	0.000000	0.000000	9.947700	-1.059310	24.310900	-10.240900	-0.375353	4.775670	0.000000	0.000000	-0.000000	0.000000	0.000000	0.000000	-14.515900	-52.946701	73.772903	-91.060501	-8.713480	-126.584000	0.000001	0.000001	-0.000000	0.522290	-0.579792	0.005285	-0.000000	-0.000000	-0.000000
0.367685	0.174471	-3.398760	0.098121	9.171660	-0.015635	-1.584230	-11.570800	-0.298403	-0.000000	-0.000000	0.000000	0.112829	13.243600	-0.025842	3.060770	-22.305599	1.204430	0.000000	-0.000000	-0.000000	-0.000000	-0.000000	0.000031	0.000000	0.000000	0.000000	9.570060	-1.615810	22.368200	-10.584200	-2.516840	4.445930	0.000000	0.000000	-0.000001	0.000000	0.000000	0.000000	-15.707400	-52.644600	72.310097	-115.598999	-9.430030	-166.722000	-0.000000	0.000000	-0.000000	0.744112	-0.886790	0.011517	-0.000000	-0.000000	-0.000000
0.465807	0.209471	-1.715120	0.524957	8.821360	-0.080504	-2.021100	-10.902600	-0.284221	0.000000	0.000000	-0.000000	0.566249	12.811800	-0.125566	2.222850	-21.391500	1.012830	0.000000	-0.000000	0.000000	-0.000000	-0.000000	0.000054	0.000000	0.000000	0.000000	8.191280	-2.822760	18.284100	-8.927520	-3.403190	4.473030	-0.000000	0.000000	0.000000	0.000000	0.000000	0.000000	-16.472500	-44.844398	69.507500	-136.259003	-8.063050	-175.341995	-0.000000	-0.000000	-0.000000	0.510727	-0.986256	0.008790	0.000000	0.000000	-0.000000
0.701204	0.362753	1.057950	-0.111627	8.253900	0.016029	-1.234340	-10.935600	-0.255168	-0.000000	0.000000	-0.000000	0.558451	13.211100	-0.127627	1.542760	-21.755199	0.773605	0.000000	0.000000	0.000000	0.000000	0.000000	0.000044	0.000000	0.000000	0.000000	8.812780	-5.632810	0.827448	-10.622700	-2.381790	5.178810	-0.000000	-0.000000	-0.000000	0.000000	0.000000	0.000000	-19.199800	-37.784000	63.379501	-146.945999	-8.050200	-177.593994	0.000000	0.000000	0.000001	0.639201	-1.432070	0.015975	-0.000000	0.000000	-0.000000
0.982005	0.518572	0.068843	-1.357430	7.795560	0.184158	-0.497233	-10.558400	-0.337662	0.000000	-0.000000	0.000000	-0.780189	13.142200	0.177407	2.641660	-21.780899	0.698504	-0.000000	-0.000000	0.000000	0.000000	-0.000000	0.000016	0.000000	0.000000	0.000000	8.051020	-5.541100	1.493930	-11.078600	-1.887060	5.275890	0.000000	-0.000000	-0.000000	0.000000	0.000000	0.000000	-20.384899	-37.590801	61.914501	-143.076004	-7.661700	-177.403000	0.000000	0.000000	-0.000001	0.623676	-1.187360	0.012924	-0.000000	0.000000	-0.000000
1.624100	0.560841	-0.696502	-3.393350	7.292890	0.431256	1.244480	-9.381110	-0.345945	-0.000000	-0.000000	0.000000	-3.015970	12.979100	0.677974	4.981000	-21.868601	0.760930	-0.000000	0.000000	0.000000	-0.000000	0.000000	0.000010	0.000000	0.000000	0.000000	7.332070	-5.502570	1.888460	-10.681300	-0.495865	5.565250	0.000000	-0.000000	-0.000000	0.000000	0.000000	0.000000	-23.851000	-42.300098	59.747299	-129.029999	-9.975220	-172.419998	0.000000	-0.000000	-0.000001	0.712332	-1.188210	0.014772	-0.000000	-0.000000	-0.000000
1.328830	-0.542880	-2.353210	-3.538890	9.486600	0.583996	1.682750	-11.050200	-0.346592	0.000000	0.000000	0.000000	-2.966990	14.657800	0.751418	4.932190	-22.821899	0.800005	-0.000000	-0.000000	-0.000000	-0.000000	0.000000	-0.000007	0.000000	0.000000	0.000000	8.093830	-4.150010	10.425900	-10.217900	1.163960	5.622980	0.000000	0.000000	-0.000000	0.000000	0.000000	0.000000	-23.024799	-49.261002	63.162701	-106.148003	-9.913810	-159.626007	-0.000000	0.000000	-0.000002	0.691145	-1.042960	0.012581	0.000000	0.000000	0.000000
1.300190	-0.062528	-2.872380	-2.801250	8.877740	0.432648	0.524259	-10.634700	-0.414223	0.000000	-0.000000	-0.000000	-2.596140	13.269700	0.596295	4.770620	-22.017599	0.841559	0.000000	-0.000001	-0.000000	-0.000000	-0.000000	0.000014	0.000000	0.000000	0.000000	8.244510	-4.577510	7.757330	-9.522620	1.322450	5.746610	-0.000000	-0.000000	-0.000001	0.000000	0.000000	0.000000	-20.933399	-53.807598	66.631302	-82.280998	-5.905500	-52.239601	-0.000001	-0.000000	-0.000000	0.518645	-0.892787	0.008081	0.000000	-0.000000	-0.000000
1.421300	-0.223215	-2.572080	-2.667740	8.116840	0.376934	-0.080892	-8.958800	-0.424178	-0.000000	-0.000000	-0.000000	-2.566480	12.365100	0.549945	4.392120	-20.173401	0.650336	-0.000000	-0.000001	0.000000	-0.000000	0.000000	0.000031	0.000000	0.000000	0.000000	9.368990	-4.571600	6.994830	-11.126300	0.811974	5.727970	-0.000000	0.000000	0.000000	0.000000	0.000000	0.000000	-24.023199	-55.738300	63.676300	-52.889198	-5.524640	-5.523830	-0.000001	-0.000000	-0.000000	0.528190	-0.830662	0.007657	-0.000000	0.000000	0.000000
1.235810	-0.470187	-1.807250	-2.645920	8.617480	0.396737	0.826070	-9.889340	-0.307520	-0.000000	-0.000000	0.000000	-1.920270	12.706000	0.422518	3.765340	-19.950800	0.645810	0.000000	0.000000	0.000000	0.000000	0.000000	0.000027	0.000000	0.000000	0.000000	9.320500	-4.920480	4.971770	-10.561300	1.000100	5.785340	0.000000	0.000000	-0.000000	0.000000	0.000000	0.000000	-22.783600	-51.044701	63.849800	-39.093601	-5.404000	-2.710060	-0.000000	0.000000	0.000000	0.295745	-1.081100	0.005580	-0.000000	-0.000000	-0.000000
0.616927	-0.673548	-1.725300	-1.669640	9.546060	0.276976	0.657155	-11.070600	-0.190001	-0.000000	-0.000000	-0.000000	-1.136300	13.980000	0.274553	3.783850	-21.598900	0.987582	0.000000	0.000000	0.000000	-0.000000	0.000000	-0.000039	0.000000	0.000000	0.000000	10.140500	-3.820820	10.283600	-11.938100	-0.354462	5.353040	0.000000	-0.000000	0.000000	0.000000	0.000000	0.000000	-18.257099	-44.944199	67.377701	-36.135502	-5.203730	-2.159750	-0.000000	-0.000000	0.000000	0.026975	-1.171360	0.000551	-0.000000	0.000000	0.000000
0.579081	-0.675399	-1.690470	-1.065420	9.481850	0.175535	-0.337591	-11.154400	-0.268655	-0.000000	0.000000	0.000000	-1.206850	13.012900	0.271789	4.092030	-20.116501	1.003720	0.000000	-0.000000	0.000000	0.000000	-0.000000	0.000014	0.000000	0.000000	0.000000	9.384700	-3.781580	11.188600	-11.316100	-0.916744	5.190950	-0.000000	0.000000	0.000000	0.000000	0.000000	0.000000	-16.097000	-40.986099	68.835602	-36.538101	-6.533270	-3.315150	0.000000	0.000001	0.000000	-0.154907	-1.158400	-0.003132	-0.000000	0.000000	-0.000000
0.904881	-0.693772	-1.475940	-1.677650	9.234790	0.269308	0.202404	-10.571000	-0.266708	0.000000	0.000000	0.000000	-1.637020	13.123700	0.371793	4.188060	-20.174700	0.895091	-0.000000	-0.000000	-0.000000	-0.000005	-0.000000	-0.000006	0.000000	0.000000	0.000000	9.083150	-3.801330	11.353000	-11.403100	-0.623888	5.238230	0.000000	0.000000	0.000000	0.000000	0.000000	0.000000	-17.622801	-41.320900	66.996002	-37.831299	-8.264270	-4.925600	0.000000	0.000000	0.000000	-0.204815	-1.173510	-0.004195	0.000000	-0.000000	-0.000000
0.935394	-0.683068	-1.540740	-1.773990	10.075900	0.310465	0.296652	-12.282600	-0.308524	-0.000000	-0.000000	-0.000000	-1.744710	13.253100	0.400102	4.466320	-20.659901	0.977297	0.000000	-0.000001	0.000000	-0.000000	-0.000000	0.000025	0.000000	0.000000	0.000000	9.333390	-3.612070	12.132400	-10.845500	0.612153	5.452250	0.000000	-0.000000	-0.000001	0.000000	0.000000	0.000000	-20.367901	-45.530300	65.033096	-38.866100	-10.989300	-7.646930	0.000000	0.000000	-0.000000	-0.052369	-0.937337	-0.000857	-0.000000	-0.000000	-0.000000
1.107870	-0.542923	-2.108120	-2.414530	9.363980	0.393089	0.843835	-11.337000	-0.302513	0.000000	0.000000	0.000000	-2.067990	13.910900	0.497382	4.416040	-22.322599	0.915336	0.000000	-0.000000	0.000000	0.000000	-0.000000	0.000002	0.000000	0.000000	0.000000	8.805240	-3.270170	14.760900	-10.057900	1.431910	5.486480	0.000000	0.000000	-0.000001	0.000000	0.000000	0.000000	-19.673500	-50.695702	67.253601	-51.375599	-9.392660	-10.767700	-0.000000	0.000000	-0.000000	0.347935	-1.176800	0.007145	0.000000	-0.000000	-0.000000
1.135850	-1.103510	-2.243260	-2.582350	9.690660	0.434973	0.484178	-10.586700	-0.378871	0.000000	-0.000000	0.000000	-2.648600	14.646500	0.670165	4.995450	-22.633301	0.936758	-0.000000	0.000001	0.000000	-0.000005	-0.000000	0.000057	0.000000	0.000000	0.000000	9.084220	-2.314920	19.394800	-11.001200	1.548960	5.320300	-0.000000	0.000000	-0.000000	0.000000	0.000000	0.000000	-18.665400	-52.644402	68.817802	-70.782303	-7.967760	-23.041100	0.000000	0.000000	-0.000000	0.403483	-1.150800	0.008103	0.000000	0.000000	0.000000
0.625950	-0.449436	-3.393340	-0.866715	9.442040	0.142199	-2.052970	-10.331900	-0.521975	-0.000000	-0.000000	-0.000000	-1.832330	13.284000	0.421170	4.947880	-20.706699	1.119940	-0.000000	0.000001	0.000000	-0.000000	-0.000000	-0.000013	0.000000	0.000000	0.000000	10.276200	-1.644710	20.869400	-11.875600	0.595385	5.143760	0.000000	0.000000	-0.000000	0.000000	0.000000	0.000000	-17.625601	-57.200600	70.922699	-87.397797	-7.189570	-108.848000	-0.000000	0.000001	-0.000000	0.428385	-0.935279	0.006993	-0.000000	-0.000000	-0.000000
0.633994	-0.257842	-3.339100	-0.978317	10.065200	0.170999	-1.012690	-11.953500	-0.409416	-0.000000	-0.000000	0.000000	-1.247010	13.686900	0.295112	4.277890	-22.126200	1.155850	-0.000000	-0.000001	0.000000	0.000000	-0.000000	-0.000006	0.000000	0.000000	0.000000	10.735100	-1.542340	20.565300	-12.641200	0.553097	5.172210	-0.000000	0.000000	-0.000000	0.000000	0.000000	0.000000	-18.136101	-58.105701	70.508202	-106.643997	-8.615600	-162.238998	0.000001	-0.000000	-0.000002	0.451473	-0.786141	0.006194	-0.000000	0.000000	0.000000
0.786423	-0.262552	-2.675251	-0.795362	9.968420	0.137695	-1.153850	-11.797200	-0.396207	0.000000	0.000000	0.000000	-0.824796	14.154400	0.201712	3.458290	-22.672701	1.025390	0.000000	-0.000000	-0.000000	-0.000000	0.000000	0.000042	0.000000	0.000000	0.000000	10.203000	-1.681520	20.691799	-11.382600	0.123797	5.010380	0.000000	0.000000	-0.000000	0.000000	0.000000	0.000000	-16.552799	-50.477299	70.837196	-129.778000	-8.300250	-173.546005	-0.000000	-0.000000	0.000001	0.465751	-0.896044	0.007284	-0.000000	0.000000	-0.000000
1.313310	0.610257	-0.235749	-1.797620	8.250450	0.258044	-0.317698	-10.922600	-0.397465	-0.000000	0.000000	-0.000000	-1.378660	11.989400	0.286448	3.147010	-20.356100	0.625763	-0.000000	0.000000	-0.000000	0.000000	0.000000	-0.000010	0.000000	0.000000	0.000000	8.752260	-3.811410	11.522000	-11.015700	-1.157240	5.088370	0.000000	-0.000000	0.000000	0.000000	0.000000	0.000000	-20.311300	-41.723999	63.672501	-144.552994	-6.602170	-178.106995	-0.000000	-0.000000	-0.000000	0.649440	-1.108950	0.012569	0.000000	-0.000000	-0.000000
