2.260890	0.907533	-1.705450	-4.468850	7.620280	0.593791	-1.153340	-10.784000	-1.047760	-0.000000	-0.000000	-0.000000	-4.828140	12.082400	1.012920	6.379940	-22.274300	0.628966	-0.000000	0.000001	0.000000	0.000000	0.000000	0.000015	0.000000	0.000000	0.000000	9.196480	-3.589730	12.917200	-13.997400	-1.054910	5.178790	0.000000	0.000000	0.000000	0.000000	0.000000	0.000000	-18.859400	-61.471199	69.986504	-47.486198	-7.412770	-7.757480	-0.000000	-0.000000	-0.000000	0.162044	-0.506962	0.001434	-0.000000	0.000000	-0.000000
2.234410	0.635382	-1.333410	-4.579690	7.925990	0.632840	-1.054080	-10.267400	-0.999441	0.000000	0.000000	0.000000	-5.156850	12.948100	1.158470	6.846380	-22.042601	0.683595	-0.000000	0.000000	-0.000000	0.000005	0.000000	-0.000008	0.000000	0.000000	0.000000	9.809690	-2.566280	17.259800	-14.323700	0.192869	5.277290	0.000000	-0.000000	-0.000000	0.000000	0.000000	0.000000	-17.756701	-60.703300	71.008499	-53.643299	-6.135340	-7.979340	-0.000000	0.000000	0.000000	0.250765	-0.812146	0.003554	-0.000000	0.000000	-0.000000
2.129951	0.473688	-1.180710	-4.143660	8.463780	0.610930	-1.466660	-10.971300	-1.062370	0.000000	0.000000	-0.000000	-5.034080	13.184000	1.150980	7.047670	-22.526100	0.822691	0.000000	-0.000001	-0.000000	-0.000000	-0.000000	0.000015	0.000000	0.000000	0.000000	8.960380	-2.220990	20.308599	-13.371800	1.026530	5.274460	-0.000000	-0.000000	-0.000001	0.000000	0.000000	0.000000	-16.937300	-60.336498	71.811798	-64.607399	-6.310150	-13.712400	0.000003	-0.000000	0.000001	0.193930	-0.753249	0.002549	0.000000	-0.000000	-0.000000
1.596580	0.052906	-0.756744	-3.928730	9.793450	0.669291	-0.706726	-12.258600	-0.974039	-0.000000	0.000000	0.000000	-4.378130	14.427400	1.092830	6.801980	-23.323000	1.014960	0.000000	-0.000000	0.000000	0.000005	0.000000	0.000044	0.000000	0.000000	0.000000	10.160500	-0.832722	24.347300	-12.920000	1.860510	5.178180	-0.000000	-0.000000	0.000001	0.000000	0.000000	0.000000	-16.388399	-60.430698	72.366600	-77.335999	-6.296750	-34.163700	-0.000000	0.000000	-0.000001	0.119360	-0.806912	0.001680	-0.000000	-0.000000	-0.000000
0.976301	-0.215820	-0.899549	-2.387050	10.248600	0.424948	-1.400600	-11.977700	-0.779219	0.000000	-0.000000	0.000000	-2.549790	14.891900	0.655700	5.538010	-22.895800	1.196890	0.000000	-0.000000	-0.000000	-0.000000	0.000000	-0.000005	0.000000	0.000000	0.000000	11.557400	-0.546099	23.069599	-12.626600	2.004280	5.277020	-0.000000	0.000000	0.000001	0.000000	0.000000	0.000000	-13.317400	-60.729000	75.708900	-94.360802	-6.439790	-148.636002	-0.000000	0.000000	0.000001	0.252426	-0.879632	0.003875	-0.000000	-0.000000	-0.000000
0.866141	0.624406	-1.426870	-1.934880	9.351230	0.314599	-1.993870	-11.864400	-0.803645	0.000000	-0.000000	0.000000	-2.376600	13.980800	0.574583	5.784060	-22.557301	1.335540	-0.000000	0.000001	0.000000	-0.000000	-0.000000	0.000053	0.000000	0.000000	0.000000	11.969400	-0.524302	22.649500	-14.099200	1.391930	5.269600	0.000000	0.000000	-0.000001	0.000000	0.000000	0.000000	-12.850400	-57.356998	75.904099	-112.102997	-9.687880	-163.302994	-0.000000	0.000000	0.000000	0.600278	-1.057870	0.011082	0.000000	0.000000	-0.000000
0.556894	1.596130	-0.730619	-0.894428	8.302620	0.129173	-3.153610	-12.313500	-0.862657	-0.000000	-0.000000	0.000000	-1.374380	12.517000	0.297930	4.714100	-22.740101	1.304870	-0.000000	0.000001	0.000000	0.000000	-0.000040	0.000043	0.000000	0.000000	0.000000	11.754400	-1.701650	18.299999	-14.693600	0.699110	5.340010	0.000000	-0.000000	0.000001	0.000000	0.000000	0.000000	-14.366200	-49.119598	72.836403	-132.000000	-10.155900	-171.925003	-0.000000	-0.000000	0.000000	0.663990	-2.080740	0.024108	0.000000	-0.000000	0.000000
-0.968800	2.797569	2.332550	0.566049	6.553380	-0.064514	-3.062150	-11.385600	-0.493797	-0.000000	-0.000000	0.000000	0.583418	12.467300	-0.125861	3.796580	-24.504900	1.813880	0.000000	0.000000	-0.000000	0.000002	0.000040	0.000035	0.000000	0.000000	0.000000	12.169600	-5.447080	2.035520	-14.078200	-1.079370	5.481640	0.000000	-0.000000	0.000000	0.000000	0.000000	0.000000	-18.949600	-39.800701	64.305496	-143.207993	-8.860280	-176.145004	-0.000000	0.000000	0.000001	3.479780	-4.315150	0.262144	0.000000	0.000000	-0.000000
-0.487722	3.201150	1.855420	0.435541	5.339910	-0.040530	-4.414540	-10.454700	-0.723499	0.000000	0.000000	0.000000	0.016897	12.348500	-0.003605	3.940350	-24.864799	1.665940	0.000000	0.000000	-0.000000	-0.000000	0.000000	-0.000071	0.000000	0.000000	0.000000	10.916900	-6.150950	-1.126150	-13.473700	-1.357420	5.518300	-0.000000	-0.000000	0.000000	0.000000	0.000000	0.000000	-19.633699	-40.380901	63.727402	-140.315994	-9.312350	-175.302994	-0.000000	-0.000000	-0.000000	3.936020	-4.258620	0.292739	0.000000	-0.000000	0.000000
0.494163	1.553340	-1.204090	-0.983384	7.359900	0.125990	-3.083160	-11.277800	-0.794983	0.000000	-0.000000	-0.000000	-0.704105	13.471700	0.164049	3.447700	-24.439301	1.143840	0.000000	-0.000001	-0.000000	0.000000	0.000000	-0.000055	0.000000	0.000000	0.000000	10.909100	-4.017690	9.098320	-14.328600	-0.309457	5.512850	-0.000000	-0.000000	0.000000	0.000000	0.000000	0.000000	-15.077800	-47.466400	71.712502	-124.627998	-11.218900	-168.283997	-0.000000	-0.000000	-0.000000	1.705910	-2.233860	0.066511	-0.000000	0.000000	0.000000
0.666110	0.907039	-2.633140	-1.332640	9.126770	0.211426	-2.634670	-12.541900	-0.859156	0.000000	0.000000	0.000000	-1.498910	13.603500	0.352632	4.424170	-23.454500	1.181930	-0.000000	-0.000000	-0.000000	0.000000	0.000000	-0.000078	0.000000	0.000000	0.000000	11.309600	-3.467870	11.456000	-14.414500	-0.473321	5.418520	-0.000000	-0.000000	-0.000000	0.000000	0.000000	0.000000	-13.270100	-56.873699	75.526604	-100.250000	-8.539400	-153.822998	0.000000	-0.000001	0.000001	0.876562	-1.489790	0.022791	0.000000	-0.000000	-0.000000
0.950611	0.435019	-2.827670	-2.059880	9.073950	0.325005	-1.824450	-11.740900	-0.786309	-0.000000	0.000000	-0.000000	-2.410760	14.142000	0.589348	5.537210	-24.243401	1.314910	0.000000	-0.000000	-0.000000	-0.000000	-0.000000	-0.000052	0.000000	0.000000	0.000000	10.815900	-3.858820	10.038900	-14.089200	-0.514578	5.458840	-0.000000	-0.000000	0.000000	0.000000	0.000000	0.000000	-15.186900	-61.419399	74.005997	-70.973999	-5.395880	-16.631500	0.000000	-0.000000	-0.000000	0.743112	-1.398190	0.018132	-0.000000	0.000000	0.000000
1.476830	0.182581	-1.690880	-2.533870	9.878490	0.434991	-2.382950	-13.359000	-1.129950	0.000000	-0.000000	-0.000000	-3.096430	12.836200	0.688566	5.529570	-21.087700	0.903792	0.000000	-0.000000	-0.000000	-0.000000	-0.000000	0.000004	0.000000	0.000000	0.000000	10.054900	-4.929820	5.014220	-14.054400	-1.026960	5.463090	0.000000	0.000000	-0.000000	0.000000	0.000000	0.000000	-21.350700	-62.733200	67.564400	-42.366798	-3.681460	-2.290670	0.000000	0.000000	0.000000	0.455569	-1.329690	0.010571	-0.000000	0.000000	0.000000
1.198210	-0.011880	-0.145545	-2.375250	10.195300	0.420672	-2.225720	-12.873200	-1.018770	-0.000000	-0.000000	-0.000000	-2.624720	14.638400	0.663762	5.120670	-23.567301	1.032600	0.000000	0.000000	0.000000	0.000005	0.000000	-0.000007	0.000000	0.000000	0.000000	10.454700	-5.644430	1.177670	-14.450200	-1.530010	5.403680	0.000000	0.000000	-0.000000	0.000000	0.000000	0.000000	-19.387199	-54.707901	68.182404	-33.475300	-2.179960	-0.166362	-0.000000	0.000000	-0.000000	0.057582	-1.425130	0.001431	0.000000	-0.000000	-0.000000
0.930668	-0.826591	0.332819	-1.721520	11.312400	0.337794	-2.475600	-12.879900	-0.929679	-0.000000	-0.000000	0.000000	-2.324350	15.667200	0.628018	5.469660	-22.490101	1.237320	0.000000	-0.000000	-0.000000	-0.000000	0.000000	-0.000015	0.000000	0.000000	0.000000	10.900600	-4.847030	4.874960	-14.804300	-1.107100	5.380610	-0.000000	-0.000000	0.000000	0.000000	0.000000	0.000000	-17.514400	-48.184799	68.829803	-27.564501	-4.120720	-1.012850	0.000000	0.000000	-0.000000	-0.228644	-1.774640	-0.007082	0.000000	-0.000000	0.000000
0.798192	-0.539283	0.449283	-1.438140	10.514300	0.262494	-2.723010	-12.425300	-0.891628	-0.000000	-0.000000	-0.000000	-2.018700	16.664600	0.579133	5.291980	-25.370701	1.440180	0.000000	-0.000001	0.000000	-0.000000	0.000000	0.000062	0.000000	0.000000	0.000000	10.665900	-4.631830	6.032540	-14.592100	-1.093380	5.349720	0.000000	0.000000	0.000000	0.000000	0.000000	0.000000	-15.710100	-42.776299	69.556198	-29.544500	-5.087490	-1.708830	0.000000	0.000001	-0.000000	-0.202195	-1.309200	-0.004621	-0.000000	0.000000	0.000000
0.909129	-0.636039	-0.214164	-1.926290	10.119700	0.338588	-1.886680	-11.748800	-0.771381	0.000000	0.000000	-0.000000	-2.407350	15.528300	0.644845	5.692680	-23.385799	1.340200	0.000000	-0.000001	0.000000	-0.000000	-0.000000	-0.000021	0.000000	0.000000	0.000000	11.117800	-3.485020	11.174000	-14.648900	0.899079	5.700730	0.000000	0.000000	-0.000000	0.000000	0.000000	0.000000	-14.767200	-41.980701	70.601700	-31.975599	-6.186030	-2.744450	-0.000000	-0.000000	-0.000000	-0.271453	-1.477990	-0.007003	0.000000	-0.000000	-0.000000
0.692740	-0.967905	-0.458227	-1.478600	11.531700	0.295659	-2.445260	-13.320800	-0.898507	-0.000000	-0.000000	0.000000	-1.585580	16.891800	0.460833	4.505800	-24.763201	1.252770	0.000000	0.000001	-0.000000	-0.000000	0.000000	0.000033	0.000000	0.000000	0.000000	11.413300	-2.685740	14.429500	-14.320600	2.588910	5.976110	0.000000	0.000000	-0.000000	0.000000	0.000000	0.000000	-14.761800	-43.377300	71.024902	-37.224800	-6.405670	-3.780870	0.000000	0.000000	-0.000000	-0.512505	-1.434390	-0.012831	0.000000	0.000000	0.000000
1.158050	-1.156460	-1.033420	-1.665070	11.790000	0.340316	-2.953490	-13.220500	-1.050350	0.000000	0.000000	0.000000	-2.187930	16.809000	0.633002	4.914700	-24.858200	1.186350	-0.000000	-0.000000	-0.000000	0.000000	-0.000000	-0.000092	0.000000	0.000000	0.000000	11.234900	-1.754000	18.692200	-14.113900	3.218760	5.921290	-0.000000	-0.000000	-0.000000	0.000000	0.000000	0.000000	-16.050900	-51.540001	71.398201	-37.865898	-4.777930	-2.706560	0.000000	-0.000000	0.000000	0.149359	-1.312040	0.003419	0.000000	0.000000	0.000000
1.441900	-0.717880	-1.883920	-2.784730	11.140400	0.538467	-1.982600	-13.410400	-1.095830	0.000000	0.000000	-0.000000	-3.699820	14.974900	0.957271	6.429550	-22.591700	1.097750	-0.000000	0.000000	0.000000	0.000000	-0.000000	-0.000035	0.000000	0.000000	0.000000	10.611800	-1.125790	22.516800	-13.911700	3.316290	5.760870	-0.000000	-0.000000	-0.000000	0.000000	0.000000	0.000000	-14.770000	-56.752300	73.764297	-53.956699	-4.740290	-5.754230	-0.000001	0.000000	-0.000000	0.187848	-1.176010	0.003855	0.000000	-0.000000	-0.000000
1.785420	0.441021	-2.438970	-3.645080	9.498550	0.602319	-1.157920	-13.039400	-1.074720	-0.000000	0.000000	0.000000	-4.379340	13.182600	1.000590	6.871750	-22.493500	0.998350	0.000000	-0.000000	-0.000000	0.000005	0.000000	-0.000022	0.000000	0.000000	0.000000	10.429300	-1.212630	22.676100	-14.242400	2.165560	5.531660	0.000000	-0.000000	0.000001	0.000000	0.000000	0.000000	-15.539600	-61.477901	73.581497	-73.979103	-6.567790	-26.011200	-0.000000	-0.000000	-0.000000	0.282051	-0.577704	0.002844	0.000000	0.000000	-0.000000
2.036320	0.648416	-2.208950	-3.790310	8.642850	0.570406	-1.744920	-11.897500	-1.135610	-0.000000	-0.000000	-0.000000	-4.568170	12.883200	1.020600	6.560490	-22.684401	0.813086	0.000000	-0.000000	-0.000000	0.000000	0.000000	-0.000112	0.000000	0.000000	0.000000	10.356300	-1.659430	20.801600	-14.393700	2.218260	5.650940	0.000000	0.000000	-0.000001	0.000000	0.000000	0.000000	-18.407200	-64.225700	70.853699	-95.232399	-10.121100	-138.598007	0.000000	-0.000000	-0.000001	0.304366	-0.501729	0.002665	0.000000	0.000000	0.000000
1.105200	1.147100	-1.427160	-2.203070	7.540120	0.289233	-2.074430	-10.622900	-0.786422	-0.000000	0.000000	0.000000	-2.805040	11.699000	0.569222	5.906070	-20.893299	1.127700	-0.000000	0.000000	-0.000000	-0.000000	0.000000	-0.000020	0.000000	0.000000	0.000000	11.445500	-2.120670	17.113701	-15.473000	0.101877	5.305210	0.000000	0.000000	-0.000000	0.000000	0.000000	0.000000	-18.940800	-58.914700	69.532303	-118.563004	-9.847160	-167.362000	-0.000000	-0.000000	0.000001	1.162780	-1.450790	0.029442	0.000000	-0.000000	0.000000
0.868134	1.120720	0.029181	-1.584280	8.166050	0.225097	-2.573100	-11.737600	-0.843882	0.000000	-0.000000	-0.000000	-2.006040	12.470200	0.433344	5.181580	-22.096500	1.213430	0.000000	-0.000001	0.000000	0.000000	0.000000	-0.000064	0.000000	0.000000	0.000000	11.381500	-3.547320	10.788400	-15.563500	-0.388039	5.411260	0.000000	0.000000	-0.000000	0.000000	0.000000	0.000000	-19.203400	-47.998798	66.871902	-136.682999	-9.001480	-174.582993	-0.000000	-0.000000	-0.000000	0.636528	-1.393910	0.015484	0.000000	-0.000000	0.000000
1.610690	0.672900	1.786920	-2.327410	8.094010	0.327875	-2.745700	-10.756700	-0.944879	-0.000000	0.000000	0.000000	-2.413880	13.720100	0.572850	4.072410	-23.033001	0.676040	-0.000000	-0.000001	0.000000	-0.000000	0.000000	-0.000063	0.000000	0.000000	0.000000	9.682160	-5.183990	3.568970	-14.301800	-0.291683	5.627990	0.000000	0.000000	-0.000000	0.000000	0.000000	0.000000	-19.891001	-42.644299	64.226303	-140.917007	-8.502050	-175.964005	0.000000	0.000000	-0.000001	0.504775	-1.233430	0.010865	0.000000	0.000000	-0.000000
1.660250	-0.782208	-0.169766	-3.811270	8.172570	0.542581	-0.786904	-8.172240	-0.649467	-0.000000	0.000000	-0.000000	-4.315070	15.024900	1.120620	6.727110	-22.537500	0.981690	0.000000	-0.000000	-0.000000	0.000000	-0.000000	0.000021	0.000000	0.000000	0.000000	9.717130	-3.763870	11.037000	-14.846900	1.585160	5.894220	-0.000000	-0.000000	0.000000	0.000000	0.000000	0.000000	-18.620701	-45.747799	66.946800	-130.143005	-10.059200	-171.947998	0.000000	0.000000	-0.000001	0.613257	-1.472920	0.015763	-0.000000	0.000000	-0.000000
1.659170	-0.394355	-1.486690	-3.428170	8.980660	0.535772	-1.434960	-9.923880	-0.832774	0.000000	0.000000	0.000000	-4.308290	13.956700	1.040970	6.981500	-21.616100	1.032410	-0.000000	0.000000	-0.000000	0.000000	-0.000000	-0.000015	0.000000	0.000000	0.000000	9.976610	-3.734500	11.187400	-14.439100	1.745860	5.964530	-0.000000	0.000000	0.000000	0.000000	0.000000	0.000000	-19.227200	-55.619900	68.671600	-109.375000	-8.772420	-163.945007	0.000000	-0.000000	-0.000001	0.331384	-1.150050	0.006650	0.000000	0.000000	-0.000000
1.471990	-0.533420	-2.553690	-3.347460	9.235530	0.537847	-1.467950	-10.638900	-0.882969	0.000000	-0.000000	-0.000000	-4.457460	13.623800	1.051950	7.538970	-21.408100	1.171690	0.000000	-0.000000	-0.000000	0.000000	-0.000000	0.000023	0.000000	0.000000	0.000000	10.035800	-3.635350	11.790700	-14.363700	2.340770	6.130160	-0.000000	-0.000000	0.000000	0.000000	0.000000	0.000000	-17.115101	-60.823502	71.852203	-83.883698	-4.634480	-70.064499	0.000001	-0.000000	0.000000	0.373516	-1.409920	0.009190	-0.000000	-0.000000	-0.000000
1.295470	-0.463950	-2.898129	-3.121850	9.543600	0.518100	-1.622190	-11.314200	-0.924243	-0.000000	0.000000	-0.000000	-4.142490	12.863200	0.923757	7.219220	-20.426701	1.111140	0.000000	0.000000	-0.000000	0.000000	-0.000000	-0.000017	0.000000	0.000000	0.000000	10.520700	-3.709760	11.034000	-14.802300	1.592850	6.007800	-0.000000	-0.000000	0.000000	0.000000	0.000000	0.000000	-19.772100	-63.775398	69.473701	-54.268902	-1.989870	-1.076910	0.000000	-0.000000	-0.000000	0.221494	-1.077530	0.004165	-0.000000	0.000000	0.000000
1.382360	-0.316103	-1.363280	-2.842570	8.859160	0.438130	-1.647660	-10.032600	-0.777849	0.000000	0.000000	0.000000	-3.571320	13.614900	0.841711	6.389240	-21.712700	1.080460	0.000000	0.000000	-0.000000	-0.000000	-0.000000	-0.000006	0.000000	0.000000	0.000000	10.439700	-4.769140	5.707880	-15.016200	0.961432	5.999990	-0.000000	-0.000000	0.000000	0.000000	0.000000	0.000000	-25.740900	-59.975899	62.548901	-35.073502	-3.852400	-1.343470	-0.000000	0.000000	-0.000000	-0.093476	-1.366250	-0.002230	0.000000	-0.000000	-0.000000
1.545620	-0.850869	0.391774	-3.317780	9.024630	0.520997	-1.073720	-9.831570	-0.744234	0.000000	-0.000000	-0.000000	-3.429900	15.911100	0.941344	5.673700	-25.083200	1.007450	-0.000000	0.000000	-0.000000	-0.000000	0.000000	0.000027	0.000000	0.000000	0.000000	9.908710	-5.409500	2.403170	-14.989900	0.475744	5.918340	-0.000000	-0.000000	-0.000000	0.000000	0.000000	0.000000	-22.177099	-51.931999	64.462601	-30.501301	-1.126200	0.972188	0.000000	0.000000	-0.000000	-0.098384	-1.591980	-0.002735	-0.000000	0.000000	-0.000000
1.477970	-1.396790	0.547322	-3.376130	9.830910	0.577098	-0.737288	-10.425100	-0.736545	-0.000000	0.000000	0.000000	-3.377910	15.391100	0.897493	5.669810	-22.443300	0.921731	-0.000000	0.000000	-0.000000	0.000000	-0.000000	0.000062	0.000000	0.000000	0.000000	10.369000	-4.752920	5.543800	-14.957800	1.042080	5.954290	-0.000000	-0.000000	0.000000	0.000000	0.000000	0.000000	-17.724600	-47.441200	68.368896	-26.150600	0.747341	1.971310	0.000000	-0.000000	0.000000	-0.030321	-1.689990	-0.000895	0.000000	-0.000000	0.000000
1.207420	-2.404030	0.295422	-2.802070	11.322000	0.550539	-1.030470	-10.990800	-0.721289	-0.000000	0.000000	0.000000	-3.133760	17.442200	0.940188	6.071890	-23.860201	1.247820	0.000000	-0.000001	0.000000	0.000000	-0.000000	0.000026	0.000000	0.000000	0.000000	10.603900	-3.597310	10.905800	-14.915000	2.685690	6.173020	-0.000000	-0.000000	0.000001	0.000000	0.000000	0.000000	-16.064100	-44.933102	69.730301	-21.061399	0.451752	1.677330	0.000000	0.000000	0.000000	0.044763	-1.814710	0.001416	-0.000000	0.000000	0.000000
1.057280	-2.280780	-0.138937	-2.229480	12.600100	0.486594	-2.107650	-12.902900	-0.958193	-0.000000	0.000000	0.000000	-2.800640	17.094500	0.823856	5.654650	-22.997200	1.164270	-0.000000	0.000000	-0.000000	0.000005	0.000000	-0.000125	0.000000	0.000000	0.000000	10.820200	-3.337890	12.012200	-14.595100	3.593590	6.359000	-0.000000	-0.000000	0.000001	0.000000	0.000000	0.000000	-16.005301	-45.134602	69.912697	-22.481800	-1.375950	0.827734	0.000001	-0.000001	0.000000	0.029704	-1.676220	0.000868	-0.000000	0.000000	0.000000
1.050400	-1.431760	-0.519590	-2.366620	10.559800	0.433957	-1.472630	-11.617500	-0.766151	-0.000000	0.000000	0.000000	-2.500320	15.288400	0.659677	5.179850	-22.131599	1.043510	-0.000000	-0.000000	-0.000000	0.000005	-0.000000	0.000078	0.000000	0.000000	0.000000	11.108000	-3.377830	11.734900	-15.152600	3.393870	6.399750	0.000000	0.000000	-0.000000	0.000000	0.000000	0.000000	-17.060200	-48.986698	69.652802	-26.337601	-2.987530	-0.229144	0.000000	0.000000	-0.000000	0.098647	-1.566630	0.002696	-0.000000	-0.000000	0.000000
1.143850	-1.278120	-1.294080	-2.542950	11.171700	0.493017	-1.429980	-13.677500	-0.929408	0.000000	0.000000	-0.000000	-2.629770	14.822300	0.673204	5.348380	-22.146700	1.058580	-0.000000	0.000000	0.000000	-0.000000	0.000000	0.000083	0.000000	0.000000	0.000000	11.016400	-2.776810	14.651200	-15.071100	3.401810	6.289360	0.000000	0.000000	0.000000	0.000000	0.000000	0.000000	-17.531200	-56.125500	70.596703	-33.459599	-2.709610	-0.645581	-0.000000	0.000000	0.000000	0.358702	-1.454720	0.009105	-0.000000	0.000000	0.000000
1.565740	-1.206340	-1.689320	-3.333290	10.672500	0.617991	-1.574460	-12.321700	-1.037370	0.000000	-0.000000	-0.000000	-3.411330	15.146200	0.892317	5.399160	-23.380301	0.836213	0.000000	-0.000000	-0.000000	0.000005	0.000000	-0.000028	0.000000	0.000000	0.000000	10.493100	-2.642190	15.950600	-14.134300	3.779650	6.253900	-0.000000	-0.000000	0.000001	0.000000	0.000000	0.000000	-16.152100	-59.750801	72.647003	-55.092098	-2.887760	-2.981350	0.000002	-0.000000	0.000000	0.559581	-1.584910	0.015477	0.000000	-0.000000	-0.000000
1.268010	-0.417634	-2.014870	-2.802630	10.030000	0.488500	-1.742160	-12.682700	-0.990352	0.000000	-0.000000	-0.000000	-3.276880	13.706800	0.777279	5.898670	-22.047600	1.019870	0.000000	-0.000000	-0.000000	-0.000000	-0.000000	-0.000019	0.000000	0.000000	0.000000	11.594000	-2.113170	17.008101	-15.344100	2.478650	5.979970	0.000000	-0.000000	0.000001	0.000000	0.000000	0.000000	-15.948800	-62.967899	73.284698	-80.399696	-4.823380	-39.503101	0.000000	-0.000000	-0.000001	0.764977	-1.041380	0.013903	-0.000000	0.000000	0.000000
1.157700	-0.775920	-1.779540	-1.823300	10.336500	0.327267	-2.502740	-12.524100	-0.933363	0.000000	0.000000	0.000000	-2.389560	14.194000	0.586261	5.378450	-22.218399	1.158750	-0.000000	-0.000000	0.000000	-0.000000	0.000000	-0.000015	0.000000	0.000000	0.000000	11.893400	-1.771590	17.951000	-15.696800	1.916970	5.779340	-0.000000	-0.000000	0.000000	0.000000	0.000000	0.000000	-17.257500	-62.628300	71.852303	-104.207001	-7.336370	-162.501999	-0.000000	0.000000	0.000001	0.647053	-0.945135	0.010673	0.000000	-0.000000	-0.000000
0.632201	-0.966479	-0.605304	-1.167170	10.625000	0.215239	-2.873920	-11.546800	-0.806170	0.000000	0.000000	0.000000	-1.990780	14.480800	0.498003	5.616390	-21.125000	1.331080	0.000000	-0.000000	-0.000000	-0.000000	0.000000	0.000050	0.000000	0.000000	0.000000	11.621300	-2.641220	14.446700	-15.063800	1.799480	5.827540	-0.000000	-0.000000	-0.000001	0.000000	0.000000	0.000000	-19.489100	-54.560299	68.110397	-126.371002	-7.175180	-173.731995	-0.000000	-0.000000	-0.000001	1.927790	-2.683380	0.090285	-0.000000	0.000000	0.000000
1.001340	-0.471655	1.408180	-1.821680	8.971290	0.284171	-2.383860	-9.901770	-0.720600	0.000000	0.000000	-0.000000	-1.889760	14.463100	0.472150	4.379980	-21.557400	0.937521	0.000000	0.000000	-0.000000	-0.000000	0.000000	0.000049	0.000000	0.000000	0.000000	10.206100	-4.495060	6.836290	-13.535100	1.337950	5.892330	0.000000	0.000000	0.000000	0.000000	0.000000	0.000000	-21.727900	-45.984001	63.223701	-138.466995	-5.206380	-178.048004	-0.000000	-0.000001	-0.000001	1.050830	-2.209310	0.040513	-0.000000	-0.000000	-0.000000
1.267140	-0.665275	0.537128	-2.383560	9.386430	0.388965	-2.054700	-10.667000	-0.817178	-0.000000	0.000000	0.000000	-2.970970	16.253700	0.832249	5.795030	-24.539301	1.223110	-0.000000	-0.000000	0.000000	0.000000	-0.000000	0.000059	0.000000	0.000000	0.000000	9.612870	-3.890270	10.399500	-12.497200	1.852160	5.837310	-0.000000	0.000000	0.000000	0.000000	0.000000	0.000000	-20.154800	-44.709900	64.757401	-136.421005	-6.764350	-176.544998	0.000000	0.000000	0.000001	0.515945	-1.532890	0.013801	-0.000000	-0.000000	0.000000
1.376490	-1.166080	-0.954156	-2.857000	9.813710	0.487361	-1.594730	-10.435800	-0.800312	-0.000000	0.000000	-0.000000	-3.479140	15.000200	0.901524	6.296200	-21.621500	1.082550	0.000000	-0.000001	-0.000000	0.000005	0.000000	0.000016	0.000000	0.000000	0.000000	9.264420	-3.058770	15.320300	-11.782000	2.804120	5.825760	-0.000000	0.000000	-0.000001	0.000000	0.000000	0.000000	-18.646601	-49.662998	68.029999	-122.415001	-8.676370	-170.899994	0.000000	-0.000000	0.000000	0.491770	-1.595490	0.013692	-0.000000	0.000000	0.000000
1.400321	-1.561650	-2.224760	-3.102810	11.001600	0.592694	-1.521480	-11.403500	-0.904866	0.000000	0.000000	0.000000	-4.138110	15.121200	1.081230	7.121710	-21.221100	1.132880	0.000000	-0.000000	0.000000	0.000005	0.000000	0.000016	0.000000	0.000000	0.000000	9.540410	-2.339300	18.764700	-12.049000	3.748690	5.923270	-0.000000	0.000000	-0.000000	0.000000	0.000000	0.000000	-16.286600	-56.454498	72.104202	-99.088303	-6.959630	-157.740997	0.000000	0.000000	-0.000001	0.494139	-1.653550	0.014258	0.000000	0.000000	0.000000
1.598550	-2.437300	-2.336601	-3.837240	11.443600	0.762427	-0.505076	-10.188300	-0.755929	-0.000000	-0.000000	-0.000000	-4.160620	15.448700	1.110110	6.534000	-20.140100	0.869526	0.000000	0.000000	0.000000	0.000005	0.000000	-0.000018	0.000000	0.000000	0.000000	9.878790	-2.538460	17.181200	-12.912600	4.301610	6.199830	0.000000	0.000000	0.000000	0.000000	0.000000	0.000000	-16.230301	-60.161999	72.684998	-68.528603	-5.472860	-14.339000	0.000001	0.000000	-0.000000	0.474744	-2.043400	0.016927	-0.000000	0.000000	-0.000000
1.407130	-2.649430	-1.409450	-3.626940	11.388400	0.717102	-0.329133	-9.256380	-0.625784	-0.000000	-0.000000	-0.000000	-3.888490	17.188801	1.150760	6.507780	-23.115200	1.097280	0.000000	0.000000	0.000000	0.000000	-0.000000	0.000043	0.000000	0.000000	0.000000	9.916850	-3.362650	12.856100	-13.489800	4.092120	6.371050	0.000000	0.000000	-0.000001	0.000000	0.000000	0.000000	-19.704500	-57.690800	68.511497	-42.116299	-5.043650	-3.566650	0.000000	-0.000000	-0.000000	0.041635	-2.161690	0.001570	-0.000000	0.000000	-0.000000
1.454370	-3.480930	-0.060870	-3.089350	12.721000	0.680921	-1.524350	-9.635490	-0.761086	0.000000	0.000000	-0.000000	-3.586870	17.659700	1.089430	6.014930	-21.210501	0.940236	-0.000000	0.000000	0.000000	0.000000	-0.000000	0.000122	0.000000	0.000000	0.000000	9.664320	-3.770340	10.715600	-13.303100	3.755880	6.302270	0.000000	-0.000000	0.000000	0.000000	0.000000	0.000000	-18.839300	-48.748901	67.473701	-31.860100	-3.407660	-0.751797	-0.000000	-0.000001	0.000000	-0.206756	-2.263860	-0.008168	-0.000000	0.000000	0.000000
0.896546	-2.751770	0.423184	-1.937670	13.187200	0.442216	-2.106570	-11.861600	-0.822066	-0.000000	-0.000000	0.000000	-2.274370	17.142401	0.670700	5.074740	-20.832399	1.032620	-0.000000	-0.000000	0.000000	-0.000000	-0.000000	-0.000029	0.000000	0.000000	0.000000	10.763200	-4.009420	8.707850	-14.076400	2.036660	6.012220	-0.000000	-0.000000	-0.000000	0.000000	0.000000	0.000000	-15.998700	-45.057201	69.828400	-19.223101	0.746390	1.745720	-0.000001	0.000000	-0.000000	-0.207101	-2.019140	-0.007298	0.000000	-0.000000	0.000000
0.766434	-2.940780	0.581307	-1.544070	13.483500	0.360114	-2.140620	-12.463300	-0.787040	-0.000000	-0.000000	0.000000	-1.898520	18.098801	0.589993	5.215130	-22.643600	1.314380	-0.000000	-0.000000	0.000000	-0.000000	-0.000040	-0.000037	0.000000	0.000000	0.000000	10.976300	-3.261610	11.946700	-14.817800	2.444740	6.015750	0.000000	-0.000000	0.000001	0.000000	0.000000	0.000000	-12.331000	-43.732899	74.002800	-9.636360	6.287030	2.580900	0.000001	0.000000	0.000000	-0.185236	-2.122270	-0.006861	-0.000000	0.000000	0.000000
0.937790	-2.684920	0.649859	-1.817690	13.422800	0.422091	-2.095390	-12.278200	-0.822790	-0.000000	-0.000000	0.000000	-1.937950	17.038601	0.568062	4.938140	-20.325001	1.072550	-0.000000	-0.000000	-0.000000	-0.000005	-0.000040	-0.000092	0.000000	0.000000	0.000000	10.415200	-3.373600	11.952000	-13.644000	3.598430	6.218430	0.000000	0.000000	-0.000001	0.000000	0.000000	0.000000	-12.614100	-43.256100	73.522202	-10.655400	4.875460	2.365860	0.000000	0.000000	0.000000	-0.434537	-2.307940	-0.017501	0.000000	-0.000001	-0.000000
0.993264	-2.829371	0.934116	-2.092260	12.553700	0.454965	-1.624640	-10.445600	-0.665692	0.000000	-0.000000	-0.000000	-2.264980	18.350300	0.713418	5.187250	-22.863501	1.181110	-0.000000	0.000000	-0.000000	-0.000000	0.000000	-0.000057	0.000000	0.000000	0.000000	9.759360	-3.208120	13.354200	-11.993600	4.751100	6.240370	-0.000000	-0.000000	-0.000000	0.000000	0.000000	0.000000	-14.520200	-41.702999	70.671997	-23.470600	0.568247	1.720060	0.000000	0.000000	0.000000	-0.355126	-1.826480	-0.011320	-0.000000	-0.000000	-0.000000
1.043280	-2.946570	0.150344	-2.207520	12.615000	0.482357	-1.867110	-10.034600	-0.701808	0.000000	0.000000	-0.000000	-2.646890	17.995399	0.818270	5.691700	-21.933500	1.186760	0.000000	-0.000000	0.000000	0.000000	-0.000039	-0.000058	0.000000	0.000000	0.000000	10.550400	-2.242640	17.062401	-12.508600	5.075620	6.205660	-0.000000	-0.000000	-0.000000	0.000000	0.000000	0.000000	-17.529301	-49.160500	69.058800	-27.987801	-3.548600	-0.724877	-0.000000	-0.000000	-0.000000	-0.343121	-2.245550	-0.013446	-0.000000	0.000001	0.000000
1.057370	-2.613240	-0.878701	-2.480320	11.989400	0.515554	-1.654430	-9.497870	-0.674462	-0.000000	0.000000	-0.000000	-3.188150	18.071501	0.989909	6.429100	-23.199800	1.340060	0.000000	0.000000	-0.000000	-0.000000	0.000000	0.000050	0.000000	0.000000	0.000000	10.668400	-1.562370	20.125601	-12.400100	5.214170	6.108230	0.000000	-0.000000	0.000000	0.000000	0.000000	0.000000	-17.272200	-54.697102	70.584801	-47.445702	-4.861160	-4.335060	-0.000000	-0.000000	-0.000000	0.238809	-2.329660	0.009706	-0.000000	-0.000000	-0.000000
1.104000	-3.030881	-1.126920	-2.620270	12.417900	0.563806	-1.432310	-9.233460	-0.641444	0.000000	-0.000000	0.000000	-3.329930	17.876101	1.023170	6.566210	-21.759199	1.260620	-0.000000	-0.000000	0.000000	0.000000	0.000000	-0.000046	0.000000	0.000000	0.000000	10.841300	-1.043420	22.040600	-12.744700	5.178440	6.032580	-0.000000	0.000000	-0.000000	0.000000	0.000000	0.000000	-15.681700	-56.924801	72.713097	-75.370003	-5.661360	-24.814400	-0.000001	-0.000000	0.000001	0.250721	-2.150690	0.009408	0.000000	-0.000000	0.000000
0.379630	-1.930040	-1.895190	-2.071800	11.688700	0.419876	-0.837663	-9.574260	-0.477165	-0.000000	0.000000	-0.000000	-2.607880	16.888300	0.758057	6.694450	-21.639200	1.550850	0.000000	0.000000	-0.000000	0.000000	-0.000000	-0.000066	0.000000	0.000000	0.000000	12.160600	-0.620035	21.886600	-14.030100	3.244910	5.761730	0.000000	-0.000000	0.000001	0.000000	0.000000	0.000000	-13.740500	-57.651199	75.035103	-102.176003	-6.681870	-162.037003	-0.000001	0.000001	0.000000	0.264877	-1.613400	0.007457	-0.000000	0.000000	0.000000
0.172627	-0.702196	-0.849341	0.179185	10.522900	-0.032718	-3.353070	-10.223200	-0.564411	0.000000	0.000000	0.000000	-0.280263	14.101200	0.068291	4.410830	-19.720699	1.398790	0.000000	-0.000000	-0.000000	0.000001	-0.000040	0.000004	0.000000	0.000000	0.000000	12.153100	-2.004560	16.451500	-14.973100	1.374250	5.602740	-0.000000	-0.000000	0.000000	0.000000	0.000000	0.000000	-14.633800	-51.642399	73.031303	-125.845001	-8.996910	-171.195999	0.000000	0.000000	0.000001	0.363644	-1.618850	0.010272	0.000000	0.000000	0.000000
0.312391	-0.331627	2.693350	-0.375632	8.658060	0.056511	-2.330050	-8.108690	-0.381319	0.000000	-0.000000	-0.000000	-0.223432	15.820300	0.060881	4.009030	-23.242201	1.499040	0.000000	-0.000000	-0.000000	-0.000000	0.000000	-0.000021	0.000000	0.000000	0.000000	9.743680	-4.978470	4.330050	-11.412100	0.292743	5.611930	-0.000000	0.000000	0.000000	0.000000	0.000000	0.000000	-19.183599	-41.374699	64.544296	-141.104004	-7.356320	-176.725998	-0.000000	-0.000001	-0.000000	0.529640	-1.843890	0.017041	-0.000000	0.000000	0.000000
0.357694	-0.634229	1.743220	-0.858879	8.628350	0.128911	-1.939860	-8.159940	-0.396175	-0.000000	-0.000000	-0.000000	-0.783748	14.815300	0.200470	4.563850	-20.503201	1.334860	-0.000000	-0.000000	0.000000	-0.000003	0.000079	0.000036	0.000000	0.000000	0.000000	8.798980	-4.557910	7.123690	-9.850830	0.745270	5.575770	0.000000	0.000000	-0.000000	0.000000	0.000000	0.000000	-18.971300	-40.962399	64.783501	-140.442001	-8.824490	-175.669998	0.000000	0.000001	-0.000000	0.439278	-1.750690	0.013419	-0.000000	-0.000000	-0.000000
0.782545	-0.593105	0.408115	-2.274230	9.298500	0.367659	-0.543910	-9.580290	-0.464408	0.000000	-0.000000	0.000000	-2.085940	14.066600	0.507207	5.596550	-19.447399	1.191020	-0.000000	0.000000	-0.000000	0.000000	0.000040	0.000031	0.000000	0.000000	0.000000	7.719210	-4.569090	8.047120	-9.274910	1.589930	5.712190	0.000000	-0.000000	0.000000	0.000000	0.000000	0.000000	-20.241600	-46.853600	65.311302	-126.898003	-9.442510	-171.612000	0.000000	0.000000	-0.000000	0.448723	-1.735700	0.013590	-0.000000	-0.000000	-0.000000
0.640415	-1.573240	-1.371180	-2.452130	10.285900	0.438118	-0.532771	-9.482480	-0.485676	0.000000	0.000000	0.000000	-2.614660	14.893300	0.672465	6.356130	-19.838301	1.301260	-0.000000	0.000000	0.000000	0.000004	0.000039	0.000066	0.000000	0.000000	0.000000	8.349510	-3.488040	14.171000	-9.002650	3.408390	5.791180	0.000000	-0.000000	0.000001	0.000000	0.000000	0.000000	-17.361601	-54.598598	70.530701	-103.557999	-7.007560	-163.076004	0.000000	0.000000	-0.000000	0.271021	-1.795880	0.008493	0.000000	0.000000	-0.000000
0.581040	-2.114440	-2.037030	-2.425260	11.293000	0.475255	-0.573621	-9.555130	-0.490432	0.000000	-0.000000	-0.000000	-2.442090	15.902200	0.669550	5.894690	-20.276800	1.230300	0.000000	0.000000	-0.000000	-0.000000	0.000000	0.000054	0.000000	0.000000	0.000000	9.635720	-3.092510	14.669000	-11.407800	3.902730	6.076120	0.000000	0.000000	0.000001	0.000000	0.000000	0.000000	-17.212500	-58.702599	71.418900	-75.958397	-3.892610	-16.357700	-0.000000	-0.000000	-0.000000	0.293689	-1.846020	0.009460	0.000000	0.000000	0.000000
0.217351	-1.272100	-1.363760	-1.458770	9.832870	0.249180	-1.336980	-8.468010	-0.408856	-0.000000	0.000000	-0.000000	-1.555170	14.814700	0.397751	5.582590	-20.118401	1.405140	0.000000	0.000000	0.000000	0.000000	0.000000	0.000105	0.000000	0.000000	0.000000	11.210100	-4.209000	7.828830	-13.770900	2.312900	6.175890	-0.000000	-0.000000	-0.000000	0.000000	0.000000	0.000000	-25.668600	-59.957199	62.639301	-44.847599	-6.193270	-5.016880	-0.000000	-0.000000	-0.000000	0.078892	-1.751220	0.002410	-0.000000	-0.000000	0.000000
0.149341	-1.037620	-0.020598	-0.594237	9.475680	0.097839	-1.912290	-8.834880	-0.383971	0.000000	-0.000000	0.000000	-0.512421	14.864000	0.131463	4.614680	-20.997900	1.478330	0.000000	0.000000	-0.000000	0.000000	0.000000	-0.000049	0.000000	0.000000	0.000000	11.650800	-4.990710	4.015230	-14.968200	0.617863	5.894210	0.000000	0.000000	-0.000000	0.000000	0.000000	0.000000	-22.847300	-52.483601	63.937500	-33.087101	-3.274180	-0.596745	0.000000	0.000000	0.000000	-0.106397	-1.632880	-0.003033	-0.000000	-0.000000	-0.000000
0.443452	-1.346710	0.918549	-0.871340	10.213800	0.154569	-2.002410	-9.495880	-0.472210	0.000000	0.000000	-0.000000	-0.815837	16.311199	0.229198	4.641070	-22.397499	1.471930	-0.000000	0.000000	0.000000	0.000000	0.000000	0.000081	0.000000	0.000000	0.000000	11.380300	-4.734290	5.140200	-14.916600	-0.675215	5.465060	0.000000	0.000000	0.000000	0.000000	0.000000	0.000000	-17.678699	-45.997601	68.018402	-21.756201	1.830790	2.396640	-0.000001	-0.000000	-0.000000	-0.270866	-1.601630	-0.007572	0.000000	0.000000	0.000000
0.450211	-0.909861	1.495490	-0.831871	9.254180	0.133835	-2.674620	-8.823680	-0.536871	0.000000	-0.000000	-0.000000	-0.864229	15.814100	0.235586	4.280010	-22.660000	1.329930	0.000000	-0.000000	0.000000	-0.000000	0.000000	0.000102	0.000000	0.000000	0.000000	11.307300	-4.614080	5.702740	-15.350700	-0.806310	5.406740	0.000000	-0.000000	-0.000000	0.000000	0.000000	0.000000	-16.065599	-43.907101	69.306297	-9.175960	3.625220	2.136410	0.000000	-0.000001	0.000000	-0.450048	-1.725800	-0.013556	0.000000	0.000000	0.000000
0.882463	-1.926850	1.633570	-1.589850	10.610500	0.292822	-1.828870	-9.291610	-0.548225	-0.000000	-0.000000	-0.000000	-1.369280	17.749599	0.417520	4.197480	-24.174700	1.185730	-0.000000	0.000000	-0.000000	-0.000000	0.000000	0.000068	0.000000	0.000000	0.000000	11.259200	-3.542450	10.415300	-15.600800	1.043670	5.719410	-0.000000	-0.000000	0.000000	0.000000	0.000000	0.000000	-13.247300	-42.424301	72.392197	-5.831870	6.702060	2.214600	-0.000000	0.000000	-0.000000	-0.641282	-1.901000	-0.021275	-0.000000	-0.000000	0.000000
1.057950	-1.727100	1.717820	-1.710940	10.607000	0.315034	-2.297260	-9.332770	-0.646279	0.000000	-0.000000	-0.000000	-1.986640	18.025499	0.614982	4.827680	-24.679399	1.227850	-0.000000	-0.000000	0.000000	0.000005	-0.000000	0.000028	0.000000	0.000000	0.000000	11.047800	-3.400240	11.213000	-14.678600	2.370650	5.991480	0.000000	0.000000	0.000000	0.000000	0.000000	0.000000	-13.766000	-41.585999	71.494904	-13.158900	5.693720	2.909380	0.000002	0.000000	0.000000	-0.503341	-1.201490	-0.010555	-0.000000	0.000000	-0.000000
1.042250	-1.242790	0.958868	-1.820090	9.773900	0.309128	-2.184730	-9.140810	-0.633009	-0.000000	0.000000	-0.000000	-2.070140	16.286100	0.580820	4.798090	-22.780399	1.089180	0.000000	0.000000	-0.000000	0.000000	0.000000	0.000146	0.000000	0.000000	0.000000	11.231300	-3.515600	10.721200	-13.936600	3.099980	6.187030	-0.000000	0.000000	-0.000000	0.000000	0.000000	0.000000	-15.357400	-43.807899	70.211403	-23.917000	2.506240	2.737850	-0.000000	-0.000000	0.000000	-0.334729	-1.254500	-0.007329	-0.000000	-0.000000	-0.000000
0.959177	-0.924018	0.833400	-1.857880	10.702100	0.345134	-2.257870	-11.620000	-0.823826	-0.000000	0.000000	0.000000	-2.123530	15.871900	0.581013	5.167060	-22.696800	1.206620	0.000000	-0.000000	0.000000	-0.000005	0.000000	-0.000108	0.000000	0.000000	0.000000	11.080800	-3.179130	12.390500	-13.730000	2.830210	6.034530	0.000000	0.000000	-0.000001	0.000000	0.000000	0.000000	-23.440300	-50.716702	62.729000	-26.665701	-4.613790	-0.967381	-0.000000	-0.000000	-0.000000	-0.430566	-1.511920	-0.011362	0.000000	-0.000000	-0.000000
0.733465	-0.424351	0.399651	-2.156060	11.120200	0.416032	-1.418200	-13.541800	-0.828450	0.000000	-0.000000	0.000000	-2.512010	15.802500	0.684495	5.991850	-23.883200	1.448910	-0.000000	0.000000	0.000000	-0.000000	0.000000	-0.000064	0.000000	0.000000	0.000000	10.552400	-3.287460	12.502600	-12.979700	2.065830	5.820620	-0.000000	-0.000000	0.000000	0.000000	0.000000	0.000000	-23.795700	-55.062500	63.428501	-45.631302	-4.114260	-2.745800	-0.000000	0.000000	-0.000000	-0.002794	-0.963460	-0.000048	0.000000	-0.000000	0.000000
0.957089	0.082608	-0.760397	-2.507840	9.782470	0.426373	-1.369840	-11.975900	-0.798204	0.000000	-0.000000	0.000000	-2.918710	14.954500	0.753799	6.075630	-23.765900	1.313280	-0.000000	0.000000	-0.000000	0.000000	0.000000	0.000012	0.000000	0.000000	0.000000	10.578700	-2.813090	14.903000	-13.385900	1.079150	5.546930	0.000000	0.000000	0.000000	0.000000	0.000000	0.000000	-22.613800	-60.133499	65.763100	-66.609001	-2.821920	-4.533670	-0.000002	-0.000001	-0.000001	0.240699	-1.230330	0.005168	-0.000000	0.000000	0.000000
0.934991	-0.107154	-0.803641	-1.925570	9.400510	0.314635	-2.451500	-10.765400	-0.814271	0.000000	-0.000000	-0.000000	-2.570000	14.623200	0.649242	5.568590	-23.204800	1.215300	-0.000000	-0.000000	0.000000	0.000000	-0.000000	-0.000030	0.000000	0.000000	0.000000	10.891900	-2.248100	17.031200	-14.830300	0.902098	5.450160	0.000000	0.000000	0.000000	0.000000	0.000000	0.000000	-22.211800	-61.742401	66.440002	-90.574501	-4.690630	-146.916000	0.000000	0.000000	-0.000000	0.310834	-1.051470	0.005703	-0.000000	-0.000000	0.000000
0.717589	0.264441	-0.199909	-1.792150	9.613090	0.299380	-1.934240	-11.603700	-0.745468	-0.000000	-0.000000	-0.000000	-2.026880	13.591500	0.476510	5.378190	-21.249599	1.236450	-0.000000	0.000000	0.000000	-0.000000	-0.000000	-0.000099	0.000000	0.000000	0.000000	10.985500	-2.720020	14.744600	-14.924600	-0.416100	5.190560	-0.000000	-0.000000	-0.000000	0.000000	0.000000	0.000000	-21.205500	-56.043098	66.474998	-117.730003	-6.957350	-171.464996	-0.000000	0.000000	-0.000000	0.769350	-1.455400	0.019541	-0.000000	0.000000	-0.000000
0.942580	0.032470	1.618630	-1.772440	9.416170	0.290118	-2.471130	-10.601500	-0.777691	0.000000	0.000000	-0.000000	-1.803600	14.904500	0.464096	4.274870	-23.250799	1.000050	0.000000	-0.000000	0.000000	0.000001	0.000040	0.000130	0.000000	0.000000	0.000000	10.273700	-3.947940	9.384350	-14.543900	-0.461097	5.338040	-0.000000	-0.000000	0.000000	0.000000	0.000000	0.000000	-17.421900	-42.965099	67.337700	-140.472000	-7.760570	-176.167999	-0.000000	-0.000000	-0.000001	0.582252	-1.482040	0.015059	0.000000	-0.000000	0.000000
1.164200	-0.073890	2.340680	-2.448880	9.110310	0.387981	-1.610940	-9.942880	-0.696777	-0.000000	-0.000000	0.000000	-2.577650	15.804700	0.702494	5.097290	-23.673500	1.051450	0.000000	-0.000000	0.000000	-0.000006	-0.000039	-0.000064	0.000000	0.000000	0.000000	9.413390	-4.902400	4.909180	-13.799900	0.359465	5.686830	-0.000000	-0.000000	-0.000000	0.000000	0.000000	0.000000	-16.846300	-37.412800	66.027901	-147.647003	-6.513670	-178.173996	-0.000000	-0.000000	-0.000000	0.718819	-1.337330	0.016776	-0.000000	0.000000	0.000001
