2.103000	2.134080	-3.675470	-3.265050	3.443450	0.196328	-2.656350	-6.899980	-0.713177	0.000000	-0.000000	-0.000000	-2.530820	8.949580	0.393973	3.889320	-18.867001	0.449319	-0.000000	-0.000000	-0.000000	0.000000	-0.000000	0.000043	0.000000	0.000000	0.000000	11.952700	-2.171960	16.668501	-18.658701	-3.874530	4.178940	-0.000000	-0.000000	-0.000000	0.000000	0.000000	0.000000	-10.371100	-52.198601	78.330200	-41.794998	-8.123550	-6.866890	0.000000	-0.000000	0.000000	0.330581	-0.247701	0.001429	-0.000000	0.000000	0.000000
2.436180	1.885920	-2.126380	-4.303150	3.995900	0.300433	-2.206590	-7.591340	-0.862243	-0.000000	-0.000000	-0.000000	-3.843110	9.177890	0.613888	5.680230	-18.360500	0.594367	0.000000	-0.000000	0.000000	0.000000	0.000000	0.000049	0.000000	0.000000	0.000000	11.057500	-2.566510	15.796200	-18.648300	-4.462650	3.944360	0.000000	0.000000	-0.000000	0.000000	0.000000	0.000000	-13.442100	-57.745300	75.370102	-44.191200	-7.943220	-7.554010	0.000001	-0.000000	0.000000	0.390829	-0.254622	0.001737	0.000000	-0.000000	-0.000000
2.563880	1.938660	-0.819855	-4.966900	4.013570	0.348522	-1.680220	-7.483670	-0.867983	-0.000000	-0.000000	0.000000	-3.851100	9.888040	0.662308	4.478290	-19.048100	0.223371	0.000000	0.000000	-0.000000	-0.000000	0.000000	-0.000021	0.000000	0.000000	0.000000	10.664900	-2.628380	15.783200	-19.508699	-5.023180	3.639420	0.000000	0.000000	-0.000000	0.000000	0.000000	0.000000	-16.542601	-58.394901	71.936897	-49.406799	-9.066620	-10.664300	0.000000	0.000000	-0.000000	0.254507	-0.217120	0.000964	-0.000000	-0.000000	0.000000
2.811790	1.859510	0.493910	-5.877040	3.583250	0.368601	-0.580839	-6.633410	-0.747785	-0.000000	0.000000	0.000000	-4.489880	9.907330	0.774059	4.871050	-18.505899	0.142258	-0.000000	-0.000000	0.000000	-0.000005	-0.000000	-0.000089	0.000000	0.000000	0.000000	10.406400	-2.630020	15.855900	-20.103001	-4.206030	3.840620	-0.000001	-0.000000	0.000000	0.000000	0.000000	0.000000	-18.695299	-57.721802	69.366798	-56.942402	-9.774240	-15.493900	-0.000001	-0.000000	-0.000000	0.646938	-0.050619	0.000572	-0.000000	-0.000000	-0.000000
2.773070	0.397397	0.640321	-6.290370	5.988570	0.658819	0.318202	-8.049160	-0.834357	-0.000000	0.000000	-0.000000	-4.959920	11.883200	1.023720	5.897660	-18.457800	0.330631	0.000000	0.000000	-0.000000	0.000004	-0.000079	-0.000098	0.000000	0.000000	0.000000	9.969160	-1.032560	23.519300	-19.171400	-0.839459	4.584850	0.000000	0.000000	0.000000	0.000000	0.000000	0.000000	-18.153200	-56.015900	69.649300	-66.053596	-10.474500	-24.916201	-0.000000	0.000000	-0.000001	0.532175	-0.494303	0.004591	-0.000000	0.000000	-0.000000
2.183160	0.255902	0.402070	-5.232960	6.932610	0.633376	-0.512595	-8.564500	-0.852704	0.000000	-0.000000	0.000000	-4.205070	13.902000	1.012050	5.934270	-21.305901	0.673303	0.000000	0.000000	0.000000	0.000005	-0.000000	-0.000017	0.000000	0.000000	0.000000	10.018400	-0.175243	27.080900	-16.969299	0.574055	4.772860	0.000000	-0.000000	0.000003	0.000000	0.000000	0.000000	-15.157800	-55.991001	72.959198	-77.831200	-9.454720	-48.250702	0.000000	-0.000000	-0.000000	0.703929	-0.963060	0.011831	0.000000	0.000000	0.000000
2.161030	-0.079989	0.131100	-4.822840	7.447340	0.626580	-1.096540	-8.617350	-0.883866	-0.000000	0.000000	-0.000000	-3.988080	13.872100	0.957643	5.892700	-20.533100	0.709130	0.000000	0.000000	-0.000000	0.000000	-0.000000	-0.000012	0.000000	0.000000	0.000000	9.918720	0.645496	30.590700	-15.107600	1.603760	4.756320	0.000000	-0.000000	0.000000	0.000000	0.000000	0.000000	-13.557800	-56.107201	74.771698	-91.888199	-10.097600	-125.259003	0.000000	-0.000001	-0.000000	0.712574	-1.105480	0.013747	0.000000	0.000000	0.000000
1.795340	0.396427	0.034149	-4.359840	7.105290	0.540320	-1.112460	-8.638530	-0.819323	-0.000000	-0.000000	-0.000000	-3.552460	14.118100	0.867587	6.160460	-21.733601	1.006120	-0.000000	0.000000	0.000000	0.000000	0.000000	0.000007	0.000000	0.000000	0.000000	10.831400	1.536340	31.843700	-16.319401	1.444730	4.685920	0.000000	0.000000	0.000000	0.000000	0.000000	0.000000	-14.466300	-53.201302	73.347801	-111.257004	-12.137800	-158.264008	0.000000	0.000001	0.000002	0.999426	-0.814203	0.014202	-0.000000	-0.000000	-0.000000
1.036130	2.002949	3.321690	-2.882870	5.237950	0.263455	-1.860830	-8.427160	-0.694993	-0.000000	0.000000	-0.000000	-1.809990	12.745900	0.399523	5.344960	-21.960199	1.340100	-0.000000	-0.000000	0.000000	0.000002	0.000039	0.000139	0.000000	0.000000	0.000000	10.877200	-1.871110	17.996599	-15.778600	-0.800104	4.774370	0.000000	0.000000	0.000001	0.000000	0.000000	0.000000	-20.736900	-39.693298	61.918301	-137.057999	-11.849300	-172.550003	-0.000000	-0.000000	-0.000000	2.545230	-3.483100	0.154729	0.000000	-0.000000	0.000000
1.512410	1.356480	4.484062	-3.435290	5.020160	0.300976	-1.312430	-7.629110	-0.629978	0.000000	0.000000	-0.000000	-1.810130	14.011500	0.438420	4.309420	-22.615400	0.982322	-0.000000	-0.000000	-0.000000	0.000003	0.000039	0.000047	0.000000	0.000000	0.000000	9.702310	-2.842890	14.862400	-13.746000	-0.876839	4.848390	-0.000000	-0.000000	-0.000000	0.000000	0.000000	0.000000	-19.928801	-30.543200	58.282700	-149.462006	-12.427300	-175.880005	0.000000	0.000000	-0.000000	1.408970	-2.116630	0.052046	-0.000000	-0.000000	-0.000000
1.978630	1.410140	2.967290	-4.354640	5.067010	0.385349	-1.174510	-7.377270	-0.709934	0.000000	0.000000	-0.000000	-3.524780	14.413500	0.878443	6.036890	-23.909901	1.063760	0.000000	-0.000000	-0.000000	0.000005	-0.000000	0.000009	0.000000	0.000000	0.000000	9.707120	-2.025490	19.045300	-15.033400	-1.289340	4.584090	0.000000	-0.000000	0.000001	0.000000	0.000000	0.000000	-17.305500	-32.532600	63.174198	-147.048996	-12.083800	-175.179001	-0.000000	-0.000001	0.000001	0.934094	-1.540960	0.025119	0.000000	0.000000	-0.000000
2.053270	0.781679	1.404380	-3.978760	5.772560	0.400873	-1.767330	-7.724730	-0.772174	-0.000000	-0.000000	0.000000	-3.164750	14.001800	0.766513	5.188280	-22.460400	0.809325	-0.000000	0.000001	-0.000000	0.000000	0.000000	0.000050	0.000000	0.000000	0.000000	9.473620	-1.289840	23.162901	-15.213200	-1.019140	4.483600	-0.000000	-0.000000	-0.000001	0.000000	0.000000	0.000000	-16.263100	-37.805099	67.088997	-135.608994	-14.084700	-170.039001	-0.000000	0.000001	-0.000000	0.835155	-1.077380	0.015703	-0.000000	-0.000000	-0.000000
2.117240	-0.087004	0.869542	-4.221500	7.014640	0.516473	-1.671950	-7.697330	-0.787840	0.000000	-0.000000	-0.000000	-3.624390	13.664500	0.857309	5.468150	-20.120600	0.669781	-0.000000	0.000000	0.000000	-0.000005	0.000000	0.000001	0.000000	0.000000	0.000000	9.272930	-1.303450	23.552200	-15.398500	-0.211734	4.699380	-0.000000	-0.000001	0.000000	0.000000	0.000000	0.000000	-16.469200	-46.973701	69.678200	-113.147003	-13.935500	-157.143005	0.000000	0.000000	-0.000001	0.770452	-1.242290	0.016703	-0.000000	-0.000000	0.000000
2.012930	-0.580851	0.975847	-4.062180	8.353410	0.591130	-1.740550	-9.349570	-0.938780	0.000000	-0.000000	0.000000	-3.178520	14.044900	0.772138	5.020380	-19.778299	0.655625	0.000000	-0.000000	0.000000	-0.000001	-0.000040	0.000025	0.000000	0.000000	0.000000	8.824340	-1.860480	21.708900	-14.658500	-0.323193	4.757910	0.000000	0.000000	0.000000	0.000000	0.000000	0.000000	-15.879100	-54.317299	71.838303	-83.847801	-10.735900	-80.561798	0.000000	0.000001	-0.000000	0.555324	-1.359720	0.013176	0.000000	-0.000000	0.000000
1.913770	-1.202580	1.757550	-4.409080	9.182450	0.705010	-1.026490	-9.655150	-0.904746	0.000000	0.000000	0.000000	-3.491930	17.314800	1.040520	5.295970	-24.631201	0.818138	-0.000000	0.000000	0.000000	0.000005	-0.000000	-0.000004	0.000000	0.000000	0.000000	7.781900	-2.722710	18.862801	-12.928300	-0.479799	4.809230	0.000000	0.000000	0.000001	0.000000	0.000000	0.000000	-23.145700	-58.072201	64.556396	-47.514702	-10.948100	-12.106800	0.000000	0.000000	-0.000000	0.314276	-1.397120	0.007661	-0.000000	0.000000	-0.000000
2.101099	-1.171510	2.900810	-4.535410	8.994930	0.710561	-1.050540	-9.404220	-0.906361	-0.000000	0.000000	-0.000000	-3.372000	16.778500	0.974458	4.899570	-23.401199	0.663901	0.000000	0.000000	0.000000	-0.000002	-0.000040	0.000072	0.000000	0.000000	0.000000	7.787350	-3.312320	15.152900	-13.394200	-1.389590	4.740750	0.000000	0.000000	-0.000000	0.000000	0.000000	0.000000	-21.309601	-51.990398	65.126404	-34.772999	-7.611800	-4.700240	0.000000	-0.000000	0.000000	-0.079277	-1.558710	-0.002159	0.000000	-0.000000	-0.000000
1.546490	-0.906003	3.617330	-3.759690	8.276370	0.541975	-1.269910	-8.621240	-0.749937	0.000000	-0.000000	0.000000	-2.668880	16.458099	0.756660	4.766190	-22.623301	0.849191	-0.000000	0.000000	0.000000	-0.000003	-0.000039	0.000050	0.000000	0.000000	0.000000	8.319250	-3.345840	14.072100	-13.774700	-2.298260	4.539560	-0.000000	0.000000	0.000000	0.000000	0.000000	0.000000	-16.934700	-45.659000	68.445099	-28.400400	-3.493530	-0.961396	0.000000	0.000000	-0.000000	-0.090230	-1.108350	-0.001747	0.000000	0.000000	-0.000000
1.255410	-0.761689	3.912050	-2.751080	8.739850	0.418307	-2.155340	-10.211100	-0.866162	0.000000	-0.000000	0.000000	-1.643850	16.322001	0.462081	3.768180	-22.819401	0.849888	0.000000	0.000000	-0.000000	-0.000000	0.000000	-0.000034	0.000000	0.000000	0.000000	8.967980	-2.947710	15.282700	-14.194600	-2.471300	4.413530	-0.000000	-0.000000	0.000000	0.000000	0.000000	0.000000	-14.122900	-44.059101	71.404503	-20.768801	-0.276775	0.837666	0.000001	-0.000000	0.000000	0.003000	-1.300260	0.000065	0.000000	-0.000000	0.000000
1.151490	-0.538548	3.819660	-2.557010	7.686220	0.342274	-2.205780	-8.742790	-0.722068	-0.000000	-0.000000	0.000000	-1.377010	15.185600	0.360836	3.659330	-21.218100	0.843790	0.000000	-0.000000	0.000000	-0.000000	0.000000	0.000113	0.000000	0.000000	0.000000	9.419330	-2.396710	17.436800	-14.147300	-1.901400	4.455140	0.000000	-0.000000	-0.000000	0.000000	0.000000	0.000000	-13.409600	-42.267300	71.851196	-25.030001	-1.306760	0.302567	0.000000	0.000000	-0.000000	-0.342425	-1.169720	-0.006992	-0.000000	-0.000000	-0.000000
1.404850	-0.256047	3.723320	-2.882310	6.822580	0.342744	-1.930390	-7.156030	-0.598367	0.000000	-0.000000	0.000000	-1.543370	15.703900	0.417898	3.683030	-22.906000	0.855551	-0.000000	-0.000000	-0.000000	-0.000000	0.000000	0.000141	0.000000	0.000000	0.000000	9.411810	-2.145360	18.700500	-13.693300	-0.739083	4.688100	0.000000	0.000000	-0.000000	0.000000	0.000000	0.000000	-17.992599	-44.660301	66.900497	-30.238600	-6.427130	-2.926870	0.000000	0.000000	0.000000	-0.288173	-1.038870	-0.005226	-0.000000	0.000000	0.000000
2.351581	-0.075717	3.033490	-4.527910	6.283560	0.496564	-1.240930	-6.915490	-0.693617	0.000000	0.000000	0.000000	-3.537450	14.866500	0.908654	5.231930	-21.970800	0.678475	0.000000	-0.000000	-0.000000	-0.000000	0.000000	-0.000162	0.000000	0.000000	0.000000	8.844150	-1.756920	21.717400	-13.247200	0.875410	4.920950	0.000000	0.000000	0.000000	0.000000	0.000000	0.000000	-18.241800	-54.553299	69.021301	-35.929001	-3.443400	-1.827820	-0.000000	0.000000	0.000000	0.065167	-1.152370	0.001309	0.000000	-0.000000	0.000000
2.199640	0.112618	2.502680	-4.727070	6.781390	0.559400	-1.244550	-8.432190	-0.873889	0.000000	0.000000	0.000000	-3.837920	14.531800	0.964334	5.369110	-21.981199	0.619262	-0.000000	0.000000	-0.000000	-0.000000	0.000000	0.000003	0.000000	0.000000	0.000000	8.776830	-1.533840	23.077600	-12.955900	1.181580	4.925880	0.000000	-0.000000	0.000000	0.000000	0.000000	0.000000	-19.232201	-57.599499	68.547096	-57.076801	-6.617890	-10.398100	0.000000	-0.000000	0.000001	0.305032	-1.049480	0.005585	0.000000	0.000000	0.000000
2.327750	-0.240402	2.091480	-4.839250	6.567210	0.554814	-1.336070	-7.042590	-0.756103	0.000000	0.000000	-0.000000	-3.987360	15.461400	1.064650	5.530690	-23.089399	0.662053	-0.000000	0.000000	-0.000000	0.000003	0.000079	0.000059	0.000000	0.000000	0.000000	8.980240	-0.515661	27.407301	-13.436500	1.428680	4.735830	0.000000	-0.000000	0.000000	0.000000	0.000000	0.000000	-19.879601	-61.158699	68.458801	-77.325798	-8.422240	-43.931198	0.000000	-0.000000	0.000001	0.446255	-1.099940	0.008565	-0.000000	0.000000	0.000000
2.009830	0.048511	2.122880	-4.173660	7.840190	0.570291	-1.642530	-9.561550	-0.962809	0.000000	0.000000	-0.000000	-3.124210	14.731900	0.795196	4.711070	-21.319901	0.614438	0.000000	-0.000000	-0.000000	-0.000002	-0.000040	-0.000062	0.000000	0.000000	0.000000	9.369360	-0.390476	27.102600	-14.103600	0.304704	4.507670	-0.000000	-0.000000	-0.000001	0.000000	0.000000	0.000000	-20.002199	-60.976200	68.310501	-99.944801	-10.541500	-147.406998	-0.000000	0.000000	0.000000	0.338564	-0.658843	0.003892	-0.000000	0.000000	-0.000000
1.641910	0.074052	3.403800	-3.182000	7.074220	0.392245	-2.152510	-8.204770	-0.759980	-0.000000	-0.000000	-0.000000	-2.084980	14.395800	0.518562	4.393730	-21.034800	0.852588	0.000000	0.000000	0.000000	0.000000	-0.000000	-0.000001	0.000000	0.000000	0.000000	9.109290	-1.236740	23.535101	-14.212800	-0.831587	4.380160	-0.000000	-0.000000	-0.000001	0.000000	0.000000	0.000000	-20.795900	-50.182301	65.206100	-125.458000	-11.902800	-167.804001	-0.000000	-0.000000	-0.000001	0.750785	-1.668820	0.021863	-0.000000	-0.000000	-0.000000
0.847360	0.150354	5.095641	-2.817060	6.822170	0.334953	-1.640450	-7.557870	-0.584820	-0.000000	-0.000000	0.000000	-1.754480	15.633400	0.473001	5.242900	-22.771900	1.376840	-0.000000	-0.000000	-0.000000	-0.000001	0.000040	0.000044	0.000000	0.000000	0.000000	8.825120	-2.659940	16.707701	-13.622300	-2.046340	4.402940	0.000000	0.000000	0.000000	0.000000	0.000000	0.000000	-21.313400	-40.130798	61.159500	-142.311005	-10.044000	-175.149994	0.000000	0.000000	0.000000	3.454590	-2.286510	0.137989	-0.000000	-0.000000	-0.000000
1.343790	0.457472	3.770429	-3.488030	6.643120	0.403972	-1.192410	-8.179090	-0.663987	-0.000000	0.000000	-0.000000	-2.261310	15.379500	0.599997	5.224920	-23.024099	1.191720	0.000000	0.000000	0.000000	-0.000000	-0.000000	-0.000019	0.000000	0.000000	0.000000	8.682600	-2.217750	19.536100	-14.247000	-1.998340	4.313020	-0.000000	0.000000	0.000000	0.000000	0.000000	0.000000	-19.305799	-39.897800	63.688900	-143.923004	-9.989730	-175.483994	0.000000	0.000000	0.000001	1.738960	-2.883570	0.087503	0.000000	0.000000	0.000001
1.652300	-0.089300	2.678700	-3.772690	6.784210	0.446316	-1.216310	-7.619620	-0.659646	0.000000	0.000000	-0.000000	-2.460190	16.513700	0.699719	4.557810	-24.612301	0.916230	0.000000	-0.000001	0.000000	0.000000	-0.000000	0.000022	0.000000	0.000000	0.000000	8.448900	-2.101730	20.805099	-14.027600	-0.890726	4.572980	0.000000	0.000000	-0.000000	0.000000	0.000000	0.000000	-18.818600	-42.815701	65.459702	-134.266006	-11.727800	-171.524002	0.000000	0.000000	-0.000001	0.986989	-1.874700	0.032288	0.000000	0.000000	0.000000
2.087690	-0.069655	1.749090	-4.588050	7.513440	0.601162	-0.938099	-8.928950	-0.854150	-0.000000	-0.000000	0.000000	-3.462600	14.621000	0.875025	5.135180	-21.153999	0.644246	-0.000000	0.000000	-0.000000	0.000005	-0.000000	0.000023	0.000000	0.000000	0.000000	8.116380	-2.205770	21.171000	-13.667600	-0.269989	4.752990	0.000000	0.000000	-0.000001	0.000000	0.000000	0.000000	-20.188200	-50.952499	66.263100	-115.605003	-12.622700	-161.401001	0.000000	-0.000000	0.000000	0.683752	-1.402450	0.016733	0.000000	-0.000000	0.000000
2.288850	-0.245666	1.122000	-5.033730	7.959080	0.698733	-0.693557	-9.579500	-0.948057	0.000000	0.000000	-0.000000	-4.310490	14.605500	1.088850	6.358180	-21.304001	0.794959	-0.000000	0.000000	-0.000000	-0.000000	0.000000	-0.000037	0.000000	0.000000	0.000000	8.128420	-2.262340	21.002701	-13.628400	-0.164127	4.819970	0.000000	0.000000	0.000000	0.000000	0.000000	0.000000	-19.469999	-56.186501	68.209503	-90.976402	-11.565200	-118.157997	0.000000	0.000001	-0.000000	0.650695	-0.906142	0.010289	0.000000	-0.000000	0.000000
2.212281	-0.076344	0.895008	-5.067860	7.014320	0.620522	-0.368208	-8.182930	-0.770572	0.000000	-0.000000	-0.000000	-4.233470	14.201300	1.040440	6.239160	-21.139999	0.770367	0.000000	0.000000	0.000000	0.000000	0.000000	0.000155	0.000000	0.000000	0.000000	8.012070	-2.852690	18.047701	-13.384400	-0.568309	4.901450	0.000000	0.000000	0.000000	0.000000	0.000000	0.000000	-21.562700	-61.539501	66.888100	-58.631699	-8.704150	-14.903600	0.000002	0.000000	0.000000	0.351219	-1.080780	0.006623	0.000000	-0.000000	0.000000
2.543540	-0.277126	2.908600	-5.195070	7.595330	0.688485	-0.873714	-8.330990	-0.875866	-0.000000	-0.000000	-0.000000	-4.074560	14.985200	1.055200	5.384710	-21.807600	0.538330	0.000000	0.000000	0.000000	-0.000005	0.000000	-0.000115	0.000000	0.000000	0.000000	7.768040	-3.882860	11.869200	-13.426800	-1.273860	4.952300	0.000000	-0.000000	0.000001	0.000000	0.000000	0.000000	-28.461599	-60.328999	59.326698	-37.151600	-9.428710	-6.894170	0.000000	-0.000000	0.000000	0.140433	-1.201710	0.002943	-0.000000	0.000000	0.000000
2.346550	-0.099946	4.103342	-5.131240	6.930400	0.620801	-0.397373	-7.902860	-0.757272	-0.000000	-0.000000	0.000000	-3.613880	15.187700	0.947967	4.851090	-22.153500	0.514244	0.000000	-0.000000	0.000000	-0.000000	0.000000	-0.000000	0.000000	0.000000	0.000000	8.345530	-4.052980	10.029200	-14.199400	-2.214850	4.748820	-0.000000	-0.000000	-0.000000	0.000000	0.000000	0.000000	-25.282000	-54.532700	61.295502	-30.376600	-7.351860	-3.705060	-0.000000	0.000000	0.000000	-0.196330	-1.465200	-0.005022	0.000000	0.000000	0.000000
2.217300	-0.222618	5.034740	-4.529280	7.849920	0.619926	-0.737731	-9.351620	-0.851252	-0.000000	0.000000	-0.000000	-2.745540	15.326600	0.726285	4.075990	-21.955099	0.534033	-0.000000	0.000000	-0.000000	-0.000005	0.000000	0.000011	0.000000	0.000000	0.000000	8.583100	-4.229750	8.644300	-14.207100	-1.942490	4.846290	-0.000000	-0.000000	0.000001	0.000000	0.000000	0.000000	-22.838100	-48.850300	62.372700	-27.489500	-6.974590	-2.882320	-0.000000	-0.000000	0.000000	-0.443380	-1.608160	-0.012446	0.000000	-0.000000	0.000000
2.295480	-0.831295	5.498240	-4.434280	8.925950	0.689371	-0.596180	-9.879260	-0.855963	-0.000000	0.000000	0.000000	-2.667010	16.827600	0.772618	4.506510	-22.730101	0.755131	-0.000000	0.000000	-0.000000	0.000009	0.000039	0.000046	0.000000	0.000000	0.000000	8.628430	-3.483140	12.508000	-14.470400	-1.150660	4.827430	0.000000	0.000000	-0.000001	0.000000	0.000000	0.000000	-20.745399	-45.374199	63.644798	-25.245600	-6.771510	-2.424660	0.000000	-0.000000	0.000000	-0.639400	-1.745840	-0.019483	-0.000000	-0.000000	-0.000000
2.464340	-0.419191	5.519780	-4.204240	8.663230	0.634440	-1.743680	-10.408400	-1.069570	-0.000000	0.000000	0.000000	-3.221910	15.523800	0.863220	5.016630	-21.069500	0.687690	0.000000	-0.000000	0.000000	0.000008	0.000039	0.000129	0.000000	0.000000	0.000000	8.658950	-3.356550	13.187500	-14.342000	-0.955853	4.848680	0.000000	0.000000	0.000001	0.000000	0.000000	0.000000	-20.378700	-44.423000	63.762699	-25.853800	-6.233550	-2.175080	0.000001	-0.000000	0.000000	-0.266203	-1.579550	-0.007341	0.000000	0.000000	0.000000
2.834350	-0.496810	5.292350	-4.912920	8.228520	0.704850	-1.226230	-9.469980	-1.005440	0.000000	0.000000	-0.000000	-3.746700	16.260201	1.050480	5.069650	-22.541300	0.564752	0.000000	0.000000	0.000000	0.000000	-0.000000	-0.000022	0.000000	0.000000	0.000000	8.364480	-3.172380	14.586500	-13.755300	0.112840	5.044190	-0.000000	-0.000000	0.000000	0.000000	0.000000	0.000000	-22.914000	-45.988400	61.376499	-26.621901	-8.757240	-3.634950	-0.000000	-0.000000	-0.000000	-0.283771	-1.389650	-0.006883	-0.000000	0.000000	-0.000000
3.041690	-0.229155	5.201350	-5.578490	7.559130	0.736102	-0.670842	-8.144210	-0.881812	-0.000000	0.000000	-0.000000	-4.385610	16.069901	1.216150	5.819620	-22.460699	0.613553	0.000000	0.000000	0.000000	-0.000004	-0.000039	-0.000044	0.000000	0.000000	0.000000	8.168370	-2.990900	15.892500	-13.317000	0.451360	5.047820	0.000000	0.000000	0.000001	0.000000	0.000000	0.000000	-24.349501	-50.399300	61.110802	-29.330099	-8.101280	-3.934730	0.000000	0.000000	-0.000000	-0.454475	-1.495690	-0.011865	0.000000	0.000000	0.000001
2.692720	-0.265465	4.137290	-6.230010	7.437520	0.809551	0.918739	-8.402320	-0.770543	0.000000	-0.000000	-0.000000	-4.813340	15.814700	1.314610	6.891660	-22.106100	0.851179	-0.000000	0.000000	-0.000000	-0.000003	-0.000039	-0.000043	0.000000	0.000000	0.000000	8.153600	-2.521670	18.739901	-13.172300	0.435229	4.928560	0.000000	0.000000	0.000001	0.000000	0.000000	0.000000	-24.589001	-56.073399	62.361500	-36.450699	-6.992960	-4.703060	0.000000	0.000000	-0.000000	0.068837	-1.362010	0.001634	-0.000000	-0.000000	-0.000001
2.380820	-0.287678	3.215200	-5.588170	7.217380	0.704233	0.247264	-7.600970	-0.702564	-0.000000	0.000000	0.000000	-4.182390	15.459200	1.116650	6.454170	-22.068399	0.910917	0.000000	-0.000000	0.000000	0.000000	-0.000000	-0.000042	0.000000	0.000000	0.000000	8.190780	-2.029250	21.516899	-13.192600	0.218817	4.756950	0.000000	-0.000000	-0.000000	0.000000	0.000000	0.000000	-22.072100	-57.239899	65.371803	-58.162498	-8.064360	-13.358900	-0.000000	0.000000	-0.000000	0.309501	-1.367050	0.007382	0.000000	0.000000	0.000000
1.957270	-0.411109	2.026850	-5.162760	8.060400	0.725846	0.322814	-9.255600	-0.771993	-0.000000	-0.000000	-0.000000	-3.542890	15.997400	0.977572	5.803110	-22.904499	0.933566	-0.000000	-0.000001	0.000000	0.000000	0.000000	-0.000042	0.000000	0.000000	0.000000	8.856720	-1.130550	24.881100	-14.001200	-0.250191	4.510460	0.000000	-0.000000	0.000002	0.000000	0.000000	0.000000	-20.809401	-58.138302	67.021202	-78.219597	-10.036900	-51.742599	-0.000001	0.000000	-0.000001	0.522872	-1.314270	0.011991	-0.000000	-0.000000	0.000000
1.841100	-0.548471	1.662520	-4.475920	8.383030	0.653860	-0.306926	-9.371340	-0.772727	-0.000000	0.000000	-0.000000	-3.066300	15.319500	0.810866	5.413460	-21.296801	0.892534	0.000000	0.000000	0.000000	0.000000	0.000000	0.000007	0.000000	0.000000	0.000000	9.161530	-0.902405	25.361200	-14.333400	-0.342073	4.479060	-0.000000	-0.000000	0.000001	0.000000	0.000000	0.000000	-20.389200	-56.175098	67.165001	-98.442802	-11.494200	-142.132996	-0.000000	-0.000000	0.000000	0.334575	-1.326740	0.007745	-0.000000	-0.000000	-0.000000
1.930830	-0.017741	1.818020	-4.415970	7.604190	0.585513	-0.407399	-8.455900	-0.705163	0.000000	0.000000	-0.000000	-2.860090	14.602400	0.721640	4.870580	-20.743601	0.745101	-0.000000	-0.000000	0.000000	0.000000	0.000000	0.000021	0.000000	0.000000	0.000000	9.159630	-1.441550	22.887600	-14.688000	-1.085930	4.443550	-0.000000	-0.000000	0.000000	0.000000	0.000000	0.000000	-20.701300	-51.382401	65.797699	-118.653000	-12.186500	-164.097000	0.000000	0.000000	-0.000000	0.473366	-1.208450	0.009982	0.000000	0.000000	0.000000
1.792430	-0.378805	2.562970	-3.834450	7.840170	0.523838	-0.940488	-8.566320	-0.707492	0.000000	0.000000	-0.000000	-2.433590	15.162300	0.636899	4.519010	-21.031900	0.779141	0.000000	0.000000	-0.000000	0.000000	-0.000000	0.000003	0.000000	0.000000	0.000000	8.821530	-1.771920	21.708700	-13.943300	-0.351683	4.648870	0.000000	0.000000	-0.000000	0.000000	0.000000	0.000000	-19.573799	-40.969501	63.924500	-136.171997	-11.243700	-172.710007	0.000000	0.000000	0.000000	0.273930	-1.821390	0.008704	0.000000	0.000000	-0.000000
2.537759	0.032394	3.865420	-4.888410	7.807710	0.665684	-0.937020	-9.250470	-0.932236	-0.000000	-0.000000	0.000000	-3.601430	14.623200	0.910365	4.781180	-20.522800	0.454585	0.000000	0.000000	0.000000	0.000000	-0.000000	0.000013	0.000000	0.000000	0.000000	7.851290	-3.141720	15.832600	-13.128400	0.012282	5.001350	-0.000000	-0.000000	-0.000000	0.000000	0.000000	0.000000	-21.434601	-35.115700	58.907600	-143.442001	-11.778100	-174.686996	-0.000000	0.000000	0.000001	0.468267	-1.988400	0.016244	-0.000000	0.000000	-0.000000
2.451200	-0.288678	3.085030	-5.503070	7.469570	0.717579	0.134056	-8.024250	-0.745049	-0.000000	-0.000000	0.000000	-4.495730	16.101000	1.249200	6.430440	-22.373699	0.803972	-0.000000	-0.000000	0.000000	0.000000	-0.000000	0.000030	0.000000	0.000000	0.000000	7.831890	-2.763680	18.184200	-13.109200	0.456042	5.006550	-0.000000	-0.000000	0.000000	0.000000	0.000000	0.000000	-21.358000	-36.141998	59.611401	-138.884995	-14.110400	-171.707993	-0.000000	0.000000	0.000001	0.677514	-1.885110	0.022286	-0.000000	-0.000000	0.000000
2.491340	-0.471733	1.779430	-5.599320	7.388320	0.722311	0.274915	-7.067410	-0.651187	0.000000	0.000000	0.000000	-4.428680	17.008301	1.297830	6.144740	-24.253700	0.784837	0.000000	-0.000000	0.000000	-0.000000	0.000000	-0.000004	0.000000	0.000000	0.000000	7.399510	-2.210730	22.568600	-12.536400	0.825837	4.878700	0.000000	-0.000000	-0.000000	0.000000	0.000000	0.000000	-22.375000	-43.736099	61.662899	-122.511002	-16.571400	-161.389008	0.000000	0.000001	-0.000001	0.655969	-1.602430	0.018342	0.000000	0.000000	-0.000000
2.538360	-0.493427	0.337396	-6.097730	7.720840	0.822272	0.548913	-7.854150	-0.752951	0.000000	0.000000	-0.000000	-5.167230	15.722900	1.403790	6.796280	-22.393299	0.694618	0.000000	0.000000	-0.000000	0.000000	-0.000000	-0.000031	0.000000	0.000000	0.000000	7.721130	-2.040880	23.237200	-12.228700	1.015650	4.952850	-0.000000	0.000000	-0.000000	0.000000	0.000000	0.000000	-21.604300	-53.994598	65.549301	-98.468201	-16.356800	-131.684006	-0.000000	-0.000000	0.000001	0.645950	-1.576500	0.017770	0.000000	0.000000	0.000000
2.272110	-0.391622	0.288582	-5.901410	7.891390	0.813073	0.575532	-8.460100	-0.777454	0.000000	0.000000	-0.000000	-4.678110	14.527800	1.175970	6.353500	-20.497499	0.639313	-0.000000	0.000000	-0.000000	0.000000	-0.000000	0.000006	0.000000	0.000000	0.000000	7.319490	-2.757720	20.035000	-11.423200	0.586840	5.028060	0.000000	-0.000000	-0.000000	0.000000	0.000000	0.000000	-22.247000	-59.401901	65.896698	-72.649200	-13.422000	-43.483299	0.000000	0.000000	-0.000000	0.513311	-1.323930	0.011858	-0.000000	0.000000	0.000000
2.169560	-0.257541	0.314979	-5.274620	7.982800	0.734565	-0.285851	-9.293590	-0.892396	0.000000	0.000000	-0.000000	-4.393790	13.270400	1.010470	6.584320	-18.531799	0.733910	-0.000000	0.000000	-0.000000	-0.000005	0.000000	0.000021	0.000000	0.000000	0.000000	7.824950	-3.104880	17.003000	-12.078100	-0.366729	5.006670	-0.000000	0.000000	-0.000001	0.000000	0.000000	0.000000	-22.598801	-63.095501	66.098900	-46.328602	-9.106260	-9.606030	-0.000000	-0.000000	0.000000	0.397001	-1.406600	0.009743	-0.000000	0.000000	0.000000
1.880862	-0.784741	1.581410	-4.164250	7.931010	0.575592	-1.363800	-8.114530	-0.777007	0.000000	-0.000000	-0.000000	-3.412070	14.642100	0.863479	5.811750	-20.030500	0.860398	-0.000000	-0.000000	-0.000000	-0.000005	0.000000	-0.000047	0.000000	0.000000	0.000000	8.326500	-3.781400	11.984400	-12.531400	-0.830201	5.091070	0.000000	-0.000000	-0.000000	0.000000	0.000000	0.000000	-23.055401	-58.846600	64.820602	-33.228401	-7.534370	-4.482070	0.000000	0.000000	0.000000	0.125245	-1.563720	0.003416	0.000000	-0.000000	0.000000
1.913740	-0.948498	2.501460	-3.785780	8.580990	0.565727	-1.681490	-8.459590	-0.800410	0.000000	0.000000	0.000000	-2.894930	16.120001	0.804480	5.056240	-21.756800	0.843704	-0.000000	-0.000000	-0.000000	-0.000000	0.000000	0.000116	0.000000	0.000000	0.000000	8.751730	-4.087570	9.629960	-13.311000	-1.232140	5.065750	-0.000000	0.000000	0.000000	0.000000	0.000000	0.000000	-20.708500	-52.584000	65.984497	-29.548700	-5.689550	-2.455940	-0.000000	0.000000	0.000000	0.118773	-1.663590	0.003445	-0.000000	0.000000	0.000000
2.157070	-0.691967	2.827160	-3.997910	7.916820	0.551503	-1.632870	-7.938580	-0.774834	0.000000	0.000000	-0.000000	-3.106870	16.351400	0.875445	5.006250	-22.907600	0.788526	0.000000	0.000000	-0.000000	-0.000002	-0.000040	-0.000079	0.000000	0.000000	0.000000	8.683000	-3.929200	10.534700	-13.581500	-1.383050	4.977610	0.000000	0.000001	-0.000001	0.000000	0.000000	0.000000	-19.658701	-48.400299	66.100800	-27.479000	-6.519300	-2.582130	0.000000	0.000000	-0.000000	0.096628	-1.475440	0.002486	-0.000000	0.000000	-0.000000
1.932850	-0.651960	2.850061	-3.978090	7.391000	0.512563	-1.436230	-6.982020	-0.656042	0.000000	0.000000	-0.000000	-2.811760	15.855200	0.768788	4.561800	-21.880400	0.692260	-0.000000	0.000000	-0.000000	-0.000000	-0.000000	0.000017	0.000000	0.000000	0.000000	8.590260	-3.661980	12.112000	-13.151200	-0.885425	5.024080	-0.000000	-0.000000	-0.000001	0.000000	0.000000	0.000000	-18.610500	-46.800098	66.876999	-26.477600	-8.168610	-3.403610	0.000000	0.000000	-0.000000	-0.094011	-1.438730	-0.002363	-0.000000	-0.000000	0.000000
2.043730	-0.565302	2.188760	-4.399010	7.620320	0.584485	-0.715755	-7.741040	-0.685470	-0.000000	0.000000	0.000000	-3.044830	16.723200	0.876928	4.889490	-23.876900	0.799070	0.000000	-0.000001	0.000000	0.000005	-0.000000	-0.000007	0.000000	0.000000	0.000000	9.085080	-2.849220	15.954200	-13.454000	0.561430	5.214490	0.000000	-0.000000	0.000000	0.000000	0.000000	0.000000	-18.139999	-47.994598	67.818901	-29.013399	-9.234650	-4.588120	-0.000000	-0.000000	0.000000	-0.043628	-1.564170	-0.001193	-0.000000	0.000000	-0.000000
2.131290	-0.689798	1.363200	-3.986380	8.172220	0.567570	-2.040780	-8.398700	-0.877549	0.000000	0.000000	-0.000000	-3.302890	16.600901	0.944633	4.964100	-23.207899	0.709103	-0.000000	0.000000	-0.000000	0.000000	0.000000	0.000025	0.000000	0.000000	0.000000	10.133600	-1.900740	19.114799	-15.441200	1.478170	5.394800	-0.000000	0.000000	-0.000001	0.000000	0.000000	0.000000	-17.912701	-52.712299	69.235298	-32.294498	-7.878610	-4.531660	0.000000	0.000000	-0.000000	0.077454	-1.760650	0.002377	-0.000000	0.000000	-0.000000
2.278890	-0.699144	0.076717	-4.494500	8.295500	0.649778	-1.807760	-8.437050	-0.921368	0.000000	0.000000	0.000000	-3.533820	15.716000	0.958354	4.527000	-22.001499	0.421641	-0.000000	0.000001	-0.000000	0.000000	-0.000000	-0.000017	0.000000	0.000000	0.000000	10.769900	-0.818488	22.996300	-17.184999	2.061860	5.499650	-0.000000	-0.000000	0.000000	0.000000	0.000000	0.000000	-14.921800	-55.992001	73.263298	-44.675098	-7.112950	-6.851910	0.000000	0.000000	0.000000	0.583881	-1.580810	0.016106	0.000000	-0.000000	0.000000
2.316971	-0.971128	-0.990993	-4.426590	8.823340	0.680322	-2.358050	-8.734850	-1.026990	-0.000000	-0.000000	0.000000	-3.813100	15.424000	1.015540	5.145900	-20.782000	0.521765	-0.000000	0.000000	0.000000	-0.000005	-0.000000	-0.000001	0.000000	0.000000	0.000000	10.857800	0.282306	27.372400	-17.268900	2.343110	5.362960	-0.000000	-0.000000	-0.000000	0.000000	0.000000	0.000000	-13.369700	-57.508598	75.287804	-65.646004	-8.232950	-19.587700	0.000001	-0.000000	0.000000	0.559199	-1.556390	0.015187	0.000000	-0.000000	-0.000000
2.583210	-0.795471	-1.295640	-4.980700	8.419110	0.731055	-1.941210	-8.293830	-0.995406	-0.000000	0.000000	-0.000000	-4.312160	15.617900	1.162990	5.094710	-21.903799	0.351427	0.000000	-0.000000	-0.000000	0.000000	-0.000000	-0.000042	0.000000	0.000000	0.000000	10.853900	0.329491	27.631800	-17.638599	1.626070	5.163550	-0.000000	0.000000	-0.000001	0.000000	0.000000	0.000000	-15.160000	-58.677399	73.521599	-85.653297	-11.126900	-92.039200	-0.000000	-0.000000	0.000000	0.616439	-1.380150	0.014846	0.000000	-0.000000	0.000000
2.730960	-1.184570	-1.213790	-5.417270	9.084530	0.857848	-1.515540	-8.206100	-0.984453	0.000000	-0.000000	0.000000	-4.435450	16.307400	1.247750	4.773470	-22.042000	0.193923	0.000000	-0.000000	-0.000000	-0.000000	0.000000	0.000015	0.000000	0.000000	0.000000	10.737000	0.519349	28.513700	-18.756201	1.736670	5.191320	-0.000000	0.000000	-0.000001	0.000000	0.000000	0.000000	-17.856400	-55.287201	70.069000	-106.724998	-14.326800	-149.979996	0.000000	-0.000001	-0.000001	0.554368	-1.608470	0.015559	0.000000	0.000000	-0.000000
1.695500	-0.082974	0.865461	-4.302870	7.819690	0.586527	-1.019170	-7.510300	-0.692315	0.000000	0.000000	-0.000000	-2.977770	15.190000	0.780918	4.990070	-21.492399	0.775682	0.000000	0.000000	-0.000000	0.000005	-0.000000	0.000014	0.000000	0.000000	0.000000	10.593700	-1.548900	20.028200	-17.752001	-0.358213	4.893140	-0.000000	-0.000000	0.000000	0.000000	0.000000	0.000000	-22.163799	-45.613201	62.651501	-130.925995	-11.385200	-171.115997	0.000000	0.000000	-0.000002	3.048530	-2.070840	0.110260	0.000000	-0.000000	0.000000
1.982911	-0.060747	1.723810	-4.373580	7.352480	0.560785	-0.987687	-7.142090	-0.663984	-0.000000	0.000000	0.000000	-2.824470	16.104900	0.784113	4.221570	-22.964300	0.588452	-0.000000	-0.000000	0.000000	-0.000000	0.000000	0.000014	0.000000	0.000000	0.000000	10.374100	-2.784690	14.651300	-17.196600	-0.357393	5.137510	-0.000000	0.000000	-0.000001	0.000000	0.000000	0.000000	-21.656799	-37.296600	59.963100	-145.177994	-10.302900	-176.126999	-0.000000	-0.000000	-0.000000	1.393500	-1.505090	0.036606	-0.000000	0.000000	0.000000
2.126261	-0.323169	2.039640	-4.536930	7.346420	0.581337	-0.873853	-6.480760	-0.608272	-0.000000	-0.000000	0.000000	-3.065840	16.218201	0.857056	4.262770	-22.683399	0.508715	-0.000000	-0.000000	0.000000	0.000005	-0.000000	-0.000022	0.000000	0.000000	0.000000	9.969820	-3.277390	12.668800	-16.626699	-0.073097	5.290560	0.000000	0.000000	0.000000	0.000000	0.000000	0.000000	-21.646799	-32.612499	57.558998	-147.479004	-10.671300	-176.645004	-0.000000	-0.000000	0.000000	0.899323	-1.402730	0.022015	0.000000	0.000000	0.000000
2.466470	-1.120440	-0.009530	-5.382430	8.911760	0.836225	-1.155250	-7.699210	-0.870791	0.000000	0.000000	0.000000	-4.857780	16.487801	1.381770	6.412840	-21.084499	0.631586	0.000000	0.000000	-0.000000	0.000005	0.000000	-0.000020	0.000000	0.000000	0.000000	9.760340	-1.798040	20.333300	-16.484301	1.407790	5.401150	-0.000000	-0.000000	0.000001	0.000000	0.000000	0.000000	-20.334999	-36.758999	61.591801	-138.317993	-14.121300	-171.669006	-0.000000	0.000000	0.000002	0.818624	-1.411110	0.020158	-0.000000	0.000000	-0.000000
2.681669	-1.340820	-1.141020	-5.635490	9.089260	0.893078	-1.202500	-7.329960	-0.867338	-0.000000	0.000000	-0.000000	-5.183290	16.739100	1.496630	6.353270	-22.245800	0.526353	0.000000	-0.000000	-0.000000	0.000005	0.000000	-0.000042	0.000000	0.000000	0.000000	9.568300	-1.266360	23.380800	-16.630100	1.653850	5.359390	-0.000000	-0.000000	0.000001	0.000000	0.000000	0.000000	-20.134399	-46.019199	65.352798	-118.292000	-15.779800	-159.451996	-0.000000	0.000000	0.000001	0.726743	-1.276970	0.016195	-0.000000	-0.000000	0.000000
2.624020	-1.449870	-1.325900	-6.473910	9.681890	1.093310	-0.126614	-8.026310	-0.912551	0.000000	0.000000	0.000000	-5.865850	16.024099	1.624490	7.110300	-20.149099	0.507505	-0.000000	-0.000000	0.000000	0.000005	0.000000	0.000005	0.000000	0.000000	0.000000	9.337900	-1.658170	22.024799	-15.654000	1.301120	5.294490	0.000000	-0.000000	-0.000000	0.000000	0.000000	0.000000	-20.942101	-53.377800	66.317101	-92.771896	-15.336700	-118.007004	0.000000	-0.000000	0.000000	0.688378	-1.426810	0.017139	-0.000000	0.000000	0.000000
2.507380	-1.090690	-1.773160	-6.067770	8.915870	0.943867	-0.338628	-7.720570	-0.854192	0.000000	0.000000	-0.000000	-5.697200	15.998600	1.575050	7.380470	-21.590300	0.701033	-0.000000	0.000000	0.000000	0.000000	-0.000000	0.000005	0.000000	0.000000	0.000000	9.353190	-1.733480	21.788401	-16.004101	-0.199565	4.920580	0.000000	0.000000	0.000001	0.000000	0.000000	0.000000	-19.565399	-60.096401	69.052399	-61.273201	-10.383600	-19.629000	0.000001	0.000000	-0.000000	0.751064	-1.365310	0.017895	-0.000000	-0.000000	0.000000
2.421610	-1.206820	-0.835713	-5.765470	9.070140	0.911904	-0.307920	-7.828000	-0.820299	0.000000	0.000000	0.000000	-5.188450	15.919900	1.426790	6.957920	-21.316099	0.715969	-0.000000	-0.000000	0.000000	-0.000005	-0.000000	-0.000041	0.000000	0.000000	0.000000	9.564250	-2.415040	17.887100	-16.132000	-0.843248	4.899440	0.000000	-0.000000	0.000000	0.000000	0.000000	0.000000	-21.889700	-60.369099	66.546204	-38.229599	-7.901930	-5.732680	-0.000000	0.000000	-0.000000	0.037926	-1.433980	0.000947	-0.000000	0.000000	0.000000
2.457570	-0.857771	0.424558	-5.290750	9.216630	0.849775	-1.038640	-8.742630	-0.955363	-0.000000	0.000000	-0.000000	-4.375680	15.824900	1.195420	5.618230	-20.882500	0.502194	0.000000	0.000000	-0.000000	0.000000	-0.000000	-0.000049	0.000000	0.000000	0.000000	9.949350	-2.767820	15.411900	-17.064199	-1.999850	4.623470	-0.000000	-0.000001	0.000001	0.000000	0.000000	0.000000	-19.478901	-54.101601	67.875702	-31.366199	-5.648790	-2.625720	0.000000	0.000000	-0.000000	0.145335	-1.155910	0.002930	0.000000	-0.000000	-0.000000
2.152930	-1.248890	1.435260	-4.706310	9.009160	0.738607	-1.079990	-7.370690	-0.737278	0.000000	0.000000	-0.000000	-3.393520	16.810900	0.982535	5.161120	-21.579399	0.703697	0.000000	0.000000	-0.000000	0.000005	-0.000000	0.000033	0.000000	0.000000	0.000000	10.218000	-2.831200	14.559000	-17.210800	-1.735630	4.696990	0.000000	-0.000000	-0.000001	0.000000	0.000000	0.000000	-19.344900	-48.010201	66.510101	-28.656300	-6.389720	-2.538170	0.000000	0.000000	-0.000000	-0.124048	-1.380630	-0.002991	-0.000000	0.000000	-0.000000
2.104760	-1.515660	1.914860	-4.435900	9.672190	0.746743	-1.116440	-8.337680	-0.798371	-0.000000	0.000000	0.000000	-3.172020	17.073700	0.932202	4.768650	-21.128700	0.626106	-0.000000	0.000000	-0.000000	0.000000	-0.000000	-0.000027	0.000000	0.000000	0.000000	10.386800	-2.415080	16.158501	-17.219400	-0.411563	5.005530	-0.000000	0.000000	0.000000	0.000000	0.000000	0.000000	-17.196501	-45.173801	68.201500	-26.568600	-4.628160	-1.286510	0.000001	0.000001	-0.000000	-0.074163	-1.685400	-0.002184	-0.000000	-0.000000	-0.000000
1.921570	-1.523960	2.051330	-4.250300	9.759990	0.721818	-1.282720	-8.499550	-0.811106	0.000000	-0.000000	0.000000	-3.235500	18.243099	1.013870	5.180110	-23.126101	0.827977	0.000000	0.000000	-0.000000	-0.000000	-0.000000	0.000032	0.000000	0.000000	0.000000	10.478700	-1.804300	18.717501	-16.258301	0.806574	5.195570	0.000000	-0.000000	0.000000	0.000000	0.000000	0.000000	-16.959900	-44.287998	68.220398	-27.180599	-5.104650	-1.618230	0.000000	0.000000	-0.000000	-0.317190	-1.743480	-0.009653	0.000000	0.000000	0.000000
1.637330	-1.187200	2.097810	-3.894460	9.031320	0.612264	-1.270400	-7.906410	-0.705655	-0.000000	0.000000	0.000000	-2.490620	17.402100	0.745337	4.217400	-22.898399	0.716451	-0.000000	0.000000	-0.000000	0.000000	-0.000000	-0.000000	0.000000	0.000000	0.000000	10.618700	-1.912910	18.072100	-15.507200	1.819300	5.489100	0.000000	0.000000	-0.000001	0.000000	0.000000	0.000000	-19.184099	-46.136398	66.104103	-28.523100	-7.563890	-3.230400	0.000000	-0.000000	0.000000	-0.399865	-1.736390	-0.012119	0.000000	-0.000000	0.000000
1.683810	-1.327930	1.712280	-4.178360	9.169160	0.666988	-1.043580	-7.678070	-0.692399	0.000000	-0.000000	-0.000000	-2.970030	18.353600	0.935985	4.781700	-23.983299	0.798077	0.000000	-0.000000	-0.000000	0.000000	-0.000000	-0.000005	0.000000	0.000000	0.000000	10.807700	-1.372760	20.165501	-15.027600	3.144120	5.710220	0.000000	0.000000	0.000000	0.000000	0.000000	0.000000	-20.034500	-51.200100	66.493202	-28.914400	-6.261210	-2.646060	-0.000000	-0.000000	0.000000	-0.403922	-1.967990	-0.013874	0.000000	0.000000	0.000000
1.850790	-1.292780	0.397369	-4.121930	9.305950	0.667679	-1.602610	-8.115460	-0.803037	0.000000	0.000000	-0.000000	-2.929450	17.076300	0.860930	4.380780	-21.747400	0.585724	-0.000000	-0.000000	0.000000	0.000005	-0.000000	0.000040	0.000000	0.000000	0.000000	10.639300	-0.501229	24.313101	-15.075400	3.424960	5.604470	-0.000000	0.000000	0.000000	0.000000	0.000000	0.000000	-18.016701	-56.640099	69.939301	-38.432800	-5.450020	-3.709420	0.000000	-0.000000	0.000000	0.171522	-2.047990	0.006127	0.000000	0.000000	0.000000
2.008990	-1.451440	-0.411336	-4.773810	9.704790	0.806558	-0.987372	-8.187810	-0.813381	-0.000000	-0.000000	0.000000	-3.881540	17.562700	1.172910	5.884260	-22.823299	0.847435	-0.000000	0.000000	0.000000	0.000000	-0.000000	-0.000024	0.000000	0.000000	0.000000	10.358700	-0.056796	26.799101	-15.263100	3.258570	5.458590	0.000000	0.000000	-0.000001	0.000000	0.000000	0.000000	-16.733500	-58.949902	71.760803	-58.703499	-8.120140	-13.831100	-0.000000	-0.000000	0.000000	0.325038	-2.041280	0.011575	-0.000000	0.000000	0.000000
1.799840	-0.581174	-0.800080	-4.254140	8.503810	0.630226	-1.469590	-7.416050	-0.735110	0.000000	0.000000	0.000000	-3.701060	16.104000	1.027950	5.846640	-21.786501	0.850667	0.000000	-0.000000	0.000000	-0.000005	-0.000000	-0.000010	0.000000	0.000000	0.000000	10.981000	-0.677654	23.318899	-16.386000	0.381092	4.967020	-0.000000	-0.000000	0.000001	0.000000	0.000000	0.000000	-17.242901	-59.738499	71.377602	-79.473801	-11.348500	-60.586102	0.000001	0.000001	0.000001	0.540144	-1.288260	0.012142	-0.000000	0.000000	0.000000
1.811330	-0.531331	-0.552390	-4.060400	8.210310	0.580821	-1.768610	-7.187770	-0.726564	-0.000000	0.000000	0.000000	-3.133750	14.826900	0.802697	4.687160	-19.739300	0.560033	-0.000000	-0.000000	0.000000	-0.000000	0.000000	-0.000014	0.000000	0.000000	0.000000	10.856100	-0.781119	23.052900	-17.341700	-0.850918	4.612720	-0.000000	-0.000000	-0.000000	0.000000	0.000000	0.000000	-22.634001	-58.358101	65.408600	-101.185997	-15.382400	-139.550995	-0.000000	-0.000000	0.000000	0.364848	-1.209790	0.007701	0.000000	-0.000000	0.000000
1.793070	-0.908551	0.635658	-4.375520	9.575070	0.729217	-0.714768	-8.530940	-0.747944	-0.000000	0.000000	0.000000	-2.838430	16.260201	0.795387	4.493100	-21.253000	0.641132	-0.000000	-0.000000	-0.000000	0.000000	0.000000	0.000050	0.000000	0.000000	0.000000	10.673100	-1.453500	20.240900	-17.731899	-0.769676	4.734530	-0.000000	0.000000	0.000000	0.000000	0.000000	0.000000	-21.993200	-48.474499	63.729900	-124.642998	-15.185900	-164.238007	0.000000	-0.000001	-0.000002	0.445989	-1.590790	0.012379	-0.000000	0.000000	-0.000000
1.625890	-0.582734	2.210250	-4.073310	8.869700	0.629104	-0.727730	-7.815990	-0.647740	-0.000000	-0.000000	0.000000	-2.709100	16.936800	0.789774	5.085620	-22.633900	0.960319	0.000000	-0.000000	-0.000000	0.000000	-0.000000	-0.000045	0.000000	0.000000	0.000000	10.158900	-3.012220	13.628800	-16.910999	-1.430310	4.806910	0.000000	0.000000	0.000000	0.000000	0.000000	0.000000	-22.670500	-38.426601	59.166100	-142.395996	-11.433700	-174.748001	-0.000000	-0.000000	0.000000	0.578346	-1.775370	0.017915	0.000000	-0.000000	-0.000000
