1.237970	-1.873520	-2.235800	-2.903980	12.029900	0.605754	0.772224	-11.892500	-0.426333	-0.000000	0.000000	-0.000000	-2.613890	17.203199	0.773584	4.978850	-23.785999	1.001560	-0.000000	-0.000000	-0.000000	-0.000000	-0.000000	-0.000001	0.000000	0.000000	0.000000	10.930800	-0.153168	25.576500	-14.374800	3.652400	5.641520	0.000000	0.000000	-0.000000	0.000000	0.000000	0.000000	-13.097700	-56.963001	75.678596	-46.981998	-2.531400	-1.628070	0.000001	-0.000000	0.000000	0.652472	-1.564810	0.017818	-0.000000	0.000000	0.000000
1.231180	-0.069359	-3.582570	-2.951010	10.629700	0.544818	0.893152	-13.207600	-0.458785	0.000000	-0.000000	0.000000	-2.844220	13.544300	0.666630	5.656960	-20.722799	1.024040	-0.000000	0.000000	0.000000	-0.000000	-0.000000	-0.000055	0.000000	0.000000	0.000000	11.831100	-0.189776	24.246300	-16.985500	0.868130	5.210650	-0.000000	-0.000000	-0.000000	0.000000	0.000000	0.000000	-10.177100	-57.733398	79.134201	-56.371300	-1.953960	-1.630040	0.000000	0.000000	0.000000	0.607257	-0.899118	0.009529	-0.000000	0.000000	0.000000
0.472690	0.574964	-4.639610	-1.045000	10.301600	0.186901	-0.018556	-13.833200	-0.250295	-0.000000	-0.000000	-0.000000	-1.066940	12.857700	0.237459	4.970160	-21.459499	1.439700	0.000000	-0.000000	-0.000000	0.000000	0.000000	0.000036	0.000000	0.000000	0.000000	13.050900	-0.261017	22.300501	-17.200100	-0.639897	4.925480	0.000000	-0.000000	0.000000	0.000000	0.000000	0.000000	-7.840970	-57.966702	81.866302	-72.491402	-2.301400	-6.006280	0.000001	-0.000000	-0.000000	0.621137	-0.714992	0.007751	0.000000	-0.000000	0.000000
0.402339	-0.809262	-4.335300	-0.670027	11.151200	0.129593	-0.375457	-13.039800	-0.233065	-0.000000	-0.000000	-0.000000	-0.705930	14.055100	0.171453	4.472230	-21.616600	1.397020	0.000000	0.000000	0.000000	-0.000000	0.000000	0.000001	0.000000	0.000000	0.000000	12.876800	-0.116450	22.913900	-16.911699	0.104864	5.073870	-0.000000	-0.000000	-0.000000	0.000000	0.000000	0.000000	-10.199600	-57.822201	79.224503	-92.935600	-6.317030	-145.307007	0.000000	-0.000000	0.000000	0.587027	-0.934108	0.009571	-0.000000	0.000000	0.000000
0.617570	-0.439803	-3.445080	-0.893772	10.765000	0.166957	-0.695742	-12.202800	-0.332739	-0.000000	-0.000000	0.000000	-1.021110	14.052400	0.247965	4.353080	-21.376499	1.226840	0.000000	-0.000000	0.000000	-0.000000	0.000000	-0.000011	0.000000	0.000000	0.000000	12.598100	-1.438610	18.273100	-16.522600	-0.298461	5.147310	0.000000	0.000000	-0.000001	0.000000	0.000000	0.000000	-14.416800	-54.045799	73.978500	-116.918999	-9.463700	-167.184006	-0.000000	-0.000000	-0.000001	0.589404	-0.917365	0.009437	0.000000	-0.000000	0.000000
0.548217	-0.357564	-0.413436	-0.235260	10.406000	0.042498	-1.273050	-11.962100	-0.311890	0.000000	0.000000	-0.000000	0.024016	14.444100	-0.005984	2.783600	-22.263399	1.064140	0.000000	-0.000000	0.000000	0.000000	0.000000	0.000029	0.000000	0.000000	0.000000	11.947900	-4.101100	7.543330	-15.365800	-0.157103	5.511620	-0.000000	-0.000000	-0.000000	0.000000	0.000000	0.000000	-19.651100	-44.998901	65.574303	-138.261002	-9.195430	-175.031006	-0.000000	-0.000000	-0.000001	1.440920	-1.177680	0.029621	0.000000	-0.000000	0.000000
-1.708330	1.589640	0.976420	1.595220	7.739570	-0.214881	-1.128040	-11.585600	0.090903	-0.000000	-0.000000	-0.000000	1.646320	13.133700	-0.374176	3.739070	-22.847700	2.079440	-0.000000	-0.000000	0.000000	-0.000000	0.000000	-0.000044	0.000000	0.000000	0.000000	11.365200	-6.279330	-2.056510	-11.768100	-1.600920	5.405750	-0.000000	0.000000	0.000000	0.000000	0.000000	0.000000	-24.337799	-38.619801	57.468201	-147.570007	-6.283650	-179.095993	0.000000	-0.000000	0.000000	6.674880	-4.260620	0.498141	0.000000	-0.000000	-0.000000
-1.115450	2.110750	-0.471028	2.189310	6.880900	-0.262415	-1.997040	-12.059700	0.036870	-0.000000	0.000000	-0.000000	2.428570	11.674500	-0.491705	2.427720	-21.808599	1.789080	-0.000000	-0.000001	0.000000	0.000000	-0.000000	-0.000020	0.000000	0.000000	0.000000	10.324100	-6.106670	-1.395700	-11.455500	-1.539570	5.440710	-0.000000	-0.000000	-0.000000	0.000000	0.000000	0.000000	-23.801901	-40.194599	58.959801	-141.772995	-7.810080	-177.311996	-0.000000	-0.000000	0.000000	5.885050	-3.184060	0.328026	-0.000000	0.000000	0.000000
0.671747	0.722215	-1.568220	-1.490680	9.223400	0.238988	0.273200	-13.222300	-0.274107	-0.000000	-0.000000	-0.000000	-1.265580	12.711500	0.278528	4.678280	-21.486700	1.262690	0.000000	-0.000000	-0.000000	-0.000005	-0.000000	0.000004	0.000000	0.000000	0.000000	9.666510	-4.347520	7.898940	-11.997700	0.373012	5.597180	-0.000000	-0.000000	0.000000	0.000000	0.000000	0.000000	-22.915100	-48.189701	62.890999	-123.946999	-10.612700	-169.587997	-0.000000	0.000000	-0.000000	2.472810	-1.772400	0.076529	-0.000000	0.000000	0.000000
1.310780	-0.233074	-1.893070	-3.069020	9.678820	0.516461	1.251570	-11.887900	-0.365498	0.000000	0.000000	-0.000000	-2.848530	13.655700	0.673026	5.423840	-21.588400	0.977805	0.000000	-0.000001	-0.000000	-0.000005	-0.000000	-0.000003	0.000000	0.000000	0.000000	8.642070	-4.350720	8.582670	-10.878200	1.716180	5.804560	0.000000	0.000000	0.000000	0.000000	0.000000	0.000000	-22.059299	-55.171902	65.567802	-99.529602	-9.815420	-150.126007	0.000000	-0.000000	0.000000	1.349050	-1.678590	0.039524	0.000000	0.000000	0.000000
1.248970	-0.985933	-2.961581	-3.285910	11.181300	0.637862	1.261620	-12.697100	-0.431370	0.000000	-0.000000	-0.000000	-3.153740	14.396900	0.784883	5.552950	-21.211800	0.904437	-0.000000	0.000000	0.000000	-0.000005	-0.000000	-0.000020	0.000000	0.000000	0.000000	9.640130	-2.855110	15.800000	-12.780500	1.440740	5.571510	-0.000000	0.000000	-0.000000	0.000000	0.000000	0.000000	-16.899401	-58.965401	71.894600	-72.252197	-6.802830	-22.747801	-0.000001	0.000000	-0.000001	0.931813	-1.653760	0.026893	0.000000	-0.000000	0.000000
0.520986	-1.112650	-3.173160	-1.685580	11.048200	0.323111	0.516224	-11.813200	-0.233030	0.000000	0.000000	-0.000000	-1.650460	14.460100	0.412243	5.196480	-20.871201	1.283430	-0.000000	0.000001	-0.000000	-0.000000	-0.000000	-0.000014	0.000000	0.000000	0.000000	11.006500	-2.602380	15.296200	-13.639400	1.241910	5.597060	0.000000	-0.000000	-0.000000	0.000000	0.000000	0.000000	-22.313000	-59.247002	66.224197	-43.066799	-10.501800	-9.215660	0.000000	0.000000	-0.000000	0.435362	-1.610330	0.012234	0.000000	-0.000000	0.000000
0.296225	-0.934139	-1.828760	-0.278103	10.945800	0.052811	-1.313930	-12.237900	-0.336478	0.000000	-0.000000	-0.000000	-0.482100	14.473500	0.120500	4.001190	-21.283600	1.284330	-0.000000	-0.000000	0.000000	-0.000000	-0.000000	0.000033	0.000000	0.000000	0.000000	11.174100	-3.321990	11.708400	-14.090300	-0.913488	5.174420	0.000000	0.000000	0.000000	0.000000	0.000000	0.000000	-18.286301	-50.002201	68.653503	-36.624001	-8.254200	-5.125440	-0.000000	-0.000000	-0.000000	0.206953	-1.610160	0.005815	0.000000	-0.000000	-0.000000
0.171402	-1.021240	-1.039090	-0.326558	10.511400	0.059579	-0.338583	-11.475300	-0.131246	0.000000	0.000000	-0.000000	0.147828	15.242300	-0.038859	3.396480	-22.362000	1.347940	-0.000000	-0.000000	-0.000000	0.000000	0.000000	0.000000	0.000000	0.000000	0.000000	10.486300	-3.629990	10.760000	-12.219500	-1.122000	5.126690	-0.000000	0.000000	-0.000000	0.000000	0.000000	0.000000	-14.986500	-43.699799	70.927299	-30.299700	-4.995110	-1.666190	-0.000000	0.000000	0.000000	-0.096328	-1.780920	-0.002995	-0.000000	0.000000	0.000000
0.058172	-1.685280	-0.368781	-0.253350	11.736800	0.051541	-0.177452	-12.848900	-0.094631	-0.000000	0.000000	0.000000	0.209556	15.802100	-0.057059	3.656420	-21.923300	1.442330	0.000000	-0.000001	-0.000000	-0.000000	-0.000000	0.000033	0.000000	0.000000	0.000000	9.957480	-3.256250	12.950800	-12.185100	-1.063350	5.010890	-0.000000	-0.000000	-0.000000	0.000000	0.000000	0.000000	-13.013000	-38.310398	71.858101	-29.076500	-3.347350	-0.487992	0.000001	0.000000	-0.000000	-0.446544	-1.837490	-0.014319	-0.000000	0.000000	-0.000000
0.338736	-1.346590	-0.217732	-0.818302	11.313700	0.160550	-0.130084	-12.334200	-0.199213	0.000000	0.000000	0.000000	-0.337451	15.787800	0.091819	3.658080	-22.383699	1.270590	0.000000	-0.000001	0.000000	0.000000	-0.000000	-0.000032	0.000000	0.000000	0.000000	9.297970	-3.153600	14.269300	-11.239200	-0.266524	5.118090	0.000000	-0.000000	0.000001	0.000000	0.000000	0.000000	-12.327000	-36.855000	72.313499	-32.447601	-1.932810	0.283859	-0.000001	0.000000	-0.000000	-0.565921	-1.467410	-0.014493	-0.000000	0.000000	-0.000000
0.366151	-1.243970	-0.117997	-0.986395	11.258500	0.192603	0.132810	-12.803800	-0.184976	0.000000	-0.000000	0.000000	-0.460321	16.103201	0.127689	3.720200	-23.412701	1.303680	-0.000000	-0.000000	-0.000000	-0.000000	0.000000	-0.000034	0.000000	0.000000	0.000000	9.532030	-3.224530	13.625700	-10.604400	1.317640	5.448690	0.000000	0.000000	0.000001	0.000000	0.000000	0.000000	-14.564400	-38.273800	69.734200	-37.108700	-5.712350	-2.893590	0.000000	-0.000001	-0.000000	-0.258861	-1.562840	-0.007061	-0.000000	-0.000000	-0.000000
0.670685	-0.925168	-0.404488	-1.090210	10.228700	0.193623	0.160928	-11.761100	-0.185903	-0.000000	0.000000	0.000000	-0.642464	15.213100	0.168600	3.651480	-22.390900	1.155700	0.000000	0.000000	-0.000000	-0.000000	0.000000	0.000031	0.000000	0.000000	0.000000	9.739560	-2.980070	14.712000	-10.567600	2.304460	5.604410	-0.000000	-0.000000	-0.000000	0.000000	0.000000	0.000000	-18.090401	-44.847301	67.384697	-39.395802	-8.158870	-5.516320	-0.000000	0.000000	-0.000000	0.018123	-1.356110	0.000428	-0.000000	0.000000	-0.000000
1.369800	-0.697810	-0.817938	-1.809170	10.572200	0.332047	-0.404458	-12.952200	-0.489503	0.000000	-0.000000	0.000000	-1.409320	14.526100	0.353560	3.363330	-21.962099	0.747894	-0.000000	0.000000	0.000000	0.000000	-0.000000	0.000009	0.000000	0.000000	0.000000	8.904440	-2.889520	16.451200	-10.033900	2.946980	5.626090	0.000000	-0.000000	0.000000	0.000000	0.000000	0.000000	-18.500299	-51.316601	68.562302	-52.161900	-6.664670	-7.544990	-0.000001	-0.000000	-0.000000	0.203467	-1.262730	0.004483	0.000000	0.000000	0.000000
1.213680	-0.425554	-0.896224	-2.523180	10.394100	0.455518	0.660269	-13.272500	-0.418317	-0.000000	0.000000	-0.000000	-1.844230	14.764500	0.470155	3.823010	-23.095100	0.800366	-0.000000	0.000000	0.000000	-0.000000	0.000000	0.000007	0.000000	0.000000	0.000000	8.778480	-2.751240	17.433599	-10.236100	2.596140	5.533300	0.000000	-0.000000	0.000001	0.000000	0.000000	0.000000	-20.951401	-55.488098	66.727402	-71.720802	-7.187270	-22.446199	-0.000001	0.000000	0.000000	0.236023	-1.106720	0.004558	0.000000	-0.000000	0.000000
1.026270	-0.146130	-0.565586	-2.252820	10.607000	0.414891	0.627287	-14.136800	-0.387708	-0.000000	0.000000	-0.000000	-1.899250	14.592000	0.478655	4.564490	-23.212200	1.075300	0.000000	0.000001	-0.000000	-0.000000	0.000000	-0.000007	0.000000	0.000000	0.000000	9.353680	-2.543490	17.549101	-11.456100	1.641550	5.397050	0.000000	0.000000	0.000001	0.000000	0.000000	0.000000	-23.577101	-57.907600	64.358002	-93.895103	-8.408990	-140.938995	0.000001	0.000000	-0.000000	0.304224	-0.896053	0.004757	-0.000000	-0.000000	-0.000000
0.600166	0.176657	1.750880	-0.932174	9.199900	0.149053	-0.799321	-12.467300	-0.371322	-0.000000	0.000000	0.000000	-0.637239	13.708900	0.151031	3.232070	-22.527700	1.001690	0.000000	0.000000	-0.000000	0.000000	0.000000	0.000032	0.000000	0.000000	0.000000	9.031790	-3.897530	10.426600	-11.581100	0.657481	5.444420	0.000000	-0.000000	-0.000000	0.000000	0.000000	0.000000	-27.599300	-50.856899	58.167099	-121.987000	-10.544400	-168.753998	-0.000000	0.000000	0.000001	1.529320	-2.627810	0.070132	-0.000000	-0.000000	-0.000000
-0.269729	1.234040	3.723900	0.404715	6.499650	-0.045810	-0.613509	-10.590700	-0.038858	-0.000000	-0.000000	-0.000000	1.266410	13.173600	-0.288658	2.182370	-23.470100	1.361620	-0.000000	0.000000	-0.000000	-0.000000	-0.000000	0.000006	0.000000	0.000000	0.000000	9.116380	-6.274290	-2.758580	-11.605100	-0.826358	5.558580	-0.000000	0.000000	0.000000	0.000000	0.000000	0.000000	-27.484600	-40.242901	54.247299	-142.699005	-9.183910	-176.494003	-0.000000	-0.000001	0.000001	2.636270	-2.520980	0.116037	0.000000	0.000000	0.000000
-0.695037	1.392570	4.441781	0.640724	6.742480	-0.075226	-0.518725	-11.544800	0.023525	0.000000	-0.000000	-0.000000	1.764530	13.341800	-0.407298	1.745260	-23.712700	1.393720	-0.000000	0.000001	-0.000000	-0.000000	0.000000	-0.000012	0.000000	0.000000	0.000000	8.867930	-7.376930	-8.928220	-11.456800	-1.189500	5.605930	0.000000	0.000000	0.000000	0.000000	0.000000	0.000000	-25.713699	-34.992401	53.607601	-147.285995	-7.662990	-178.332001	0.000000	-0.000000	-0.000001	4.474410	-3.027430	0.236791	0.000000	0.000000	0.000000
0.895795	1.083100	0.962323	-1.355090	6.957500	0.164179	-0.191477	-11.253000	-0.299927	0.000000	0.000000	-0.000000	-0.886106	12.770800	0.195896	3.501600	-22.522699	1.010860	0.000000	-0.000000	0.000000	-0.000000	0.000000	-0.000020	0.000000	0.000000	0.000000	8.603520	-5.265660	3.152340	-11.976900	-0.528048	5.520100	-0.000000	0.000000	0.000000	0.000000	0.000000	0.000000	-23.852100	-43.191399	59.896301	-134.320007	-9.819580	-173.863007	-0.000000	0.000001	0.000001	2.086890	-1.517040	0.055273	0.000000	0.000000	0.000000
1.286800	0.968196	-0.927187	-2.345910	6.936000	0.283453	0.354419	-10.595400	-0.363166	-0.000000	-0.000000	-0.000000	-2.323190	12.139800	0.488823	5.006760	-21.993601	1.025130	0.000000	0.000000	-0.000000	0.000000	-0.000000	0.000043	0.000000	0.000000	0.000000	8.767290	-4.408720	8.306550	-11.905200	-0.692168	5.359870	0.000000	-0.000000	0.000000	0.000000	0.000000	0.000000	-24.034700	-53.305500	62.933102	-110.281998	-10.435200	-161.884003	0.000000	-0.000000	-0.000001	1.185960	-0.541856	0.011217	-0.000000	-0.000000	0.000000
1.235710	0.368849	-1.904620	-2.528650	8.352530	0.367558	0.450523	-11.953100	-0.425023	-0.000000	-0.000000	-0.000000	-2.797340	12.087500	0.586232	5.730840	-20.729900	1.061150	-0.000000	-0.000000	0.000000	0.000000	0.000000	0.000006	0.000000	0.000000	0.000000	8.540420	-4.216970	9.715020	-10.769500	-0.338444	5.391680	0.000000	0.000000	-0.000001	0.000000	0.000000	0.000000	-23.000799	-58.494499	65.214798	-84.841499	-8.091030	-85.516403	-0.000000	-0.000001	-0.000000	0.770821	-0.744881	0.010021	-0.000000	-0.000000	-0.000000
1.587280	-0.490337	-2.402790	-3.081890	9.096610	0.487708	0.589428	-11.759500	-0.500367	-0.000000	-0.000000	-0.000000	-3.290590	12.780100	0.728677	5.700580	-21.061899	0.895906	0.000000	0.000000	0.000000	0.000000	0.000000	0.000030	0.000000	0.000000	0.000000	9.320570	-3.545790	12.690000	-12.174800	0.001009	5.372500	-0.000000	0.000000	0.000000	0.000000	0.000000	0.000000	-24.895500	-61.129398	63.739799	-54.881001	-7.008510	-9.001680	0.000000	-0.000000	0.000000	0.660279	-1.062040	0.012238	-0.000000	0.000000	0.000000
1.585080	-1.032000	-1.887350	-2.866170	10.010800	0.498642	0.315345	-12.041900	-0.523385	0.000000	0.000000	0.000000	-3.140500	13.186400	0.717099	5.448240	-20.211800	0.826353	-0.000000	-0.000000	-0.000000	-0.000005	-0.000000	-0.000019	0.000000	0.000000	0.000000	9.366030	-4.410710	7.802540	-11.979300	0.155100	5.564620	0.000000	0.000000	-0.000000	0.000000	0.000000	0.000000	-23.702200	-56.541801	64.105499	-37.903999	-6.067170	-3.445110	0.000000	0.000001	-0.000000	0.527661	-1.247500	0.011487	0.000000	-0.000000	0.000000
1.421530	-1.455010	-1.587300	-2.330270	10.714600	0.433470	-0.099459	-12.522600	-0.518302	0.000000	0.000000	0.000000	-2.403740	14.190100	0.589581	4.535340	-21.023300	0.791366	0.000000	-0.000000	-0.000000	-0.000000	0.000000	-0.000043	0.000000	0.000000	0.000000	9.892490	-4.381110	7.544290	-13.289300	-0.031522	5.544710	0.000000	0.000000	0.000000	0.000000	0.000000	0.000000	-20.959700	-47.334301	64.876801	-33.884899	-8.605380	-4.461490	0.000000	-0.000000	0.000000	0.277304	-1.384220	0.006698	0.000000	0.000000	0.000000
1.396240	-1.386320	-1.367600	-2.210330	11.086700	0.425243	-0.355154	-13.396400	-0.585191	-0.000000	-0.000000	0.000000	-2.509690	14.537000	0.630330	4.687450	-21.846901	0.840688	0.000000	-0.000000	0.000000	0.000000	0.000000	-0.000005	0.000000	0.000000	0.000000	9.289680	-4.267520	8.571190	-12.063300	-0.410239	5.394640	-0.000000	-0.000001	0.000001	0.000000	0.000000	0.000000	-17.401699	-41.074902	67.174004	-33.350700	-8.009290	-3.842160	0.000000	-0.000000	0.000000	0.166419	-1.352670	0.003928	-0.000000	-0.000000	-0.000000
1.409350	-1.140350	-1.471820	-2.310540	10.259000	0.411723	-0.560720	-12.377500	-0.608018	0.000000	-0.000000	0.000000	-2.357160	14.044100	0.572317	4.208830	-21.593901	0.707629	0.000000	0.000000	0.000000	0.000000	-0.000000	0.000040	0.000000	0.000000	0.000000	9.471330	-3.958890	10.167700	-11.908800	0.101620	5.457770	-0.000000	0.000000	-0.000000	0.000000	0.000000	0.000000	-14.780200	-40.139000	70.223000	-32.953701	-4.860760	-1.648780	0.000000	0.000000	-0.000000	0.255134	-1.460930	0.006504	-0.000000	0.000000	0.000000
1.526780	-1.039210	-1.684300	-2.623660	9.963820	0.454275	0.185393	-12.602300	-0.523645	-0.000000	-0.000000	-0.000000	-2.716450	13.471000	0.633260	4.871230	-21.095301	0.802810	-0.000000	-0.000000	0.000000	0.000005	0.000000	0.000028	0.000000	0.000000	0.000000	9.518560	-3.394530	13.182200	-11.132200	1.382570	5.591870	-0.000000	0.000000	0.000000	0.000000	0.000000	0.000000	-13.453500	-41.893299	72.454498	-36.668900	-3.526430	-1.153500	0.000000	0.000000	-0.000000	0.142080	-1.506650	0.003735	-0.000000	-0.000000	-0.000000
1.738900	-0.433119	-1.557140	-2.730860	9.558260	0.453798	-0.106759	-13.418100	-0.650176	-0.000000	-0.000000	0.000000	-2.917680	12.432900	0.628689	4.761980	-20.525801	0.670887	0.000000	0.000000	-0.000000	-0.000005	-0.000000	0.000001	0.000000	0.000000	0.000000	9.527320	-3.306760	13.674500	-11.441600	1.784910	5.670820	0.000000	-0.000000	0.000001	0.000000	0.000000	0.000000	-17.737101	-47.798801	68.714104	-39.686600	-7.758520	-5.317760	-0.000000	-0.000000	0.000000	0.428587	-1.284910	0.009611	-0.000000	0.000000	-0.000000
2.033900	0.044115	-2.548390	-3.234910	8.736750	0.491880	0.041670	-12.791300	-0.699342	0.000000	0.000000	-0.000000	-3.660740	11.529500	0.732641	5.305080	-19.944700	0.586282	0.000000	0.000000	0.000000	-0.000000	0.000000	0.000018	0.000000	0.000000	0.000000	9.221650	-2.772690	17.115000	-10.258800	2.528970	5.634580	0.000000	0.000000	0.000001	0.000000	0.000000	0.000000	-14.409600	-55.108898	74.018303	-54.973499	-4.196370	-4.876480	-0.000001	0.000000	-0.000000	0.620691	-1.292690	0.014002	-0.000000	0.000000	0.000000
1.863280	0.149259	-3.486220	-3.484980	8.599990	0.521761	0.565763	-12.326500	-0.615326	-0.000000	-0.000000	-0.000000	-3.672720	11.967800	0.762586	5.416240	-21.185801	0.659164	-0.000000	-0.000000	0.000000	-0.000000	-0.000000	-0.000020	0.000000	0.000000	0.000000	10.004200	-1.793810	20.847300	-10.847600	2.845060	5.584020	0.000000	0.000000	0.000000	0.000000	0.000000	0.000000	-13.082200	-59.400002	76.121803	-76.149399	-5.724880	-26.817699	-0.000001	-0.000000	0.000000	0.715537	-1.279630	0.015979	0.000000	0.000000	0.000000
1.383340	-0.475428	-3.343630	-2.180450	9.090140	0.344653	-0.496639	-12.137800	-0.557522	-0.000000	0.000000	0.000000	-2.351650	12.709900	0.517680	4.424850	-21.805500	0.791824	-0.000000	-0.000000	0.000000	0.000000	-0.000000	0.000061	0.000000	0.000000	0.000000	10.715700	-1.059270	22.772301	-12.124200	2.860310	5.552230	0.000000	-0.000000	-0.000000	0.000000	0.000000	0.000000	-13.732800	-61.067299	75.589996	-100.253998	-7.845270	-156.311996	0.000000	0.000000	-0.000000	0.625241	-1.318690	0.014389	-0.000000	-0.000000	-0.000000
-0.093486	0.752204	-2.143331	-0.024484	8.256650	0.003520	-0.998372	-12.242600	-0.216873	0.000000	0.000000	-0.000000	0.027735	11.507100	-0.005528	3.455930	-21.226801	1.262440	0.000000	0.000000	0.000000	-0.000005	-0.000000	-0.000032	0.000000	0.000000	0.000000	11.363900	-2.260070	16.542200	-12.057100	0.679710	5.368170	-0.000000	-0.000000	0.000000	0.000000	0.000000	0.000000	-16.822599	-53.281601	71.013397	-126.055000	-9.384060	-171.136002	0.000000	0.000000	0.000000	3.055270	-2.379930	0.126991	-0.000000	-0.000000	0.000000
-2.475040	2.909280	0.813660	3.298680	5.015810	-0.288763	-1.842030	-11.944300	0.298907	0.000000	0.000000	-0.000000	3.692210	9.282270	-0.596392	2.130360	-21.381701	2.111330	-0.000000	0.000000	0.000000	-0.000001	-0.000039	-0.000149	0.000000	0.000000	0.000000	9.975910	-5.974300	-0.540832	-8.467200	-1.736860	5.453430	0.000000	0.000000	0.000000	0.000000	0.000000	0.000000	-23.722200	-41.558300	59.466400	-143.845001	-4.739650	-179.410995	0.000000	-0.000000	-0.000001	9.005630	-4.855950	0.768628	0.000000	0.000000	0.000000
0.825696	2.043620	-0.103088	-1.144290	5.669010	0.113052	-0.689567	-11.586700	-0.367332	-0.000000	-0.000000	-0.000000	-1.175540	10.778900	0.219882	4.026190	-22.217600	1.086520	-0.000000	0.000000	-0.000000	-0.000000	-0.000000	0.000008	0.000000	0.000000	0.000000	7.833610	-5.081860	4.851100	-9.760890	-1.365470	5.349250	0.000000	0.000000	0.000000	0.000000	0.000000	0.000000	-22.088800	-39.616299	60.696701	-142.376999	-8.460770	-176.802994	0.000000	0.000001	-0.000001	3.797380	-2.441940	0.162030	-0.000000	0.000000	-0.000000
1.478630	2.457590	-1.414530	-2.898290	4.350320	0.219951	0.349347	-10.180900	-0.449357	0.000000	-0.000000	0.000000	-2.848920	9.391760	0.465191	4.829540	-21.504299	0.740298	-0.000000	0.000000	-0.000000	0.000001	-0.000039	-0.000122	0.000000	0.000000	0.000000	8.237650	-5.146240	4.455820	-10.925800	-1.686810	5.331930	0.000000	0.000000	0.000000	0.000000	0.000000	0.000000	-21.447701	-47.358002	64.291199	-126.301003	-8.885390	-172.309006	0.000000	0.000000	-0.000001	1.873290	-1.117560	0.036549	0.000000	0.000000	0.000000
1.266180	1.286540	-3.043450	-2.628280	6.158680	0.282167	0.507487	-10.922600	-0.399154	0.000000	-0.000000	0.000000	-2.460970	10.563500	0.451430	4.567170	-21.665300	0.793289	-0.000000	0.000000	-0.000000	-0.000000	-0.000000	-0.000034	0.000000	0.000000	0.000000	9.142230	-4.062610	10.344000	-11.375500	-0.586176	5.386300	0.000000	0.000000	0.000000	0.000000	0.000000	0.000000	-19.464701	-55.044399	68.508102	-101.195000	-8.964790	-155.190002	0.000000	0.000000	-0.000001	1.343710	-1.046650	0.024549	0.000000	0.000000	0.000000
1.155270	0.905462	-4.146801	-2.186220	7.202710	0.274285	0.461605	-11.870700	-0.351312	-0.000000	-0.000000	-0.000000	-2.034670	11.034300	0.389631	4.635060	-21.837999	0.981893	-0.000000	-0.000000	0.000000	-0.000003	0.000039	-0.000037	0.000000	0.000000	0.000000	10.016200	-3.666430	11.726200	-11.964800	-0.818687	5.319230	-0.000000	0.000000	-0.000000	0.000000	0.000000	0.000000	-17.219801	-58.597099	71.653198	-73.221802	-6.226110	-21.352800	-0.000002	-0.000000	-0.000000	0.916534	-0.751134	0.012016	0.000000	0.000000	-0.000000
1.026510	0.588809	-3.495680	-1.641850	7.752620	0.221541	-0.045972	-11.730100	-0.340182	0.000000	-0.000000	0.000000	-1.603160	11.304600	0.314342	4.403820	-21.229000	1.026090	-0.000000	-0.000000	0.000000	-0.000000	-0.000000	-0.000048	0.000000	0.000000	0.000000	10.717700	-3.570670	11.430000	-13.474200	-1.910580	5.045230	-0.000000	-0.000000	0.000001	0.000000	0.000000	0.000000	-19.706100	-57.521900	68.748001	-45.504299	-3.957070	-2.452170	-0.000000	0.000000	0.000000	0.456871	-0.906290	0.007226	-0.000000	0.000000	-0.000000
0.791695	0.492168	-2.559030	-1.483430	7.649710	0.197516	0.238160	-11.418000	-0.243947	-0.000000	0.000000	0.000000	-1.196070	11.396100	0.236371	4.312310	-21.089600	1.130770	-0.000000	-0.000000	-0.000000	-0.000000	0.000000	-0.000047	0.000000	0.000000	0.000000	11.519000	-4.093730	8.274290	-14.345200	-2.393320	4.991340	0.000000	0.000000	0.000000	0.000000	0.000000	0.000000	-17.664200	-49.094200	69.251999	-35.319000	-3.136330	-0.557864	0.000000	-0.000000	0.000000	0.018380	-1.156070	0.000370	0.000000	0.000000	0.000000
0.778236	0.282887	-1.532560	-0.914100	7.858530	0.124997	-0.532378	-11.382700	-0.283847	0.000000	-0.000000	-0.000000	-0.694977	11.883900	0.143129	3.675020	-21.155001	1.081700	0.000000	0.000000	0.000000	0.000000	0.000000	0.000037	0.000000	0.000000	0.000000	10.187600	-4.891700	4.944040	-12.213500	-2.269080	5.134220	0.000000	0.000000	0.000000	0.000000	0.000000	0.000000	-14.999000	-43.547600	70.936798	-21.781099	0.178343	1.716780	-0.000000	-0.000001	-0.000000	-0.046948	-1.178750	-0.000966	-0.000000	0.000000	0.000000
0.731046	-0.589541	-1.563750	-1.377390	9.421990	0.225533	0.541103	-12.861100	-0.182029	-0.000000	0.000000	-0.000000	-0.656881	13.240900	0.150469	3.453860	-21.565001	1.035180	0.000000	0.000001	0.000000	0.000000	-0.000000	-0.000014	0.000000	0.000000	0.000000	9.878800	-3.935560	9.969310	-12.263700	-1.007050	5.230060	0.000000	0.000000	-0.000000	0.000000	0.000000	0.000000	-11.570800	-38.783901	74.107597	-13.012900	2.812510	2.223010	0.000002	0.000001	0.000000	0.044839	-1.306400	0.001022	0.000000	0.000000	0.000000
0.923719	-0.411201	-2.044570	-1.527070	9.820350	0.260520	0.025859	-13.138800	-0.336231	-0.000000	0.000000	0.000000	-1.282890	12.657200	0.281153	4.060540	-20.178400	0.969568	-0.000000	0.000000	0.000000	0.000000	0.000000	0.000016	0.000000	0.000000	0.000000	10.157800	-3.285590	13.067600	-12.722400	0.185222	5.404270	0.000000	0.000000	0.000000	0.000000	0.000000	0.000000	-9.167200	-36.219200	76.870003	-11.680600	4.582480	2.471910	0.000001	-0.000001	0.000001	0.085068	-1.070020	0.001588	-0.000000	-0.000000	-0.000000
0.557838	-0.523224	-2.299780	-0.657569	9.692230	0.110715	-0.692574	-12.256700	-0.284688	-0.000000	-0.000000	-0.000000	-0.633371	13.392500	0.146715	3.751420	-21.509001	1.150520	-0.000000	0.000001	0.000000	-0.000000	-0.000000	-0.000016	0.000000	0.000000	0.000000	9.763160	-2.566040	17.181299	-9.583400	1.572470	5.400770	-0.000000	0.000000	0.000000	0.000000	0.000000	0.000000	-8.086480	-35.938499	78.411003	-14.073100	5.003510	2.732690	-0.000002	-0.000000	0.000000	0.014795	-0.759904	0.000196	-0.000000	0.000000	0.000000
0.659294	0.170559	-2.273370	-1.087570	9.102940	0.172086	0.281969	-12.865700	-0.176345	0.000000	-0.000000	0.000000	-0.602283	12.297700	0.128290	3.638850	-20.643700	1.076320	0.000000	-0.000000	-0.000000	0.000000	-0.000000	-0.000011	0.000000	0.000000	0.000000	9.032010	-2.262710	19.993700	-7.770000	0.775225	5.083150	0.000000	0.000000	0.000000	0.000000	0.000000	0.000000	-10.392200	-35.537800	74.972801	-24.603300	-0.003110	1.568970	-0.000000	-0.000000	-0.000000	0.268662	-0.497165	0.002331	0.000000	-0.000000	-0.000000
0.645507	-0.372986	-2.820150	-0.875384	9.442890	0.143634	-0.089869	-12.218600	-0.201800	-0.000000	0.000000	0.000000	-0.649580	13.590500	0.152650	3.782090	-22.539400	1.208750	-0.000000	0.000000	0.000000	-0.000000	0.000000	0.000037	0.000000	0.000000	0.000000	8.859360	-1.255620	25.493099	-6.854070	0.965547	4.803360	-0.000000	0.000000	-0.000000	0.000000	0.000000	0.000000	-12.345400	-37.546799	72.902199	-35.981201	-4.690520	-1.811120	0.000000	0.000000	-0.000000	0.390235	-0.674009	0.004590	0.000000	0.000000	0.000000
0.610354	-0.515805	-3.500950	-0.379493	10.235800	0.067441	-1.372850	-12.896700	-0.389884	0.000000	-0.000000	-0.000000	-0.346378	13.632500	0.081646	3.273360	-22.033701	1.102550	0.000000	-0.000000	0.000000	0.000000	0.000000	0.000039	0.000000	0.000000	0.000000	8.446390	-0.723969	29.262800	-6.694990	0.196444	4.516340	0.000000	-0.000000	-0.000001	0.000000	0.000000	0.000000	-15.152600	-46.726398	71.781799	-42.568699	-9.372350	-7.570100	0.000000	-0.000000	0.000000	0.603494	-0.943662	0.009939	-0.000000	0.000000	0.000000
0.668009	-0.095402	-4.252290	-0.725011	9.484210	0.119474	-1.346240	-11.638500	-0.416022	0.000000	0.000000	-0.000000	-1.092300	13.242700	0.250253	4.476110	-21.874701	1.272850	-0.000000	-0.000000	-0.000000	-0.000000	0.000000	0.000047	0.000000	0.000000	0.000000	9.684960	-0.806642	26.091900	-9.461800	-0.004318	4.752590	-0.000000	-0.000000	-0.000000	0.000000	0.000000	0.000000	-13.129400	-50.998699	75.074501	-67.441498	-7.891880	-18.779600	-0.000000	-0.000000	0.000000	0.631284	-0.591417	0.006515	0.000000	-0.000000	0.000000
0.583996	-0.195306	-4.007301	-0.664599	9.739470	0.112438	-1.184350	-11.611500	-0.370345	-0.000000	-0.000000	-0.000000	-0.544581	13.587300	0.127946	3.673670	-22.409300	1.199700	-0.000000	0.000000	0.000000	-0.000000	-0.000000	0.000036	0.000000	0.000000	0.000000	9.947700	-1.059310	24.310900	-10.240900	-0.375353	4.775670	0.000000	0.000000	-0.000000	0.000000	0.000000	0.000000	-14.515900	-52.946701	73.772903	-91.060501	-8.713480	-126.584000	0.000001	0.000001	-0.000000	0.522290	-0.579792	0.005285	-0.000000	-0.000000	-0.000000
0.367685	0.174471	-3.398760	0.098121	9.171660	-0.015635	-1.584230	-11.570800	-0.298403	-0.000000	-0.000000	0.000000	0.112829	13.243600	-0.025842	3.060770	-22.305599	1.204430	0.000000	-0.000000	-0.000000	-0.000000	-0.000000	0.000031	0.000000	0.000000	0.000000	9.570060	-1.615810	22.368200	-10.584200	-2.516840	4.445930	0.000000	0.000000	-0.000001	0.000000	0.000000	0.000000	-15.707400	-52.644600	72.310097	-115.598999	-9.430030	-166.722000	-0.000000	0.000000	-0.000000	0.744112	-0.886790	0.011517	-0.000000	-0.000000	-0.000000
0.465807	0.209471	-1.715120	0.524957	8.821360	-0.080504	-2.021100	-10.902600	-0.284221	0.000000	0.000000	-0.000000	0.566249	12.811800	-0.125566	2.222850	-21.391500	1.012830	0.000000	-0.000000	0.000000	-0.000000	-0.000000	0.000054	0.000000	0.000000	0.000000	8.191280	-2.822760	18.284100	-8.927520	-3.403190	4.473030	-0.000000	0.000000	0.000000	0.000000	0.000000	0.000000	-16.472500	-44.844398	69.507500	-136.259003	-8.063050	-175.341995	-0.000000	-0.000000	-0.000000	0.510727	-0.986256	0.008790	0.000000	0.000000	-0.000000
0.701204	0.362753	1.057950	-0.111627	8.253900	0.016029	-1.234340	-10.935600	-0.255168	-0.000000	0.000000	-0.000000	0.558451	13.211100	-0.127627	1.542760	-21.755199	0.773605	0.000000	0.000000	0.000000	0.000000	0.000000	0.000044	0.000000	0.000000	0.000000	8.812780	-5.632810	0.827448	-10.622700	-2.381790	5.178810	-0.000000	-0.000000	-0.000000	0.000000	0.000000	0.000000	-19.199800	-37.784000	63.379501	-146.945999	-8.050200	-177.593994	0.000000	0.000000	0.000001	0.639201	-1.432070	0.015975	-0.000000	0.000000	-0.000000
0.982005	0.518572	0.068843	-1.357430	7.795560	0.184158	-0.497233	-10.558400	-0.337662	0.000000	-0.000000	0.000000	-0.780189	13.142200	0.177407	2.641660	-21.780899	0.698504	-0.000000	-0.000000	0.000000	0.000000	-0.000000	0.000016	0.000000	0.000000	0.000000	8.051020	-5.541100	1.493930	-11.078600	-1.887060	5.275890	0.000000	-0.000000	-0.000000	0.000000	0.000000	0.000000	-20.384899	-37.590801	61.914501	-143.076004	-7.661700	-177.403000	0.000000	0.000000	-0.000001	0.623676	-1.187360	0.012924	-0.000000	0.000000	-0.000000
1.624100	0.560841	-0.696502	-3.393350	7.292890	0.431256	1.244480	-9.381110	-0.345945	-0.000000	-0.000000	0.000000	-3.015970	12.979100	0.677974	4.981000	-21.868601	0.760930	-0.000000	0.000000	0.000000	-0.000000	0.000000	0.000010	0.000000	0.000000	0.000000	7.332070	-5.502570	1.888460	-10.681300	-0.495865	5.565250	0.000000	-0.000000	-0.000000	0.000000	0.000000	0.000000	-23.851000	-42.300098	59.747299	-129.029999	-9.975220	-172.419998	0.000000	-0.000000	-0.000001	0.712332	-1.188210	0.014772	-0.000000	-0.000000	-0.000000
1.328830	-0.542880	-2.353210	-3.538890	9.486600	0.583996	1.682750	-11.050200	-0.346592	0.000000	0.000000	0.000000	-2.966990	14.657800	0.751418	4.932190	-22.821899	0.800005	-0.000000	-0.000000	-0.000000	-0.000000	0.000000	-0.000007	0.000000	0.000000	0.000000	8.093830	-4.150010	10.425900	-10.217900	1.163960	5.622980	0.000000	0.000000	-0.000000	0.000000	0.000000	0.000000	-23.024799	-49.261002	63.162701	-106.148003	-9.913810	-159.626007	-0.000000	0.000000	-0.000002	0.691145	-1.042960	0.012581	0.000000	0.000000	0.000000
1.300190	-0.062528	-2.872380	-2.801250	8.877740	0.432648	0.524259	-10.634700	-0.414223	0.000000	-0.000000	-0.000000	-2.596140	13.269700	0.596295	4.770620	-22.017599	0.841559	0.000000	-0.000001	-0.000000	-0.000000	-0.000000	0.000014	0.000000	0.000000	0.000000	8.244510	-4.577510	7.757330	-9.522620	1.322450	5.746610	-0.000000	-0.000000	-0.000001	0.000000	0.000000	0.000000	-20.933399	-53.807598	66.631302	-82.280998	-5.905500	-52.239601	-0.000001	-0.000000	-0.000000	0.518645	-0.892787	0.008081	0.000000	-0.000000	-0.000000
1.421300	-0.223215	-2.572080	-2.667740	8.116840	0.376934	-0.080892	-8.958800	-0.424178	-0.000000	-0.000000	-0.000000	-2.566480	12.365100	0.549945	4.392120	-20.173401	0.650336	-0.000000	-0.000001	0.000000	-0.000000	0.000000	0.000031	0.000000	0.000000	0.000000	9.368990	-4.571600	6.994830	-11.126300	0.811974	5.727970	-0.000000	0.000000	0.000000	0.000000	0.000000	0.000000	-24.023199	-55.738300	63.676300	-52.889198	-5.524640	-5.523830	-0.000001	-0.000000	-0.000000	0.528190	-0.830662	0.007657	-0.000000	0.000000	0.000000
1.235810	-0.470187	-1.807250	-2.645920	8.617480	0.396737	0.826070	-9.889340	-0.307520	-0.000000	-0.000000	0.000000	-1.920270	12.706000	0.422518	3.765340	-19.950800	0.645810	0.000000	0.000000	0.000000	0.000000	0.000000	0.000027	0.000000	0.000000	0.000000	9.320500	-4.920480	4.971770	-10.561300	1.000100	5.785340	0.000000	0.000000	-0.000000	0.000000	0.000000	0.000000	-22.783600	-51.044701	63.849800	-39.093601	-5.404000	-2.710060	-0.000000	0.000000	0.000000	0.295745	-1.081100	0.005580	-0.000000	-0.000000	-0.000000
0.616927	-0.673548	-1.725300	-1.669640	9.546060	0.276976	0.657155	-11.070600	-0.190001	-0.000000	-0.000000	-0.000000	-1.136300	13.980000	0.274553	3.783850	-21.598900	0.987582	0.000000	0.000000	0.000000	-0.000000	0.000000	-0.000039	0.000000	0.000000	0.000000	10.140500	-3.820820	10.283600	-11.938100	-0.354462	5.353040	0.000000	-0.000000	0.000000	0.000000	0.000000	0.000000	-18.257099	-44.944199	67.377701	-36.135502	-5.203730	-2.159750	-0.000000	-0.000000	0.000000	0.026975	-1.171360	0.000551	-0.000000	0.000000	0.000000
0.579081	-0.675399	-1.690470	-1.065420	9.481850	0.175535	-0.337591	-11.154400	-0.268655	-0.000000	0.000000	0.000000	-1.206850	13.012900	0.271789	4.092030	-20.116501	1.003720	0.000000	-0.000000	0.000000	0.000000	-0.000000	0.000014	0.000000	0.000000	0.000000	9.384700	-3.781580	11.188600	-11.316100	-0.916744	5.190950	-0.000000	0.000000	0.000000	0.000000	0.000000	0.000000	-16.097000	-40.986099	68.835602	-36.538101	-6.533270	-3.315150	0.000000	0.000001	0.000000	-0.154907	-1.158400	-0.003132	-0.000000	0.000000	-0.000000
0.904881	-0.693772	-1.475940	-1.677650	9.234790	0.269308	0.202404	-10.571000	-0.266708	0.000000	0.000000	0.000000	-1.637020	13.123700	0.371793	4.188060	-20.174700	0.895091	-0.000000	-0.000000	-0.000000	-0.000005	-0.000000	-0.000006	0.000000	0.000000	0.000000	9.083150	-3.801330	11.353000	-11.403100	-0.623888	5.238230	0.000000	0.000000	0.000000	0.000000	0.000000	0.000000	-17.622801	-41.320900	66.996002	-37.831299	-8.264270	-4.925600	0.000000	0.000000	0.000000	-0.204815	-1.173510	-0.004195	0.000000	-0.000000	-0.000000
0.935394	-0.683068	-1.540740	-1.773990	10.075900	0.310465	0.296652	-12.282600	-0.308524	-0.000000	-0.000000	-0.000000	-1.744710	13.253100	0.400102	4.466320	-20.659901	0.977297	0.000000	-0.000001	0.000000	-0.000000	-0.000000	0.000025	0.000000	0.000000	0.000000	9.333390	-3.612070	12.132400	-10.845500	0.612153	5.452250	0.000000	-0.000000	-0.000001	0.000000	0.000000	0.000000	-20.367901	-45.530300	65.033096	-38.866100	-10.989300	-7.646930	0.000000	0.000000	-0.000000	-0.052369	-0.937337	-0.000857	-0.000000	-0.000000	-0.000000
1.107870	-0.542923	-2.108120	-2.414530	9.363980	0.393089	0.843835	-11.337000	-0.302513	0.000000	0.000000	0.000000	-2.067990	13.910900	0.497382	4.416040	-22.322599	0.915336	0.000000	-0.000000	0.000000	0.000000	-0.000000	0.000002	0.000000	0.000000	0.000000	8.805240	-3.270170	14.760900	-10.057900	1.431910	5.486480	0.000000	0.000000	-0.000001	0.000000	0.000000	0.000000	-19.673500	-50.695702	67.253601	-51.375599	-9.392660	-10.767700	-0.000000	0.000000	-0.000000	0.347935	-1.176800	0.007145	0.000000	-0.000000	-0.000000
1.135850	-1.103510	-2.243260	-2.582350	9.690660	0.434973	0.484178	-10.586700	-0.378871	0.000000	-0.000000	0.000000	-2.648600	14.646500	0.670165	4.995450	-22.633301	0.936758	-0.000000	0.000001	0.000000	-0.000005	-0.000000	0.000057	0.000000	0.000000	0.000000	9.084220	-2.314920	19.394800	-11.001200	1.548960	5.320300	-0.000000	0.000000	-0.000000	0.000000	0.000000	0.000000	-18.665400	-52.644402	68.817802	-70.782303	-7.967760	-23.041100	0.000000	0.000000	-0.000000	0.403483	-1.150800	0.008103	0.000000	0.000000	0.000000
0.625950	-0.449436	-3.393340	-0.866715	9.442040	0.142199	-2.052970	-10.331900	-0.521975	-0.000000	-0.000000	-0.000000	-1.832330	13.284000	0.421170	4.947880	-20.706699	1.119940	-0.000000	0.000001	0.000000	-0.000000	-0.000000	-0.000013	0.000000	0.000000	0.000000	10.276200	-1.644710	20.869400	-11.875600	0.595385	5.143760	0.000000	0.000000	-0.000000	0.000000	0.000000	0.000000	-17.625601	-57.200600	70.922699	-87.397797	-7.189570	-108.848000	-0.000000	0.000001	-0.000000	0.428385	-0.935279	0.006993	-0.000000	-0.000000	-0.000000
0.633994	-0.257842	-3.339100	-0.978317	10.065200	0.170999	-1.012690	-11.953500	-0.409416	-0.000000	-0.000000	0.000000	-1.247010	13.686900	0.295112	4.277890	-22.126200	1.155850	-0.000000	-0.000001	0.000000	0.000000	-0.000000	-0.000006	0.000000	0.000000	0.000000	10.735100	-1.542340	20.565300	-12.641200	0.553097	5.172210	-0.000000	0.000000	-0.000000	0.000000	0.000000	0.000000	-18.136101	-58.105701	70.508202	-106.643997	-8.615600	-162.238998	0.000001	-0.000000	-0.000002	0.451473	-0.786141	0.006194	-0.000000	0.000000	0.000000
0.786423	-0.262552	-2.675251	-0.795362	9.968420	0.137695	-1.153850	-11.797200	-0.396207	0.000000	0.000000	0.000000	-0.824796	14.154400	0.201712	3.458290	-22.672701	1.025390	0.000000	-0.000000	-0.000000	-0.000000	0.000000	0.000042	0.000000	0.000000	0.000000	10.203000	-1.681520	20.691799	-11.382600	0.123797	5.010380	0.000000	0.000000	-0.000000	0.000000	0.000000	0.000000	-16.552799	-50.477299	70.837196	-129.778000	-8.300250	-173.546005	-0.000000	-0.000000	0.000001	0.465751	-0.896044	0.007284	-0.000000	0.000000	-0.000000
1.313310	0.610257	-0.235749	-1.797620	8.250450	0.258044	-0.317698	-10.922600	-0.397465	-0.000000	0.000000	-0.000000	-1.378660	11.989400	0.286448	3.147010	-20.356100	0.625763	-0.000000	0.000000	-0.000000	0.000000	0.000000	-0.000010	0.000000	0.000000	0.000000	8.752260	-3.811410	11.522000	-11.015700	-1.157240	5.088370	0.000000	-0.000000	0.000000	0.000000	0.000000	0.000000	-20.311300	-41.723999	63.672501	-144.552994	-6.602170	-178.106995	-0.000000	-0.000000	-0.000000	0.649440	-1.108950	0.012569	0.000000	-0.000000	-0.000000
