0.086823	0.215403	-0.402327	-3.633370	11.390300	0.718479	-0.125483	-11.756000	-0.752233	0.000000	-0.000000	-0.000000	0.721323	13.804900	-0.172135	3.784050	-20.260799	1.555770	0.000000	0.000000	-0.000000	0.000000	0.000000	0.000009	0.000000	0.000000	0.000000	12.561200	-0.242205	23.282600	-15.970500	1.542830	5.497160	-0.000000	-0.000000	-0.000000	0.000000	0.000000	0.000000	-80.591003	-53.299301	11.339800	-138.350998	-58.440899	-148.600006	0.000000	0.000000	0.000000	-0.127784	-0.418821	-0.000934	0.000000	-0.000000	-0.000000
-0.522497	0.788740	1.040310	-2.770890	10.075900	0.485137	-0.116687	-9.690640	-0.479242	-0.000000	-0.000000	-0.000000	2.062050	12.495600	-0.446342	2.699770	-18.569700	1.503940	0.000000	0.000000	0.000000	-0.000000	0.000000	0.000027	0.000000	0.000000	0.000000	13.850500	-0.971152	18.814400	-16.861000	0.282929	5.362270	-0.000000	-0.000000	-0.000001	0.000000	0.000000	0.000000	-95.410500	-52.427101	-0.515262	-111.601997	-64.498001	-118.899002	0.000000	-0.000000	0.000000	-0.004365	-0.767198	-0.000058	-0.000000	-0.000000	0.000000
-0.144512	1.333170	4.173749	-1.644090	10.435800	0.297873	-2.627110	-13.616300	-1.000840	-0.000000	0.000000	0.000000	1.493850	12.092400	-0.313018	4.381220	-18.644100	1.873430	0.000000	0.000000	0.000000	-0.000002	0.000000	-0.000106	0.000000	0.000000	0.000000	13.155100	-4.353160	6.578320	-16.513300	-0.766730	5.508150	-0.000000	-0.000000	-0.000001	0.000000	0.000000	0.000000	-111.823997	-52.224400	-14.083400	-56.487598	-63.567200	-56.912201	0.000000	0.000001	-0.000000	-0.351790	-0.955275	-0.005865	-0.000000	0.000000	0.000000
0.239824	1.339210	7.552760	-1.806180	9.750760	0.305991	-3.638250	-12.922400	-1.215140	0.000000	0.000000	-0.000000	1.002970	12.065800	-0.209684	4.202150	-17.912800	1.598080	0.000000	-0.000000	-0.000000	0.000002	-0.000000	-0.000064	0.000000	0.000000	0.000000	12.285300	-7.210570	-5.117610	-16.706699	-2.912650	5.145980	0.000000	0.000000	-0.000000	0.000000	0.000000	0.000000	-118.205002	-46.890499	-17.761299	-33.705399	-44.287998	-25.726500	0.000000	0.000000	0.000001	-0.311404	-0.963156	-0.005235	0.000000	-0.000000	0.000001
0.606323	0.813259	8.712810	-3.290170	10.391400	0.594078	-2.361160	-13.212800	-1.283230	0.000000	0.000000	-0.000000	1.463850	14.182100	-0.358734	0.991850	-21.065001	0.867065	-0.000000	-0.000000	0.000000	0.000000	-0.000000	-0.000044	0.000000	0.000000	0.000000	11.286300	-7.643230	-7.585980	-15.918100	-4.386710	4.748130	0.000000	0.000000	-0.000000	0.000000	0.000000	0.000000	-121.925003	-46.008598	-20.586399	-22.690599	-25.626101	-8.853130	-0.000000	-0.000000	0.000000	-0.254953	-1.230010	-0.005473	-0.000000	-0.000000	0.000000
0.401227	0.970226	9.844830	-3.419600	9.635090	0.573004	-2.005290	-10.805000	-1.010800	0.000000	0.000000	-0.000001	1.921610	14.095800	-0.468169	-0.389340	-20.175501	0.508620	0.000000	0.000000	-0.000000	0.000000	0.000000	0.000011	0.000000	0.000000	0.000000	10.993900	-7.989920	-9.326020	-15.070900	-5.427050	4.517190	-0.000000	-0.000000	0.000000	0.000000	0.000000	0.000000	-122.902000	-43.201000	-20.152700	-19.503500	-15.071800	-2.647190	-0.000000	0.000000	0.000001	-0.219773	-0.916999	-0.003516	-0.000000	0.000000	-0.000000
0.525639	0.897097	10.351199	-3.683550	10.170200	0.651278	-1.409990	-12.850900	-1.122740	-0.000000	-0.000000	0.000001	0.903738	14.184600	-0.221484	2.171750	-20.492701	1.067940	0.000000	-0.000000	0.000000	0.000002	-0.000000	0.000039	0.000000	0.000000	0.000000	10.210500	-8.234250	-11.151700	-14.709700	-5.062630	4.672810	0.000000	-0.000000	-0.000000	0.000000	0.000000	0.000000	-120.738998	-39.467800	-16.610399	-21.798599	-15.928900	-3.282640	0.000000	-0.000000	-0.000000	-0.557117	-0.895882	-0.008711	-0.000000	-0.000000	-0.000001
-0.066859	1.712680	10.997799	-3.217290	9.194950	0.514625	-1.284030	-11.849200	-0.917555	-0.000000	-0.000000	0.000000	1.709030	12.965100	-0.383551	1.742150	-19.106001	1.116550	0.000000	-0.000000	0.000000	0.000002	-0.000000	-0.000023	0.000000	0.000000	0.000000	10.519200	-8.639560	-12.563200	-14.302000	-4.228740	4.966090	-0.000000	-0.000000	-0.000000	0.000000	0.000000	0.000000	-115.495003	-35.495201	-11.063200	-31.111300	-19.585100	-8.262020	0.000000	-0.000001	0.000000	-0.453501	-0.391890	-0.003103	-0.000000	0.000000	0.000001
-0.057014	0.988720	10.405600	-2.813610	9.233320	0.451807	-1.384520	-11.680700	-0.843970	0.000000	0.000000	0.000000	1.713980	13.513700	-0.400639	2.490300	-19.610701	1.397330	0.000000	0.000000	-0.000000	0.000002	-0.000000	0.000035	0.000000	0.000000	0.000000	10.604100	-7.953340	-9.511660	-14.171300	-1.492440	5.630760	0.000000	0.000000	-0.000000	0.000000	0.000000	0.000000	-110.873001	-35.978199	-8.242340	-40.279900	-24.082199	-16.404699	0.000000	0.000000	-0.000000	-0.432873	-1.061510	-0.008020	-0.000000	-0.000000	-0.000000
0.045906	1.684390	10.397901	-3.009860	8.669040	0.454070	-1.319400	-11.571700	-0.863063	-0.000000	0.000000	0.000000	1.445070	13.900200	-0.347227	3.041360	-21.484400	1.630490	0.000000	-0.000000	-0.000000	-0.000002	0.000001	-0.000010	0.000000	0.000000	0.000000	10.562400	-8.023790	-9.811710	-14.178000	-0.805885	5.829630	0.000000	0.000000	-0.000000	0.000000	0.000000	0.000000	-108.704002	-35.371399	-6.678630	-52.870899	-28.955601	-31.143000	0.000001	-0.000000	0.000000	-0.240005	-0.588492	-0.002465	0.000000	0.000000	0.000000
0.476199	2.269930	9.113620	-3.631190	7.234270	0.457862	-1.404750	-10.589200	-0.922377	-0.000000	0.000000	-0.000000	0.208740	12.911400	-0.046651	4.938830	-21.105101	1.855990	0.000000	-0.000000	-0.000001	0.000002	-0.000000	-0.000020	0.000000	0.000000	0.000000	10.335900	-7.962830	-9.671390	-13.688900	-0.372077	5.958700	0.000000	0.000000	-0.000000	0.000000	0.000000	0.000000	-108.720001	-39.493198	-7.995610	-60.346001	-36.079102	-46.975700	0.000000	-0.000000	0.000000	-0.246281	-0.071405	-0.000308	0.000000	0.000000	0.000000
0.296985	2.552700	8.063242	-4.019620	6.964250	0.488163	0.255181	-11.369400	-0.737240	-0.000000	-0.000000	0.000000	0.235234	11.432000	-0.046632	5.329420	-18.932600	1.809060	0.000000	0.000000	0.000000	-0.000002	0.000001	0.000078	0.000000	0.000000	0.000000	10.818800	-7.691710	-7.994150	-14.157500	-0.465874	5.929840	-0.000000	-0.000000	0.000000	0.000000	0.000000	0.000000	-110.126999	-43.676102	-10.307800	-71.491898	-48.557400	-69.573303	0.000001	0.000001	0.000000	-0.344334	0.020030	0.000118	0.000000	-0.000000	-0.000000
0.636874	2.961350	7.240387	-5.008990	6.652370	0.581725	2.144120	-12.709100	-0.623308	0.000000	-0.000000	0.000000	-0.882242	11.174000	0.170974	8.073180	-19.841600	2.457930	-0.000000	0.000000	-0.000000	-0.000000	0.000000	-0.000031	0.000000	0.000000	0.000000	10.003700	-8.045300	-10.287200	-13.496600	-1.723960	5.669700	-0.000000	-0.000000	0.000000	0.000000	0.000000	0.000000	-102.748001	-43.955200	-4.996990	-102.473999	-57.774899	-109.976997	0.000000	0.000001	0.000000	-0.046231	0.359676	0.000289	-0.000000	-0.000000	0.000000
0.819424	2.951410	5.853660	-5.930540	7.395740	0.766076	3.621020	-15.497300	-0.604139	0.000000	0.000000	0.000000	-1.616070	10.101000	0.283496	8.396810	-17.422300	2.046520	0.000000	-0.000000	0.000000	-0.000002	0.000001	0.000036	0.000000	0.000000	0.000000	10.082000	-7.283060	-6.513070	-14.182000	-4.609240	4.853200	0.000000	0.000000	0.000000	0.000000	0.000000	0.000000	-94.534103	-42.871700	1.014390	-137.091003	-57.088402	-147.692001	-0.000000	-0.000001	0.000000	0.170023	0.444202	-0.001318	-0.000000	-0.000000	0.000000
0.699178	3.006941	4.453991	-5.357050	7.028040	0.657345	2.174080	-14.097100	-0.766142	0.000000	-0.000000	-0.000000	-1.852880	9.321220	0.300205	8.478090	-16.370501	1.881990	0.000000	-0.000000	0.000000	-0.000002	0.000000	0.000027	0.000000	0.000000	0.000000	10.258200	-6.587900	-2.950560	-14.623000	-5.458060	4.541850	0.000000	-0.000000	0.000000	0.000000	0.000000	0.000000	-89.679703	-43.105099	4.397870	-156.813995	-52.577000	-166.860001	-0.000000	0.000000	-0.000000	0.429468	0.491209	-0.003682	0.000000	-0.000000	-0.000000
0.273636	3.175260	4.508230	-5.773560	6.286420	0.634316	2.977770	-11.751500	-0.562726	0.000000	-0.000000	-0.000000	-0.814640	9.560970	0.135312	5.776110	-18.536100	1.584450	0.000000	-0.000000	-0.000000	-0.000002	-0.000000	-0.000053	0.000000	0.000000	0.000000	10.259100	-7.139550	-5.648430	-14.661000	-7.370820	4.068450	0.000000	0.000001	-0.000000	0.000000	0.000000	0.000000	-90.236900	-42.356899	4.075010	-160.399994	-52.145901	-169.904999	-0.000000	0.000000	-0.000000	0.339861	0.575004	-0.003411	0.000000	0.000000	0.000000
0.694084	2.431600	4.434059	-5.335670	7.476140	0.696215	0.496277	-12.126800	-1.009320	0.000000	0.000000	-0.000000	-1.804880	10.791300	0.338033	7.599010	-20.485100	2.045110	-0.000000	-0.000000	-0.000000	0.000000	0.000000	-0.000065	0.000000	0.000000	0.000000	9.747680	-7.118670	-5.888900	-15.347800	-6.793660	4.152180	-0.000000	0.000000	0.000000	0.000000	0.000000	0.000000	-89.924896	-44.599300	4.129560	-156.160004	-58.858101	-164.770996	-0.000000	-0.000000	-0.000000	0.207242	0.361618	-0.001309	0.000000	0.000000	-0.000000
0.912585	1.816429	4.913430	-5.646140	8.336140	0.821178	1.206620	-13.137500	-0.997287	-0.000000	-0.000000	0.000000	-1.127860	10.817700	0.211700	5.038400	-18.552999	1.252420	0.000000	-0.000000	0.000000	0.000000	-0.000000	0.000032	0.000000	0.000000	0.000000	10.155100	-6.995150	-5.069340	-15.421600	-5.475340	4.497230	0.000000	0.000001	-0.000000	0.000000	0.000000	0.000000	-97.071297	-46.146801	-1.168790	-131.938995	-67.687599	-139.270004	-0.000000	0.000001	0.000000	0.049612	-0.275379	0.000239	-0.000000	-0.000000	0.000000
0.225027	1.950030	6.783510	-4.180040	8.028180	0.584799	-0.654491	-11.722900	-0.976111	0.000000	0.000000	-0.000000	0.078608	11.235500	-0.015322	3.927830	-19.323799	1.327190	-0.000000	-0.000000	0.000000	0.000000	0.000000	0.000025	0.000000	0.000000	0.000000	10.992600	-7.897010	-8.733770	-14.996400	-3.770330	5.060830	-0.000000	0.000001	-0.000000	0.000000	0.000000	0.000000	-107.967003	-47.445702	-9.753320	-73.670898	-68.872101	-76.491798	-0.000000	-0.000000	0.000000	-0.261951	-0.241199	-0.001103	0.000000	0.000000	0.000000
-0.090178	2.143920	8.794470	-3.047580	7.055570	0.374685	-2.338540	-10.006500	-0.934521	-0.000000	0.000000	0.000000	1.081570	11.433400	-0.214429	2.648640	-20.595699	1.306240	-0.000000	0.000000	-0.000001	-0.000000	0.000000	-0.000086	0.000000	0.000000	0.000000	10.653700	-8.922550	-13.544600	-14.483700	-3.469080	5.225190	-0.000000	0.000000	0.000000	0.000000	0.000000	0.000000	-114.103996	-45.064499	-13.870900	-40.718800	-49.842800	-34.860699	0.000000	0.000001	0.000000	-0.070951	-0.480138	-0.000594	-0.000000	0.000000	0.000001
-0.349249	1.903240	9.635810	-3.010230	7.204210	0.377838	-1.508400	-10.417300	-0.814351	0.000000	0.000000	-0.000000	1.777660	13.103600	-0.403147	1.818620	-23.984301	1.444570	0.000000	-0.000000	0.000000	0.000002	-0.000000	-0.000061	0.000000	0.000000	0.000000	10.902800	-8.656530	-12.106100	-14.520300	-2.666730	5.414950	0.000000	0.000000	-0.000000	0.000000	0.000000	0.000000	-115.775002	-44.600101	-15.064300	-31.513500	-32.059299	-17.344299	-0.000000	-0.000000	0.000000	-0.177318	-0.777214	-0.002404	-0.000000	-0.000000	0.000000
-0.394606	1.667300	10.664701	-2.739180	6.521000	0.311312	-1.259100	-8.561910	-0.593547	-0.000000	-0.000000	0.000001	2.240440	12.393400	-0.481091	1.265880	-21.049900	1.241960	-0.000000	0.000000	0.000000	0.000000	-0.000000	-0.000034	0.000000	0.000000	0.000000	10.527300	-8.014810	-9.692510	-14.362000	-2.490770	5.401730	-0.000000	0.000000	-0.000000	0.000000	0.000000	0.000000	-116.355003	-44.248699	-15.474700	-27.933399	-19.259800	-7.796290	-0.000001	0.000000	0.000001	0.024473	-0.738214	0.000315	-0.000000	0.000000	-0.000001
0.236203	2.407310	11.518600	-4.181500	5.836600	0.425971	-0.345554	-8.084710	-0.634897	0.000000	0.000000	0.000000	1.738770	11.780400	-0.355098	0.224829	-21.073799	0.693115	0.000000	0.000000	-0.000000	-0.000002	0.000000	0.000041	0.000000	0.000000	0.000000	9.651380	-8.023240	-10.514900	-13.808900	-3.237050	5.241370	-0.000000	-0.000000	0.000000	0.000000	0.000000	0.000000	-116.813004	-39.035999	-13.636500	-30.023600	-19.574600	-8.337360	-0.000000	0.000000	-0.000000	-0.094967	-0.785585	-0.001303	-0.000000	0.000000	-0.000000
0.481129	1.768860	12.422200	-4.836920	6.808930	0.574802	-0.240824	-9.219230	-0.810074	0.000000	0.000000	0.000000	0.760161	13.830600	-0.181735	1.666940	-23.806400	0.971284	0.000000	0.000000	0.000000	0.000002	-0.000001	0.000039	0.000000	0.000000	0.000000	8.792180	-8.129570	-12.037500	-13.586500	-1.690990	5.648490	0.000000	0.000000	-0.000000	0.000000	0.000000	0.000000	-110.780998	-37.000999	-8.760460	-38.687698	-21.703800	-13.928000	-0.000001	0.000000	-0.000000	-0.585324	-0.936413	-0.009566	0.000000	0.000000	0.000000
0.704350	1.534070	11.574798	-5.351620	7.162800	0.669199	0.134677	-10.226300	-0.921182	0.000000	0.000000	0.000000	-0.147529	13.917400	0.035474	3.031320	-23.048000	1.131530	0.000000	-0.000000	0.000000	0.000002	-0.000000	-0.000082	0.000000	0.000000	0.000000	8.447360	-7.675460	-10.059300	-12.844600	-1.195990	5.735350	-0.000000	0.000000	-0.000000	0.000000	0.000000	0.000000	-105.107002	-38.711700	-5.583430	-49.203999	-24.029499	-23.437599	-0.000001	-0.000000	-0.000000	-0.690922	-0.754436	-0.009097	-0.000000	0.000000	0.000000
1.104610	1.321640	11.031900	-6.726090	6.815160	0.801790	2.789090	-8.796330	-0.595640	-0.000000	-0.000000	0.000001	-1.204250	13.071200	0.272379	4.206060	-19.964001	1.036440	0.000000	-0.000000	0.000001	0.000000	0.000000	0.000011	0.000000	0.000000	0.000000	8.234490	-7.390430	-8.741320	-12.451100	-0.632537	5.834440	-0.000000	0.000000	0.000000	0.000000	0.000000	0.000000	-103.664001	-39.300800	-4.767640	-57.013500	-30.813700	-38.398399	-0.000003	-0.000000	0.000000	-0.879224	-0.852008	-0.013075	-0.000000	0.000000	0.000000
0.567364	1.892340	9.445817	-6.610480	5.999370	0.693955	3.923310	-9.812400	-0.452063	-0.000000	0.000000	-0.000000	-1.979230	12.478100	0.427798	7.870000	-19.807600	2.018420	0.000000	0.000000	0.000000	0.000000	0.000000	0.000001	0.000000	0.000000	0.000000	9.523820	-7.244610	-6.790630	-13.236200	-1.057130	5.731070	-0.000000	-0.000000	0.000000	0.000000	0.000000	0.000000	-103.036003	-41.261799	-4.717080	-66.765701	-40.952999	-59.548000	0.000001	-0.000001	-0.000001	-0.679983	-0.626361	-0.007432	0.000000	-0.000000	-0.000001
0.004054	1.913660	6.677920	-4.505200	5.898470	0.463923	2.424940	-9.612890	-0.343530	-0.000000	-0.000000	-0.000000	-1.037830	12.302200	0.221144	10.002300	-21.340200	3.294350	-0.000000	0.000000	-0.000000	0.000000	-0.000000	0.000007	0.000000	0.000000	0.000000	10.284200	-6.063640	-0.487890	-13.532800	-1.377160	5.530530	0.000000	-0.000000	0.000000	0.000000	0.000000	0.000000	-99.707397	-45.410599	-3.086940	-82.430099	-50.276501	-85.042099	-0.000000	-0.000000	0.000000	-0.244841	-0.361993	-0.001547	-0.000000	-0.000000	0.000000
-0.200738	2.278460	5.312540	-4.319980	7.434000	0.559975	2.408730	-14.696200	-0.475794	-0.000000	-0.000000	0.000000	-0.651011	10.505500	0.118697	8.824680	-18.666500	2.635670	-0.000000	0.000000	0.000000	-0.000002	0.000000	-0.000071	0.000000	0.000000	0.000000	9.872820	-6.306020	-1.653070	-13.354800	-2.936860	5.218960	0.000000	-0.000000	0.000001	0.000000	0.000000	0.000000	-91.099197	-44.585602	3.241950	-112.621002	-56.602501	-122.225998	0.000000	-0.000000	-0.000000	0.296460	0.114387	-0.000593	-0.000000	0.000000	0.000000
0.088747	3.468430	4.139060	-5.579830	6.352700	0.619331	4.395880	-15.637400	-0.309897	0.000000	0.000000	0.000000	-2.019500	8.869590	0.311499	11.123200	-18.351500	2.895980	0.000000	-0.000000	0.000000	0.000002	0.000000	-0.000057	0.000000	0.000000	0.000000	9.408860	-6.620220	-3.305570	-13.212600	-5.505940	4.675250	0.000000	0.000000	-0.000000	0.000000	0.000000	0.000000	-87.428703	-42.482899	5.982500	-141.835007	-55.928699	-152.602997	0.000000	-0.000000	-0.000000	0.725487	0.678129	-0.008587	0.000000	0.000000	0.000001
0.482070	3.547200	3.953620	-6.286010	5.363190	0.589889	4.753580	-13.684600	-0.356069	0.000000	0.000000	0.000000	-3.275880	8.722480	0.497306	12.100400	-18.437901	2.823280	-0.000000	-0.000000	-0.000000	-0.000000	-0.000000	-0.000040	0.000000	0.000000	0.000000	8.973380	-6.861610	-4.834280	-13.425800	-7.043240	4.303490	-0.000000	0.000000	-0.000000	0.000000	0.000000	0.000000	-84.892700	-42.642899	7.698130	-162.751007	-52.598900	-171.733994	0.000000	-0.000000	0.000000	0.797762	0.651869	-0.009078	0.000000	0.000000	0.000000
1.041110	3.093750	3.934700	-6.859430	6.255840	0.751004	3.916770	-15.599300	-0.780876	0.000000	0.000000	-0.000000	-4.567670	8.193950	0.652353	13.927600	-16.940300	2.763630	0.000000	0.000000	-0.000000	-0.000000	-0.000001	-0.000053	0.000000	0.000000	0.000000	8.213870	-7.038130	-6.401020	-12.545200	-7.405560	4.322690	-0.000000	-0.000000	0.000000	0.000000	0.000000	0.000000	-83.870499	-43.161999	8.390450	-172.272003	-52.205898	-179.423996	-0.000000	0.000000	0.000000	0.680950	-0.021113	0.000250	0.000000	-0.000000	-0.000000
0.729536	2.264301	4.413941	-6.973920	7.139410	0.870980	4.366640	-13.850500	-0.611519	-0.000000	0.000000	-0.000000	-2.987920	9.549440	0.496120	10.203600	-16.929199	2.123610	0.000000	-0.000000	0.000000	0.000002	-0.000000	-0.000054	0.000000	0.000000	0.000000	8.295170	-7.027280	-6.356300	-12.258700	-7.145700	4.386750	-0.000000	-0.000000	-0.000000	0.000000	0.000000	0.000000	-83.610802	-44.648701	8.538560	-175.029999	-54.132401	178.503006	-0.000000	0.000000	0.000000	0.492504	-0.079621	0.000685	-0.000000	-0.000000	0.000000
0.383136	2.091971	4.702711	-6.214400	7.503870	0.814695	3.053750	-12.888800	-0.693733	-0.000000	0.000000	0.000000	-2.176910	9.869350	0.373294	7.491830	-16.469700	1.520030	-0.000000	-0.000000	-0.000000	0.000002	-0.000000	-0.000058	0.000000	0.000000	0.000000	8.958180	-7.048550	-6.008390	-12.578200	-6.122390	4.586630	0.000000	0.000000	-0.000000	0.000000	0.000000	0.000000	-87.984497	-45.051899	5.433820	-168.434006	-59.328499	-175.468002	-0.000000	-0.000000	0.000000	0.420960	0.035283	-0.000258	-0.000000	-0.000000	0.000000
-0.130911	1.971080	4.803579	-4.697180	7.022030	0.575500	1.110550	-11.646900	-0.717812	0.000000	0.000000	-0.000000	0.283696	10.626400	-0.052322	3.325790	-18.981199	1.173830	0.000000	0.000000	-0.000000	0.000000	0.000000	0.000001	0.000000	0.000000	0.000000	9.785630	-7.029810	-5.382320	-13.587700	-5.032260	4.767270	0.000000	0.000001	0.000000	0.000000	0.000000	0.000000	-94.722801	-46.902802	0.432495	-145.022995	-69.086899	-151.968994	-0.000000	0.000000	-0.000000	0.243621	-0.125612	0.000534	0.000000	0.000000	-0.000000
-0.272594	1.365880	5.949941	-3.539040	8.353000	0.514761	-1.344740	-12.207800	-1.027100	-0.000000	-0.000000	-0.000000	0.347356	11.637300	-0.070072	3.639470	-19.674101	1.341760	0.000000	0.000000	0.000000	-0.000000	0.000000	-0.000049	0.000000	0.000000	0.000000	10.261500	-6.691880	-3.556500	-13.903700	-3.281830	5.131850	-0.000000	0.000000	0.000000	0.000000	0.000000	0.000000	-106.932999	-50.378799	-9.707960	-72.094200	-73.076401	-75.400803	0.000000	-0.000000	0.000000	-0.286259	-0.434536	-0.002171	-0.000000	-0.000000	0.000000
-0.290583	1.523310	7.461700	-3.237650	7.516180	0.423945	-1.347850	-9.971030	-0.790770	0.000000	-0.000000	0.000001	1.401350	11.872000	-0.288353	1.650050	-19.897499	1.029160	0.000000	0.000000	-0.000000	-0.000002	0.000000	0.000004	0.000000	0.000000	0.000000	10.196900	-7.347900	-6.788120	-13.681200	-2.169960	5.480880	0.000000	-0.000000	-0.000000	0.000000	0.000000	0.000000	-117.666000	-49.016102	-18.173000	-31.383499	-57.351398	-29.247900	0.000000	-0.000000	0.000000	-0.256521	-0.714327	-0.003197	-0.000000	0.000000	0.000000
-0.351466	1.197980	9.053400	-2.981400	7.112950	0.369499	-1.244430	-8.452510	-0.618859	-0.000000	0.000000	0.000001	1.783260	13.629000	-0.420332	1.792100	-22.877300	1.371910	-0.000000	0.000000	-0.000000	0.000002	-0.000000	-0.000052	0.000000	0.000000	0.000000	10.227000	-7.353190	-6.868770	-13.713000	-1.656360	5.580070	0.000000	0.000000	-0.000000	0.000000	0.000000	0.000000	-119.591003	-44.202202	-17.858900	-24.660801	-41.094398	-16.780199	0.000000	0.000000	-0.000000	-0.155272	-1.168770	-0.003168	0.000000	0.000000	-0.000000
-0.018676	1.445680	10.049300	-3.509010	7.580180	0.463450	-0.372828	-10.411500	-0.696976	-0.000000	-0.000000	0.000001	1.170790	14.048400	-0.284244	3.652520	-23.931700	1.946150	0.000000	-0.000000	0.000000	0.000002	-0.000000	0.000000	0.000000	0.000000	0.000000	9.556410	-7.666310	-8.907140	-13.555600	-1.642060	5.621330	0.000000	0.000000	-0.000000	0.000000	0.000000	0.000000	-120.043999	-41.493599	-17.046600	-22.667900	-27.625500	-9.341230	0.000001	0.000000	-0.000001	-0.485768	-1.271250	-0.010777	-0.000000	0.000000	0.000000
0.326921	1.192330	9.681170	-4.505480	8.308170	0.652342	1.209230	-12.227200	-0.688770	-0.000000	-0.000000	0.000001	0.054108	13.887800	-0.012996	5.379050	-22.554300	2.088680	-0.000000	-0.000000	-0.000000	0.000002	-0.000000	0.000055	0.000000	0.000000	0.000000	10.227500	-6.184260	-1.393430	-13.992300	-1.251240	5.497460	0.000000	-0.000000	-0.000000	0.000000	0.000000	0.000000	-120.181999	-40.231602	-16.500601	-23.157200	-20.909500	-6.180140	-0.000001	-0.000000	-0.000000	-0.518612	-1.375300	-0.012448	0.000000	0.000000	-0.000001
0.351493	1.134370	10.141298	-4.424840	8.294780	0.639595	1.160610	-11.052600	-0.617513	0.000000	0.000000	0.000000	0.305876	14.713100	-0.077696	4.785480	-23.306000	2.014860	-0.000000	0.000000	0.000000	0.000000	0.000000	0.000004	0.000000	0.000000	0.000000	10.305300	-6.228530	-1.640480	-14.012500	-1.544240	5.414470	-0.000000	-0.000000	0.000000	0.000000	0.000000	0.000000	-115.819000	-37.534401	-12.125400	-29.672600	-19.718500	-7.886920	-0.000000	-0.000000	-0.000001	-0.740254	-1.517010	-0.019597	-0.000000	0.000000	-0.000001
0.491553	1.292580	10.497600	-5.143270	7.897090	0.708519	1.886330	-11.141700	-0.620525	-0.000000	-0.000000	-0.000000	-0.011652	13.814300	0.002773	3.916570	-21.913300	1.459410	-0.000000	0.000000	0.000000	0.000002	-0.000000	-0.000018	0.000000	0.000000	0.000000	9.780330	-6.686930	-4.023660	-13.335000	-1.135840	5.592420	0.000000	-0.000000	0.000001	0.000000	0.000000	0.000000	-110.130997	-36.227200	-7.878730	-39.818100	-20.661100	-13.285700	0.000001	-0.000000	0.000000	-0.932132	-1.487370	-0.024197	-0.000000	0.000000	0.000001
0.592267	1.005360	8.962532	-4.651290	8.688090	0.704108	0.419469	-12.381200	-0.897405	-0.000000	0.000000	0.000000	-0.807145	13.827900	0.192914	5.433420	-21.279499	1.690690	0.000000	-0.000000	0.000001	0.000000	0.000000	-0.000025	0.000000	0.000000	0.000000	9.855020	-5.759840	0.638541	-13.523200	0.059485	5.756030	0.000000	0.000001	0.000000	0.000000	0.000000	0.000000	-106.907997	-37.131199	-6.025550	-50.725101	-24.611000	-24.633400	0.000001	-0.000001	0.000001	-0.736241	-1.334640	-0.017148	-0.000000	0.000000	-0.000000
1.109070	1.274250	7.644390	-6.026800	10.071300	1.057710	1.354410	-15.684600	-1.240380	-0.000000	0.000000	0.000000	-2.268530	13.360600	0.524456	6.789850	-20.557899	1.612280	0.000000	0.000000	0.000000	0.000000	-0.000000	-0.000054	0.000000	0.000000	0.000000	9.191820	-5.464740	2.324620	-13.364600	0.050492	5.725350	0.000000	-0.000000	-0.000000	0.000000	0.000000	0.000000	-107.083000	-40.814899	-7.190280	-58.077801	-29.742701	-38.250500	-0.000000	-0.000000	0.000000	-0.775597	-0.582537	-0.007886	0.000000	-0.000000	-0.000001
0.892680	1.705630	6.442650	-5.609470	8.464720	0.828300	0.469238	-13.223000	-1.164650	0.000000	0.000000	-0.000000	-2.212630	12.649700	0.484763	6.689830	-20.681900	1.603170	0.000000	-0.000000	0.000000	-0.000000	-0.000000	-0.000062	0.000000	0.000000	0.000000	9.244130	-6.094720	-0.865013	-12.966300	-1.396850	5.528150	0.000000	0.000000	-0.000000	0.000000	0.000000	0.000000	-105.653999	-43.550900	-6.892700	-70.805496	-40.650398	-65.166702	-0.000001	-0.000000	-0.000000	-0.719123	-0.151362	-0.001899	-0.000000	-0.000000	-0.000000
0.148523	2.023340	5.146309	-4.763990	8.425340	0.699595	0.842470	-14.350100	-0.960522	0.000000	0.000000	-0.000000	-2.054690	12.858500	0.457436	10.500400	-23.287901	3.380330	-0.000000	0.000000	-0.000000	-0.000000	-0.000000	0.000088	0.000000	0.000000	0.000000	9.273670	-6.489090	-2.857530	-11.934600	-2.989840	5.269610	0.000000	0.000000	-0.000000	0.000000	0.000000	0.000000	-98.783699	-44.405300	-2.110560	-94.954102	-50.473499	-102.019997	0.000001	-0.000001	0.000001	-0.298618	0.213175	0.001110	0.000000	0.000000	-0.000001
-0.154759	2.597450	4.107150	-4.786920	6.566130	0.548640	2.030520	-11.830900	-0.559072	-0.000000	-0.000000	0.000000	-1.232420	10.624100	0.227241	8.350260	-20.324499	2.490980	0.000000	-0.000000	0.000000	0.000002	-0.000000	-0.000063	0.000000	0.000000	0.000000	9.824640	-7.289610	-6.671040	-12.418400	-5.772030	4.708060	-0.000000	0.000000	-0.000000	0.000000	0.000000	0.000000	-90.268799	-43.706001	3.986580	-127.348000	-55.985802	-138.410995	-0.000000	0.000000	-0.000000	0.384135	0.292653	-0.001963	0.000000	-0.000000	0.000001
0.169032	2.337550	3.958351	-4.847110	5.774310	0.488821	1.009990	-7.934820	-0.527057	-0.000000	0.000000	-0.000000	-1.549190	10.009600	0.269325	7.648240	-19.029200	2.003110	0.000000	0.000000	0.000000	-0.000000	-0.000000	-0.000044	0.000000	0.000000	0.000000	9.361030	-7.960710	-10.589900	-12.189600	-6.579090	4.575530	0.000000	0.000001	-0.000000	0.000000	0.000000	0.000000	-85.937798	-44.167198	6.962110	-153.835007	-56.625000	-163.285004	0.000000	-0.000000	0.000000	0.477878	0.057518	-0.000481	-0.000000	0.000000	0.000001
0.189729	2.555880	4.888289	-4.403090	5.442190	0.418408	-0.949902	-7.462170	-0.694586	-0.000000	-0.000000	0.000000	-1.539870	10.452100	0.279409	6.857000	-21.075100	1.926070	-0.000000	0.000000	-0.000000	-0.000002	-0.000000	-0.000075	0.000000	0.000000	0.000000	9.103140	-8.894870	-15.705300	-11.816200	-7.179450	4.496570	0.000000	-0.000000	-0.000000	0.000000	0.000000	0.000000	-82.544098	-42.992001	9.225400	-169.250000	-54.866699	-176.692993	-0.000000	-0.000000	-0.000000	0.446325	0.052229	-0.000407	-0.000000	0.000000	0.000001
1.210320	2.867280	5.418650	-5.544830	6.237510	0.604308	-1.664580	-9.175760	-1.150250	-0.000000	0.000000	0.000000	-2.005170	10.320600	0.359370	4.194720	-19.913601	0.757169	0.000000	0.000000	0.000000	-0.000000	-0.000000	-0.000008	0.000000	0.000000	0.000000	8.397150	-8.906160	-16.854900	-12.127100	-8.056780	4.269460	0.000000	0.000000	-0.000000	0.000000	0.000000	0.000000	-82.628502	-42.352100	9.100710	-174.054001	-54.373001	179.335007	0.000000	-0.000000	-0.000000	0.428600	0.015321	-0.000115	-0.000000	0.000000	0.000000
1.674340	3.409149	5.129150	-7.529650	6.175460	0.814626	0.738954	-11.022600	-1.295710	-0.000000	-0.000000	0.000000	-2.838630	9.914970	0.489152	3.521560	-20.813299	0.257771	-0.000000	0.000000	-0.000000	0.000002	-0.000000	-0.000099	0.000000	0.000000	0.000000	7.875850	-8.934270	-17.933001	-12.176200	-7.952800	4.304980	0.000000	0.000000	-0.000000	0.000000	0.000000	0.000000	-85.626701	-43.681702	7.067630	-172.358002	-56.099701	-179.132996	0.000000	-0.000000	0.000000	0.389883	0.379277	-0.002581	0.000000	-0.000000	0.000000
1.202010	2.262011	4.458150	-6.981630	6.761660	0.826044	1.101070	-9.832060	-0.999181	-0.000000	-0.000000	0.000000	-3.138360	10.949400	0.596671	5.606080	-20.646700	0.890816	-0.000000	0.000000	0.000000	0.000000	0.000000	-0.000049	0.000000	0.000000	0.000000	8.745090	-7.331140	-7.790500	-13.402800	-5.663660	4.658440	-0.000000	-0.000001	0.000000	0.000000	0.000000	0.000000	-87.023499	-45.920200	6.084880	-164.843002	-61.840199	-171.968002	0.000000	0.000000	-0.000000	0.466615	0.416668	-0.003393	0.000000	-0.000000	-0.000001
0.767770	1.987161	4.610860	-5.918640	7.344060	0.759217	0.501056	-10.055000	-0.940026	-0.000000	0.000000	0.000000	-1.832130	11.863700	0.376771	4.608360	-21.238501	1.020600	-0.000000	0.000000	-0.000000	-0.000002	0.000000	0.000031	0.000000	0.000000	0.000000	9.742710	-6.595110	-3.220040	-13.760000	-3.963480	4.979760	-0.000000	0.000000	0.000000	0.000000	0.000000	0.000000	-95.094902	-47.911701	0.024711	-139.225006	-70.246597	-146.022003	-0.000000	0.000000	0.000000	0.201888	0.298597	-0.001053	-0.000000	-0.000000	-0.000000
0.163895	1.905190	6.331339	-4.796940	7.518160	0.629076	1.515470	-10.737800	-0.604305	0.000000	0.000000	-0.000000	0.474930	11.620500	-0.095672	2.486870	-20.252199	1.022670	-0.000000	0.000000	-0.000000	0.000000	0.000000	-0.000065	0.000000	0.000000	0.000000	10.238900	-7.312170	-6.584860	-13.854900	-2.425970	5.421420	0.000000	-0.000000	-0.000000	0.000000	0.000000	0.000000	-107.156998	-47.841499	-9.211130	-73.149101	-72.339798	-76.283401	0.000001	-0.000000	-0.000000	-0.255740	0.033543	0.000150	0.000000	0.000000	-0.000000
0.635786	2.006770	8.133149	-4.685620	7.119790	0.582029	-0.350480	-9.718300	-0.846083	-0.000000	-0.000000	0.000001	0.259206	12.669600	-0.056861	1.399900	-22.740900	0.639081	-0.000000	-0.000000	-0.000000	-0.000000	-0.000000	-0.000110	0.000000	0.000000	0.000000	9.741480	-7.937900	-10.037700	-14.313700	-1.590430	5.682250	-0.000000	-0.000000	0.000000	0.000000	0.000000	0.000000	-115.359001	-45.751400	-15.072300	-36.916801	-52.122601	-32.223400	-0.000000	-0.000001	-0.000000	-0.314722	-0.435565	-0.002392	-0.000000	-0.000000	-0.000001
0.982481	1.863430	9.939640	-4.732020	6.839420	0.564784	-1.656060	-7.476950	-0.830215	0.000000	-0.000000	-0.000001	0.516808	13.460400	-0.120311	-0.035057	-23.809099	0.188766	0.000000	0.000000	0.000000	0.000002	-0.000000	0.000002	0.000000	0.000000	0.000000	8.527310	-8.535350	-14.510600	-13.184300	-1.313190	5.804960	-0.000000	0.000000	-0.000000	0.000000	0.000000	0.000000	-116.646004	-41.534302	-14.491600	-29.844801	-32.715801	-16.244301	-0.000001	0.000000	0.000000	-0.528874	-0.694700	-0.006411	0.000000	0.000000	-0.000002
1.382000	2.020830	11.037197	-6.368430	7.649940	0.851208	-0.534356	-10.179500	-1.215490	0.000000	-0.000000	-0.000000	-1.648210	12.507000	0.357018	2.729160	-20.832300	0.398399	0.000000	-0.000000	0.000000	0.000002	-0.000001	-0.000018	0.000000	0.000000	0.000000	7.679700	-8.490580	-15.545400	-12.769700	-1.950280	5.663500	-0.000000	0.000000	-0.000000	0.000000	0.000000	0.000000	-117.980003	-38.285999	-14.098000	-26.914200	-20.644800	-7.535210	0.000001	0.000000	0.000001	-0.586601	-0.717862	-0.007347	-0.000000	0.000000	0.000001
1.161470	2.839061	11.724502	-7.423330	6.954360	0.903792	1.990460	-10.946100	-1.024090	-0.000000	0.000000	0.000000	-1.553070	11.800600	0.317679	2.259970	-20.472300	0.258755	0.000000	0.000000	-0.000000	-0.000002	0.000000	0.000005	0.000000	0.000000	0.000000	7.699790	-9.243600	-19.456200	-12.639500	-2.869630	5.502800	0.000000	-0.000000	-0.000000	0.000000	0.000000	0.000000	-117.799004	-34.780300	-12.331700	-28.693701	-15.799300	-4.988040	-0.000000	-0.000000	0.000001	-0.384192	-0.250856	-0.001682	0.000000	0.000000	0.000000
1.178390	3.425570	11.918999	-6.642390	4.854120	0.564581	-0.344628	-7.763290	-0.945144	-0.000000	0.000000	0.000000	-1.912560	11.771300	0.390302	3.970110	-22.955999	0.818515	0.000000	-0.000000	0.000000	0.000002	-0.000000	0.000064	0.000000	0.000000	0.000000	7.903060	-9.676010	-21.202000	-13.095400	-3.524490	5.350160	-0.000000	0.000000	0.000000	0.000000	0.000000	0.000000	-115.042999	-31.591000	-9.093600	-35.265701	-17.324301	-8.052190	0.000001	-0.000001	0.000001	-0.383218	-0.070587	-0.000473	0.000000	0.000000	0.000001
0.619581	3.303460	10.443100	-5.610720	4.412990	0.433092	-0.067840	-7.896180	-0.780307	0.000000	-0.000000	0.000000	-1.047750	11.106100	0.201838	4.778820	-21.335699	1.366330	0.000000	-0.000000	0.000001	0.000002	-0.000001	-0.000036	0.000000	0.000000	0.000000	9.192110	-8.639280	-13.986400	-13.748100	-2.899650	5.414050	0.000000	0.000000	0.000000	0.000000	0.000000	0.000000	-111.515999	-31.314600	-6.817220	-43.643002	-21.206301	-15.339700	-0.000001	0.000000	-0.000000	-0.514022	-0.017868	-0.000161	0.000000	0.000000	-0.000001
-0.166051	2.998570	8.911661	-3.586980	5.457210	0.341569	-1.440800	-9.519350	-0.830862	0.000000	-0.000000	-0.000000	0.589258	11.221600	-0.114682	4.476220	-20.848101	1.802850	-0.000000	0.000000	0.000000	0.000002	-0.000000	0.000074	0.000000	0.000000	0.000000	10.137000	-8.116800	-10.451800	-13.997800	-1.749320	5.653950	-0.000000	0.000000	-0.000000	0.000000	0.000000	0.000000	-108.698997	-32.909599	-5.691090	-52.079399	-27.146900	-27.889601	0.000002	-0.000000	0.000000	-0.304808	-0.234573	-0.001248	-0.000000	-0.000000	-0.000000
-0.534667	3.287241	8.513212	-3.224780	5.682790	0.319653	-0.034359	-11.583500	-0.651895	0.000000	0.000000	-0.000000	1.578470	10.537900	-0.288758	3.830790	-20.532499	1.892790	0.000000	-0.000000	0.000000	-0.000000	0.000000	-0.000064	0.000000	0.000000	0.000000	10.536300	-8.606610	-12.256200	-13.964700	-2.289440	5.551570	0.000000	0.000000	0.000000	0.000000	0.000000	0.000000	-106.943001	-34.027802	-5.017250	-59.919498	-35.075100	-44.608200	0.000001	0.000000	-0.000000	-0.620632	0.183177	0.001985	-0.000000	0.000000	-0.000000
-0.505536	3.013790	7.255160	-2.646180	6.126110	0.282589	-0.971529	-12.308200	-0.768926	-0.000000	-0.000000	-0.000000	1.480950	11.015300	-0.283034	3.622630	-21.179100	1.838180	-0.000000	-0.000000	-0.000000	-0.000000	-0.000000	-0.000046	0.000000	0.000000	0.000000	11.021600	-8.333540	-10.589900	-14.174900	-2.783490	5.398020	0.000000	0.000000	-0.000000	0.000000	0.000000	0.000000	-104.253998	-38.270302	-4.532190	-72.169296	-47.238499	-69.327698	0.000002	0.000001	-0.000001	-0.573146	0.234612	0.002347	-0.000000	0.000000	-0.000001
0.050515	2.400010	4.814899	-3.247710	7.078180	0.400612	-1.651820	-11.889900	-1.006680	0.000000	-0.000000	-0.000000	0.562202	10.715400	-0.104541	3.688260	-19.795099	1.438470	-0.000000	-0.000000	0.000000	-0.000000	0.000000	0.000019	0.000000	0.000000	0.000000	10.437800	-7.085700	-5.332110	-14.076400	-3.270110	5.195590	0.000000	-0.000000	0.000000	0.000000	0.000000	0.000000	-97.797897	-41.674099	-0.899149	-100.487000	-58.963299	-107.068001	-0.000000	-0.000002	-0.000001	-0.496334	0.175280	0.001518	0.000000	-0.000000	-0.000001
0.859847	2.786241	3.781851	-5.663690	7.474030	0.739078	2.025640	-13.796500	-0.857120	-0.000000	0.000000	0.000000	-2.593470	10.663600	0.480209	10.346100	-19.986200	2.679730	0.000000	-0.000000	-0.000000	0.000000	0.000000	0.000015	0.000000	0.000000	0.000000	9.314150	-7.282520	-7.048830	-12.922000	-5.308190	4.784720	-0.000000	0.000000	0.000000	0.000000	0.000000	0.000000	-92.282402	-41.951000	2.802300	-143.186996	-61.635201	-151.942993	-0.000000	-0.000000	-0.000000	0.147162	0.484804	-0.001246	-0.000000	0.000000	0.000000
1.064370	3.455040	3.412120	-6.703590	6.513430	0.763868	4.136650	-14.514000	-0.632796	0.000000	-0.000000	0.000000	-4.109320	8.736800	0.625230	14.030400	-17.761801	3.069240	0.000000	-0.000000	-0.000000	0.000002	-0.000000	0.000009	0.000000	0.000000	0.000000	8.970960	-7.757620	-9.911370	-12.565000	-7.089230	4.431830	0.000000	0.000000	0.000000	0.000000	0.000000	0.000000	-88.507599	-42.580700	5.297080	-169.604996	-56.334099	-176.763000	0.000000	-0.000001	0.000000	-0.029450	0.642798	0.000330	0.000000	0.000000	0.000000
1.173970	4.054910	5.235760	-7.058000	6.044430	0.746939	3.809850	-14.757200	-0.818122	-0.000000	-0.000000	0.000000	-4.338940	8.317310	0.628822	13.700400	-17.596500	2.867330	0.000000	-0.000000	-0.000000	-0.000002	0.000000	0.000010	0.000000	0.000000	0.000000	8.561240	-9.547150	-19.862499	-11.934600	-8.750410	4.140040	-0.000000	-0.000000	0.000000	0.000000	0.000000	0.000000	-86.499802	-41.164200	6.534760	-178.727005	-52.667198	175.522995	0.000000	-0.000000	0.000000	0.026735	0.672053	-0.000314	-0.000000	-0.000000	-0.000000
0.508526	3.603210	5.282969	-6.272600	6.587700	0.722462	4.515810	-15.906400	-0.470199	-0.000000	0.000000	0.000000	-3.203210	8.474800	0.472547	12.805500	-16.627100	2.781770	-0.000000	0.000000	-0.000000	0.000000	0.000001	0.000035	0.000000	0.000000	0.000000	9.139010	-9.253220	-17.367701	-12.475600	-7.665370	4.329590	0.000000	0.000000	0.000000	0.000000	0.000000	0.000000	-80.607498	-42.846001	10.503200	178.214996	-54.512299	173.091995	0.000000	0.000000	-0.000001	0.413029	0.489467	-0.003529	-0.000000	0.000000	0.000000
0.729403	3.344600	4.809230	-6.659890	7.494830	0.872553	5.191360	-16.853399	-0.409253	-0.000000	0.000000	-0.000000	-2.909210	8.959240	0.453428	10.991300	-16.411100	2.307680	-0.000000	-0.000000	0.000000	0.000000	0.000000	-0.000049	0.000000	0.000000	0.000000	8.964170	-8.514180	-13.903800	-12.450000	-6.827460	4.529260	0.000000	0.000000	-0.000000	0.000000	0.000000	0.000000	-81.498596	-45.621899	10.008000	178.932007	-60.063000	173.690002	0.000000	-0.000000	0.000000	0.697925	0.442908	-0.005397	0.000000	-0.000000	0.000000
0.794698	1.472580	4.443690	-6.645500	8.675260	1.006780	4.724140	-14.673900	-0.467510	-0.000000	0.000000	0.000000	-3.053340	11.426000	0.605415	12.096500	-17.779200	2.801230	0.000000	0.000000	-0.000000	-0.000000	-0.000000	-0.000022	0.000000	0.000000	0.000000	8.750290	-6.758000	-4.647750	-12.710100	-3.786100	5.089060	-0.000000	-0.000000	0.000000	0.000000	0.000000	0.000000	-84.875298	-49.443901	7.551290	-177.755005	-70.530899	176.940002	0.000000	-0.000002	0.000000	0.488439	-0.179520	0.001530	-0.000000	-0.000000	-0.000000
0.751449	0.531846	4.690960	-6.305440	10.559800	1.160060	3.929140	-15.378500	-0.602029	-0.000000	-0.000000	0.000000	-2.657210	13.688700	0.629232	10.574700	-19.943399	2.742100	-0.000000	0.000000	-0.000000	-0.000002	0.000000	0.000023	0.000000	0.000000	0.000000	9.206150	-5.678710	1.384710	-13.043100	-1.806910	5.373690	-0.000000	-0.000000	0.000000	0.000000	0.000000	0.000000	-90.449997	-51.666801	3.115730	-143.725998	-81.736198	-148.714996	0.000000	0.000001	-0.000000	0.162536	-0.417098	0.001184	0.000000	-0.000000	-0.000001
0.793557	0.500939	5.838190	-5.867280	11.140400	1.137470	3.729170	-16.652800	-0.581143	-0.000000	0.000000	0.000000	-2.466940	13.862400	0.591390	10.466100	-19.299601	2.683380	-0.000000	-0.000000	0.000000	0.000002	-0.000000	0.000058	0.000000	0.000000	0.000000	9.505460	-5.895110	0.144167	-13.432300	-0.973372	5.590090	0.000000	0.000000	-0.000000	0.000000	0.000000	0.000000	-101.013000	-54.524899	-5.889630	-28.902500	-77.207901	-32.056000	-0.000000	0.000000	0.000000	-0.466943	-0.764873	-0.006233	-0.000000	0.000000	-0.000001
0.080143	0.208934	8.277090	-4.718130	11.224000	0.920362	3.762780	-16.309099	-0.242893	0.000000	0.000000	0.000000	-0.788967	15.202300	0.206896	9.299480	-21.300600	3.121650	0.000000	-0.000000	0.000000	0.000000	0.000000	0.000038	0.000000	0.000000	0.000000	9.975090	-6.836880	-4.678330	-13.041000	-0.163757	5.865070	0.000000	0.000000	-0.000000	0.000000	0.000000	0.000000	-112.361000	-51.994999	-14.888100	-9.496310	-56.913799	-9.908070	-0.000000	-0.000001	-0.000000	-0.949091	-0.664532	-0.011008	-0.000000	0.000000	0.000000
-0.148776	0.429072	9.656340	-3.678670	10.382100	0.663821	3.045700	-15.435900	-0.152418	0.000000	-0.000000	0.000000	0.915575	15.106400	-0.238635	7.159010	-20.903601	2.886260	0.000000	-0.000000	0.000001	-0.000000	0.000000	-0.000043	0.000000	0.000000	0.000000	10.712900	-7.399700	-6.907760	-12.564100	-0.763975	5.755510	0.000000	0.000000	-0.000000	0.000000	0.000000	0.000000	-115.878998	-47.848202	-16.453501	-15.126800	-38.950001	-9.695180	-0.000001	-0.000001	0.000000	-0.601008	-1.423440	-0.014929	-0.000000	-0.000000	0.000001
-0.295768	0.654865	10.410000	-2.815690	11.001400	0.537740	0.781426	-17.881001	-0.608916	-0.000000	-0.000000	0.000000	1.685070	14.282000	-0.415817	5.090050	-19.423500	2.244910	0.000000	0.000000	0.000000	-0.000000	0.000000	0.000035	0.000000	0.000000	0.000000	10.691400	-7.504560	-7.396320	-11.903400	-1.262670	5.642870	0.000000	-0.000000	0.000001	0.000000	0.000000	0.000000	-118.541000	-44.778099	-17.417299	-14.491100	-22.149300	-3.776510	0.000000	0.000000	-0.000001	-0.653197	-1.603490	-0.018279	0.000000	0.000000	0.000000
0.386918	1.258110	11.052799	-3.272580	9.759770	0.555339	-1.681990	-14.137400	-1.201320	-0.000000	-0.000000	0.000000	0.852821	14.478700	-0.213248	3.464350	-21.524900	1.576620	0.000000	0.000000	0.000000	0.000000	0.000000	-0.000098	0.000000	0.000000	0.000000	10.157700	-7.629930	-8.334840	-12.095400	-2.277730	5.438820	0.000000	0.000000	-0.000000	0.000000	0.000000	0.000000	-123.657997	-41.472599	-20.001699	-9.597740	-12.359000	0.729202	-0.000000	0.000000	-0.000000	-0.801539	-1.421450	-0.019883	0.000000	0.000000	0.000001
0.608617	0.632626	11.404400	-3.939270	9.889360	0.677583	-1.165990	-12.693600	-1.111660	0.000000	0.000000	-0.000000	0.786695	15.348400	-0.208251	1.815670	-21.630400	0.949496	-0.000000	0.000000	0.000000	0.000000	0.000000	0.000080	0.000000	0.000000	0.000000	9.419090	-7.154460	-6.692310	-12.323200	-2.275850	5.367310	-0.000000	-0.000000	0.000000	0.000000	0.000000	0.000000	-123.304001	-39.154400	-18.516001	-10.229200	-9.389730	1.571080	0.000000	0.000000	0.000000	-0.745912	-1.555040	-0.020241	0.000000	-0.000000	0.000001
0.809667	0.908966	11.959502	-5.345300	9.350600	0.870934	1.177640	-12.741700	-0.904950	-0.000000	-0.000000	0.000000	-0.522726	14.522000	0.131066	5.310540	-20.491301	1.685380	-0.000000	0.000000	-0.000000	-0.000002	0.000000	-0.000038	0.000000	0.000000	0.000000	8.519980	-7.384960	-8.598140	-12.298400	-2.078030	5.460670	-0.000000	0.000000	-0.000000	0.000000	0.000000	0.000000	-120.684998	-35.927799	-14.896000	-13.771200	-12.402700	0.380621	-0.000001	-0.000000	-0.000000	-1.033020	-1.430440	-0.025789	0.000000	0.000000	0.000001
0.001315	1.286160	3.082920	-3.398180	8.414480	0.497834	1.023900	-9.767980	-0.396815	-0.000000	-0.000000	0.000000	1.233440	11.601900	-0.248101	3.898040	-19.533300	1.711340	0.000000	-0.000000	0.000000	-0.000000	-0.000000	0.000067	0.000000	0.000000	0.000000	11.231800	-3.554850	11.226300	-10.640900	1.232470	5.691520	0.000000	0.000000	-0.000000	0.000000	0.000000	0.000000	-97.685898	-48.077301	-1.753140	-102.804001	-67.219704	-108.563004	0.000001	-0.000002	0.000000	-0.339047	-0.683625	-0.004045	0.000000	0.000000	-0.000000
0.164911	1.346420	6.212132	-1.970340	8.093900	0.277518	-2.597010	-10.071100	-0.796876	0.000000	0.000000	-0.000000	2.194150	12.410600	-0.471785	1.848830	-21.238100	1.448010	-0.000000	0.000000	-0.000000	0.000002	-0.000000	-0.000018	0.000000	0.000000	0.000000	11.640100	-5.122780	3.781070	-12.630300	-0.134037	5.676420	0.000000	0.000000	-0.000000	0.000000	0.000000	0.000000	-112.575996	-49.257500	-13.896500	-46.675900	-61.604301	-45.796600	-0.000000	-0.000000	0.000000	-0.193825	-1.099320	-0.003717	-0.000000	0.000000	-0.000000
0.513723	1.433710	9.074801	-2.337550	7.955880	0.323713	-3.202270	-10.360800	-0.995238	0.000000	0.000000	-0.000001	1.232710	13.367100	-0.285040	2.698410	-23.505600	1.556590	-0.000000	0.000000	-0.000001	-0.000002	0.000000	-0.000062	0.000000	0.000000	0.000000	11.104600	-6.973300	-4.609540	-13.519800	-1.516760	5.563750	0.000000	-0.000000	0.000000	0.000000	0.000000	0.000000	-118.930000	-42.621101	-16.590401	-30.825399	-43.147701	-22.361401	0.000001	0.000001	-0.000001	0.054506	-1.232310	0.001173	-0.000000	0.000000	-0.000000
0.816472	1.183100	10.303598	-3.402140	9.113870	0.539504	-1.830360	-13.240500	-1.191680	0.000000	0.000000	-0.000001	0.582029	14.562400	-0.146354	3.267350	-23.931999	1.555880	0.000000	-0.000001	0.000000	0.000000	0.000000	0.000064	0.000000	0.000000	0.000000	10.225600	-7.263430	-6.485030	-13.883900	-2.742100	5.270000	0.000000	-0.000000	-0.000000	0.000000	0.000000	0.000000	-121.880997	-39.334999	-17.374201	-22.944799	-27.490000	-9.185820	-0.000000	-0.000000	0.000000	-0.060333	-1.201110	-0.001263	0.000000	0.000000	0.000001
1.350260	1.278900	10.684600	-4.812810	8.207100	0.688619	-0.706458	-10.829200	-1.030700	-0.000000	-0.000000	-0.000000	-0.596683	14.432100	0.148706	5.148260	-23.453899	1.822350	0.000000	0.000000	-0.000000	0.000000	-0.000000	0.000047	0.000000	0.000000	0.000000	8.988880	-7.692460	-9.555630	-13.571100	-3.940150	5.047110	0.000000	-0.000000	0.000000	0.000000	0.000000	0.000000	-124.345001	-36.983501	-17.985300	-19.146999	-17.775200	-3.064110	-0.000000	0.000001	0.000000	-0.178154	-1.151650	-0.003580	-0.000000	0.000000	0.000001
1.914910	1.835600	11.534800	-6.072020	7.192630	0.763059	-0.166982	-11.223500	-1.209530	0.000000	0.000000	-0.000000	-2.640130	12.768800	0.583899	7.297340	-21.334700	1.721540	-0.000000	-0.000000	-0.000000	-0.000000	0.000000	-0.000094	0.000000	0.000000	0.000000	6.152940	-8.414800	-17.873400	-9.678390	-4.005790	5.367820	-0.000000	-0.000000	-0.000000	0.000000	0.000000	0.000000	-123.032997	-33.405602	-15.039300	-22.409599	-15.399600	-2.681080	-0.000000	-0.000001	-0.000000	-0.589085	-0.857126	-0.008812	0.000000	-0.000000	0.000000
1.880820	2.032711	11.716402	-7.257280	6.609500	0.839755	2.073770	-11.266700	-1.005840	-0.000000	0.000000	0.000000	-3.396750	12.394500	0.729885	8.865340	-21.563200	2.044530	-0.000000	-0.000000	0.000000	-0.000000	-0.000000	-0.000039	0.000000	0.000000	0.000000	5.350490	-8.617090	-21.112000	-8.625590	-3.312770	5.573100	0.000000	0.000000	-0.000000	0.000000	0.000000	0.000000	-119.171997	-31.334400	-11.387000	-29.406700	-16.585600	-5.276600	0.000000	0.000001	0.000000	-0.705207	-0.699840	-0.008615	-0.000000	0.000000	-0.000000
1.642870	1.743970	11.207799	-7.339820	6.777930	0.870952	3.077380	-10.732400	-0.785514	0.000000	0.000000	0.000000	-3.010720	13.091200	0.682515	7.501540	-21.803600	1.700220	0.000000	-0.000000	-0.000000	-0.000002	0.000001	-0.000032	0.000000	0.000000	0.000000	5.524910	-8.341250	-18.842899	-8.112970	-1.379090	5.879060	-0.000000	0.000000	0.000000	0.000000	0.000000	0.000000	-114.052002	-31.039600	-8.165540	-39.410198	-22.797300	-14.252800	0.000001	-0.000000	-0.000000	-1.051000	-0.690342	-0.012664	0.000000	0.000000	0.000001
1.171720	1.374720	9.986350	-6.224170	6.978050	0.759107	1.622560	-9.946820	-0.788464	-0.000000	-0.000000	0.000000	-1.483450	12.670600	0.325446	4.785900	-20.753300	1.184200	-0.000000	0.000000	-0.000000	-0.000000	-0.000000	0.000058	0.000000	0.000000	0.000000	6.259570	-7.490320	-11.619600	-7.807060	0.276331	6.027860	0.000000	-0.000000	-0.000000	0.000000	0.000000	0.000000	-109.834000	-33.339298	-6.563580	-50.718498	-29.002701	-28.655600	-0.000001	-0.000000	0.000001	-0.618037	-0.585553	-0.006316	-0.000000	-0.000000	0.000001
0.825494	1.829120	8.425750	-5.086460	5.681630	0.504873	-0.275584	-7.747960	-0.721555	-0.000000	0.000000	0.000000	-0.967195	12.122000	0.203115	4.085460	-21.882200	1.171240	0.000000	-0.000000	-0.000000	-0.000000	0.000000	0.000021	0.000000	0.000000	0.000000	7.456970	-7.047150	-7.197800	-7.996290	0.114610	5.945670	-0.000000	0.000000	-0.000000	0.000000	0.000000	0.000000	-109.764000	-38.847900	-8.380520	-56.723701	-35.427799	-41.705799	-0.000000	-0.000000	0.000000	-0.383152	-0.343146	-0.002294	-0.000000	0.000000	-0.000001
0.245237	1.328580	6.910231	-3.772130	7.255890	0.477099	-1.419610	-10.919100	-0.980253	-0.000000	0.000000	0.000000	-0.322801	12.113200	0.067732	4.561380	-21.297001	1.544530	0.000000	-0.000001	0.000000	-0.000002	0.000000	-0.000056	0.000000	0.000000	0.000000	8.562820	-6.185980	-1.409810	-8.914580	-0.572634	5.715080	-0.000000	0.000000	-0.000000	0.000000	0.000000	0.000000	-106.763000	-43.757099	-7.744330	-72.079102	-49.627399	-70.604500	-0.000001	-0.000001	0.000000	-0.545071	-0.499163	-0.004749	0.000000	-0.000000	0.000000
1.085880	1.538400	4.478541	-5.360040	7.982520	0.746486	0.049086	-13.721900	-1.250760	0.000000	0.000000	0.000000	-1.972620	10.884100	0.372611	6.395490	-19.381100	1.482190	0.000000	0.000000	0.000000	-0.000000	0.000000	-0.000055	0.000000	0.000000	0.000000	9.124730	-5.032250	5.268790	-11.579200	-1.369520	5.409970	0.000000	-0.000000	-0.000000	0.000000	0.000000	0.000000	-100.901001	-47.476398	-4.177690	-102.405998	-62.532101	-109.000000	-0.000000	0.000001	0.000000	-0.469921	-0.514247	-0.004217	-0.000000	-0.000000	-0.000000
1.033420	2.212960	3.280590	-6.020800	6.053840	0.637288	1.225560	-10.103400	-0.837150	-0.000000	0.000000	0.000000	-2.472410	9.633510	0.413989	7.323580	-19.198500	1.610240	0.000000	0.000000	-0.000000	-0.000002	-0.000000	-0.000071	0.000000	0.000000	0.000000	9.153540	-5.406410	3.402570	-12.121000	-3.042010	5.150300	-0.000000	0.000000	0.000001	0.000000	0.000000	0.000000	-94.353401	-47.060501	0.832444	-143.597000	-62.499001	-152.274994	0.000000	-0.000000	0.000000	-0.222550	0.091641	0.000356	0.000000	0.000000	-0.000000
0.503158	2.446390	0.811025	-4.921490	5.106290	0.439099	0.422694	-8.402990	-0.655872	0.000000	-0.000000	0.000000	-0.987834	8.723680	0.149833	5.092910	-19.311899	1.363470	0.000000	-0.000000	0.000000	0.000000	0.000000	-0.000068	0.000000	0.000000	0.000000	11.239000	-4.086290	9.321100	-14.794900	-4.137140	4.639940	0.000000	-0.000000	-0.000000	0.000000	0.000000	0.000000	-90.629799	-51.201801	3.411850	-166.962006	-59.808498	-174.210007	0.000000	0.000000	0.000000	0.391343	-0.016062	0.000110	-0.000000	-0.000000	0.000000
-0.074032	2.614891	-0.446374	-3.936220	5.878520	0.403773	0.536789	-10.777900	-0.632529	0.000000	0.000000	0.000000	0.558985	8.511830	-0.082744	3.734600	-20.227100	1.484790	0.000000	-0.000000	0.000000	0.000000	-0.000000	-0.000059	0.000000	0.000000	0.000000	12.446800	-2.705340	14.412100	-16.842600	-5.227830	4.040910	0.000000	0.000000	-0.000000	0.000000	0.000000	0.000000	-90.367897	-52.788101	3.593580	-176.220993	-58.539200	177.694000	0.000000	0.000000	-0.000000	0.690379	-0.101044	0.001217	0.000000	-0.000000	-0.000000
-0.131060	2.696760	-0.916024	-3.881500	5.917620	0.400782	0.890014	-11.626300	-0.599205	0.000000	0.000000	0.000000	1.252940	7.865210	-0.171485	2.158710	-19.353001	1.127860	-0.000000	0.000000	0.000000	0.000000	0.000000	0.000020	0.000000	0.000000	0.000000	11.300100	-2.322920	17.404800	-14.984200	-6.110460	3.809750	-0.000000	0.000000	0.000001	0.000000	0.000000	0.000000	-93.932999	-52.952599	0.785294	-172.783005	-64.252701	-178.871994	0.000000	0.000001	-0.000000	0.575496	0.061609	-0.000619	-0.000000	-0.000000	0.000000
0.742641	1.957120	1.899740	-3.571380	7.042840	0.438447	-1.606750	-12.355700	-1.105080	-0.000000	-0.000000	0.000000	0.282259	7.809240	-0.038357	2.768940	-17.573099	0.921235	-0.000000	-0.000000	-0.000000	-0.000000	-0.000000	0.000006	0.000000	0.000000	0.000000	9.478990	-4.191740	9.993190	-12.824100	-5.379030	4.370310	0.000000	0.000000	-0.000000	0.000000	0.000000	0.000000	-100.529999	-49.656502	-4.104750	-155.119003	-72.222000	-161.173996	-0.000000	0.000001	-0.000000	0.233891	-0.244068	0.000996	0.000000	0.000000	-0.000000
0.662174	1.676210	5.467431	-4.452680	6.842480	0.531545	-0.584133	-10.501100	-0.914437	-0.000000	0.000000	0.000000	0.043975	8.944730	-0.006843	2.375800	-17.156300	0.714026	-0.000000	0.000000	-0.000000	-0.000002	0.000000	0.000005	0.000000	0.000000	0.000000	8.788150	-6.414330	-2.454330	-10.870300	-4.568010	4.994840	-0.000000	-0.000001	-0.000000	0.000000	0.000000	0.000000	-111.391998	-47.277500	-12.212300	-76.085701	-75.964699	-79.542198	-0.000000	-0.000000	0.000000	-0.282916	-0.353535	-0.001746	-0.000000	-0.000000	-0.000000
0.538727	2.516500	7.906190	-4.388780	4.983480	0.381986	-0.966032	-9.090190	-0.845755	0.000000	0.000000	-0.000000	0.604416	8.639070	-0.090798	1.503260	-18.259701	0.658517	-0.000000	0.000000	-0.000000	-0.000002	0.000000	0.000043	0.000000	0.000000	0.000000	8.226140	-8.250900	-13.194600	-9.352970	-3.597510	5.456630	-0.000000	-0.000000	-0.000000	0.000000	0.000000	0.000000	-118.612000	-43.697899	-16.707500	-36.910301	-54.363499	-32.897800	0.000000	0.000000	0.000000	-0.356805	-0.075827	-0.000472	-0.000000	0.000000	-0.000001
0.585719	2.540040	9.762050	-3.984720	4.466090	0.310781	-1.922900	-8.701000	-0.894942	-0.000000	-0.000000	0.000001	-0.554387	9.931180	0.095607	5.403990	-21.335800	1.771170	0.000000	0.000001	-0.000000	-0.000000	-0.000000	-0.000104	0.000000	0.000000	0.000000	8.655690	-8.522890	-13.980900	-10.603300	-3.009800	5.519150	-0.000000	-0.000000	0.000000	0.000000	0.000000	0.000000	-121.833000	-38.043499	-16.588600	-26.155001	-34.283901	-14.131000	-0.000001	0.000000	0.000000	-0.129937	-0.448840	-0.001018	0.000000	0.000000	0.000000
0.678874	1.931670	10.069800	-4.277740	5.063510	0.378246	-1.593920	-8.326420	-0.850762	0.000000	0.000000	0.000000	-0.260918	11.723700	0.053008	3.503720	-23.194201	1.280490	0.000000	0.000000	0.000000	0.000000	0.000000	0.000068	0.000000	0.000000	0.000000	8.975480	-7.588690	-8.817490	-11.518600	-2.096280	5.578760	-0.000000	0.000000	0.000000	0.000000	0.000000	0.000000	-122.263000	-37.869999	-16.841299	-21.324400	-18.219801	-3.976320	-0.000000	-0.000000	-0.000000	-0.245093	-0.897116	-0.003837	-0.000000	-0.000000	-0.000001
0.527346	2.035770	10.649100	-4.656280	4.264310	0.346987	0.089946	-6.734440	-0.535074	-0.000000	-0.000000	-0.000000	0.472404	11.775100	-0.096414	1.901020	-22.365200	0.899776	-0.000000	-0.000000	-0.000000	0.000000	0.000000	0.000046	0.000000	0.000000	0.000000	10.164900	-6.570610	-3.067470	-13.669800	-3.432390	5.034880	0.000000	0.000000	0.000000	0.000000	0.000000	0.000000	-122.461998	-35.433800	-15.693800	-20.236099	-9.462250	0.472962	0.000001	-0.000001	-0.000000	-0.190200	-0.601204	-0.001997	-0.000000	-0.000000	-0.000001
-0.037269	2.405220	11.207900	-4.040780	4.465930	0.315158	0.564698	-9.455110	-0.569685	0.000000	-0.000000	-0.000000	0.582962	10.548200	-0.106728	3.858520	-20.483200	1.553500	0.000000	0.000000	0.000000	0.000000	0.000000	-0.000018	0.000000	0.000000	0.000000	10.446800	-6.676420	-3.478640	-12.856200	-2.720510	5.241140	0.000000	0.000000	0.000000	0.000000	0.000000	0.000000	-117.942001	-31.346001	-10.566400	-25.951799	-8.988960	0.225233	-0.000000	0.000000	0.000001	-0.242187	-0.482159	-0.002037	-0.000000	-0.000000	0.000001
-0.032271	2.688840	11.841702	-3.961480	4.021500	0.278259	0.437152	-9.660850	-0.590512	0.000000	0.000000	-0.000000	0.081877	9.417630	-0.013405	5.423020	-18.422001	1.744120	0.000000	-0.000000	-0.000000	0.000002	-0.000001	0.000077	0.000000	0.000000	0.000000	9.789070	-7.099520	-5.809160	-12.404200	-2.730820	5.315350	0.000000	-0.000000	0.000000	0.000000	0.000000	0.000000	-112.019997	-26.661501	-5.197180	-37.200699	-12.484800	-4.125960	0.000001	-0.000000	0.000001	-0.357904	-0.570867	-0.003565	-0.000000	-0.000000	0.000001
-0.174870	2.553020	10.924003	-4.306630	4.230990	0.318330	1.008140	-9.361140	-0.535178	-0.000000	0.000000	0.000000	0.929635	9.793550	-0.158146	2.934750	-19.082199	1.260640	-0.000000	-0.000000	-0.000000	-0.000000	-0.000000	0.000072	0.000000	0.000000	0.000000	9.884670	-6.821880	-4.381550	-11.704900	-0.929711	5.692620	0.000000	0.000000	0.000000	0.000000	0.000000	0.000000	-107.400002	-26.704800	-2.952910	-49.553799	-16.898701	-13.510800	0.000000	0.000001	0.000001	-0.791662	-0.423573	-0.005851	0.000000	0.000000	-0.000000
-0.079678	3.210510	10.328702	-3.890960	3.329330	0.226311	-0.353039	-8.247440	-0.608935	0.000000	0.000000	-0.000000	1.026220	9.581660	-0.170842	1.974720	-20.375601	1.040700	0.000000	0.000000	0.000000	0.000002	-0.000000	0.000010	0.000000	0.000000	0.000000	9.955260	-7.790240	-8.874180	-12.024800	-0.750902	5.884070	0.000000	0.000000	0.000000	0.000000	0.000000	0.000000	-107.259003	-26.817900	-2.885890	-58.187599	-25.995600	-32.048901	-0.000001	-0.000000	-0.000000	-0.820748	-0.113113	-0.001621	-0.000000	-0.000000	0.000001
-0.207620	2.337060	8.163211	-3.378470	3.384070	0.199657	-0.816867	-6.219740	-0.454689	-0.000000	-0.000000	0.000001	1.299490	9.505040	-0.214631	2.408160	-19.443199	1.229760	-0.000000	0.000000	0.000000	-0.000000	-0.000000	0.000085	0.000000	0.000000	0.000000	11.486000	-6.621970	-2.676280	-13.950700	-1.351190	5.613470	0.000000	-0.000000	-0.000000	0.000000	0.000000	0.000000	-106.164001	-32.286098	-3.946040	-66.429001	-41.055302	-57.495998	-0.000001	0.000000	-0.000000	-0.670573	-0.783127	-0.009164	0.000000	0.000000	0.000000
0.157947	2.252280	5.518761	-3.410090	4.409760	0.262504	-1.423810	-7.765700	-0.653314	0.000000	-0.000000	-0.000000	1.241340	9.912620	-0.213729	1.790030	-20.234400	1.042880	0.000000	-0.000000	0.000000	0.000000	0.000000	0.000028	0.000000	0.000000	0.000000	11.885700	-5.656840	1.695030	-15.095500	-2.194540	5.302780	-0.000000	-0.000000	0.000000	0.000000	0.000000	0.000000	-101.079002	-38.352901	-2.371660	-88.993896	-53.836300	-93.116402	-0.000001	-0.000000	0.000000	-0.448050	-0.320869	-0.002509	0.000000	0.000000	0.000000
0.481493	2.921449	3.120720	-4.996690	4.611500	0.402740	0.207404	-9.273620	-0.770909	-0.000000	-0.000000	0.000000	-1.288340	8.860740	0.198474	6.557250	-20.079399	1.818780	-0.000000	0.000001	-0.000000	0.000000	0.000000	-0.000055	0.000000	0.000000	0.000000	11.517400	-4.775930	5.842730	-15.985400	-4.815560	4.445790	-0.000000	-0.000000	0.000000	0.000000	0.000000	0.000000	-93.553398	-40.216499	2.250800	-126.927002	-59.168800	-136.552002	-0.000001	0.000000	-0.000000	-0.085588	0.241659	0.000361	0.000000	0.000000	0.000000
1.194560	2.173670	1.418960	-6.231160	5.620160	0.612625	1.056330	-8.989670	-0.806007	-0.000000	0.000000	0.000000	-2.135990	8.937930	0.331999	5.470460	-18.726601	1.080000	-0.000000	0.000000	0.000000	0.000000	0.000000	0.000030	0.000000	0.000000	0.000000	10.205800	-4.520370	7.785680	-15.600400	-4.979930	4.375640	-0.000000	-0.000000	0.000000	0.000000	0.000000	0.000000	-86.322197	-42.479099	6.966750	-158.970993	-58.854401	-167.197006	0.000000	0.000000	-0.000000	0.176099	-0.166393	0.000512	0.000000	-0.000000	-0.000000
1.624380	2.099321	1.606850	-7.608590	6.141450	0.818751	2.995240	-9.609310	-0.764337	0.000000	0.000000	-0.000000	-3.465050	8.908780	0.537234	6.308530	-18.722799	0.926879	0.000000	0.000000	-0.000000	0.000002	0.000000	0.000046	0.000000	0.000000	0.000000	9.747810	-5.109290	4.924440	-15.727700	-6.670140	3.952640	-0.000000	-0.000000	0.000000	0.000000	0.000000	0.000000	-84.310898	-45.299999	8.292060	-175.171997	-56.521702	178.524002	0.000000	-0.000000	0.000000	-0.468755	0.101885	0.000833	0.000000	0.000000	0.000000
1.071060	1.641490	1.301130	-6.906290	5.689950	0.688024	2.824250	-7.342370	-0.518151	0.000000	0.000000	-0.000000	-2.322940	9.523160	0.384519	5.676370	-18.075300	1.051520	-0.000000	0.000000	-0.000000	0.000000	-0.000000	0.000036	0.000000	0.000000	0.000000	9.830520	-5.571640	2.439780	-14.816000	-6.656610	4.113260	-0.000000	0.000000	-0.000000	0.000000	0.000000	0.000000	-82.048103	-48.484299	9.988020	-179.358994	-57.188900	175.007004	0.000000	-0.000000	-0.000000	0.141229	-0.426574	0.001052	0.000000	0.000000	0.000000
0.737341	1.372070	0.916976	-6.458360	6.675150	0.753867	3.173220	-8.476500	-0.478254	0.000000	-0.000000	0.000000	-2.377910	10.159800	0.419675	7.286730	-17.976601	1.529970	0.000000	0.000000	-0.000000	-0.000002	-0.000000	-0.000019	0.000000	0.000000	0.000000	10.150400	-5.067390	4.985960	-15.049100	-6.405620	4.089400	0.000000	0.000000	-0.000001	0.000000	0.000000	0.000000	-85.204697	-49.502602	7.635430	-175.070007	-61.110901	178.871002	0.000000	-0.000000	0.000000	0.271111	-0.193998	0.000918	0.000000	0.000000	-0.000000
1.006450	1.626570	1.977831	-6.414500	6.821180	0.765004	2.941730	-9.492320	-0.565844	-0.000000	-0.000000	-0.000000	-2.094900	10.414700	0.378854	7.032380	-19.279499	1.645340	-0.000000	0.000000	-0.000000	0.000002	-0.000000	-0.000070	0.000000	0.000000	0.000000	9.964610	-5.538120	2.563350	-15.504200	-6.384100	4.112380	-0.000000	0.000000	0.000000	0.000000	0.000000	0.000000	-92.214600	-50.168098	2.167950	-153.796005	-69.749001	-160.404999	-0.000000	0.000000	-0.000000	0.170355	-0.170048	0.000506	-0.000000	-0.000000	-0.000000
0.108648	2.055390	4.838271	-5.661270	5.146650	0.509489	3.610590	-7.490540	-0.264452	-0.000000	0.000000	-0.000000	-0.875176	9.204260	0.139994	5.844450	-17.680000	1.516070	-0.000000	0.000000	0.000000	-0.000000	0.000000	0.000020	0.000000	0.000000	0.000000	10.899200	-7.104240	-5.023490	-14.775000	-4.990560	4.714700	0.000000	0.000000	-0.000000	0.000000	0.000000	0.000000	-105.376999	-48.505699	-7.855820	-89.870598	-73.905800	-94.139297	-0.000000	0.000000	-0.000000	-0.503340	-0.288460	-0.002534	-0.000000	0.000000	0.000000
-0.407781	1.962160	6.959850	-3.772530	5.807010	0.382241	1.485820	-9.257130	-0.364916	-0.000000	0.000000	-0.000000	1.278330	9.497780	-0.210975	3.672760	-17.285000	1.469210	-0.000000	0.000001	-0.000000	-0.000002	0.000000	-0.000106	0.000000	0.000000	0.000000	11.265600	-7.349930	-5.987520	-15.019200	-3.637490	5.070880	0.000000	0.000000	-0.000000	0.000000	0.000000	0.000000	-116.439003	-45.534199	-15.691300	-41.041801	-56.186401	-37.783401	0.000000	-0.000001	0.000001	-0.476542	-0.664374	-0.005526	0.000000	0.000000	-0.000000
-0.013135	1.900250	8.090190	-4.232980	5.720400	0.422675	1.422580	-8.455190	-0.410436	-0.000000	0.000000	0.000000	1.070700	10.761700	-0.199954	2.695490	-19.372999	1.244650	0.000000	0.000000	-0.000000	0.000000	0.000000	0.000005	0.000000	0.000000	0.000000	11.123300	-6.777940	-3.579370	-15.253500	-3.216650	5.096000	0.000000	-0.000000	0.000000	0.000000	0.000000	0.000000	-121.791000	-40.143299	-17.507401	-25.513100	-36.825298	-14.958000	-0.000001	0.000001	0.000000	-0.331744	-0.661749	-0.003829	0.000000	0.000000	-0.000000
0.044906	2.391850	10.319500	-3.840500	5.225980	0.350328	-0.746781	-8.664520	-0.690085	0.000000	-0.000000	-0.000000	0.632985	10.942700	-0.120167	3.053190	-21.344900	1.339110	0.000000	-0.000000	0.000000	-0.000002	0.000000	-0.000074	0.000000	0.000000	0.000000	10.861500	-7.885960	-8.685030	-15.200600	-2.881990	5.293020	0.000000	0.000000	0.000000	0.000000	0.000000	0.000000	-129.578995	-34.129002	-20.117500	-10.553000	-20.669701	-0.832637	-0.000001	0.000001	-0.000000	-0.091590	-0.913162	-0.001460	0.000000	-0.000000	-0.000002
-0.066454	2.139070	11.288600	-3.933730	4.783400	0.328541	-1.447420	-6.630370	-0.621535	0.000000	-0.000000	0.000000	0.854523	11.321200	-0.167769	1.345790	-21.020201	0.783625	0.000000	-0.000000	0.000000	0.000000	0.000000	-0.000021	0.000000	0.000000	0.000000	10.076600	-7.658700	-8.358020	-14.216500	-2.306330	5.434020	0.000000	0.000000	0.000000	0.000000	0.000000	0.000000	-131.257996	-30.025200	-18.484301	-4.874710	-14.511100	2.450620	-0.000001	0.000001	0.000001	-0.168135	-1.067460	-0.003133	0.000000	0.000000	0.000001
0.152287	2.038019	10.998500	-4.699440	5.128470	0.421014	-0.633044	-6.874720	-0.637835	0.000000	-0.000000	-0.000001	0.599244	11.820500	-0.122764	1.126890	-21.379299	0.624787	-0.000000	-0.000000	-0.000000	0.000000	-0.000000	-0.000050	0.000000	0.000000	0.000000	9.131650	-7.224300	-6.980280	-12.611900	-1.884920	5.522720	0.000000	-0.000000	-0.000000	0.000000	0.000000	0.000000	-127.601997	-28.008301	-14.476200	-10.031700	-15.733800	1.191710	0.000001	-0.000001	-0.000002	-0.331970	-1.196250	-0.006930	0.000000	0.000000	-0.000000
0.196308	1.889681	10.439800	-5.300210	5.533220	0.512506	1.236960	-7.685060	-0.540934	-0.000000	0.000000	0.000000	0.207859	12.025100	-0.043314	2.101070	-20.806299	0.818931	-0.000000	-0.000000	-0.000000	0.000002	-0.000000	-0.000032	0.000000	0.000000	0.000000	9.050620	-6.609540	-3.850800	-11.780500	-1.306600	5.568090	-0.000000	-0.000000	0.000000	0.000000	0.000000	0.000000	-121.697998	-25.886101	-9.592570	-20.671000	-22.530500	-4.342830	-0.000000	0.000001	-0.000001	-0.384941	-1.022880	-0.006870	0.000000	-0.000000	0.000001
0.088542	1.740880	9.241940	-5.076100	6.556550	0.581106	1.404310	-10.427700	-0.659401	-0.000000	0.000000	-0.000000	0.129091	12.231400	-0.027355	3.022480	-20.980301	1.128360	0.000000	-0.000000	0.000001	-0.000002	0.000000	-0.000076	0.000000	0.000000	0.000000	9.953070	-6.023410	-0.540811	-12.292200	-1.149600	5.517740	-0.000000	-0.000000	0.000000	0.000000	0.000000	0.000000	-116.045998	-26.936899	-7.145970	-33.489700	-29.886400	-14.976400	-0.000000	-0.000000	-0.000001	-0.807008	-0.968363	-0.013637	0.000000	0.000000	-0.000001
-0.299698	1.951230	8.305630	-3.588780	6.270990	0.392511	-0.474216	-8.780960	-0.617962	0.000000	0.000000	-0.000000	1.038110	12.128700	-0.218144	2.425030	-21.405100	1.256770	-0.000000	0.000000	-0.000000	0.000000	-0.000000	0.000041	0.000000	0.000000	0.000000	10.505300	-6.316090	-1.748630	-13.268400	-1.352900	5.541020	-0.000000	-0.000000	-0.000000	0.000000	0.000000	0.000000	-114.226997	-30.353901	-7.719020	-46.515900	-37.387100	-30.984200	0.000001	-0.000000	0.000001	-0.913306	-0.520585	-0.008298	0.000000	-0.000000	-0.000002
-0.154632	2.033190	7.365010	-3.622350	5.659270	0.357678	-0.279736	-7.911950	-0.535494	0.000000	0.000000	-0.000000	1.146610	11.102300	-0.220826	1.973360	-20.013000	1.061340	0.000000	0.000000	-0.000000	-0.000002	0.000000	0.000013	0.000000	0.000000	0.000000	10.787400	-7.081930	-5.145180	-13.926600	-1.456640	5.633820	-0.000000	-0.000000	-0.000000	0.000000	0.000000	0.000000	-114.502998	-34.115299	-9.484920	-63.830502	-51.363201	-59.434601	0.000001	-0.000000	0.000000	-0.806137	-0.321112	-0.004517	-0.000000	0.000000	-0.000000
-0.370200	1.700690	6.143020	-3.486200	6.547570	0.398005	0.274329	-8.840550	-0.490608	0.000000	0.000000	0.000000	2.087680	12.451200	-0.450318	0.566534	-22.719000	1.006720	0.000000	-0.000000	-0.000000	-0.000000	0.000000	0.000007	0.000000	0.000000	0.000000	11.112000	-7.021640	-4.696530	-14.823500	-3.587230	5.049220	-0.000000	-0.000001	-0.000000	0.000000	0.000000	0.000000	-106.275002	-36.559502	-5.206330	-101.954002	-59.962502	-108.198997	-0.000000	-0.000002	-0.000000	-0.780322	-0.006397	-0.000087	0.000000	0.000000	0.000000
-0.431416	1.891710	3.736681	-3.426410	6.233320	0.372467	-1.197480	-8.362700	-0.670953	-0.000000	-0.000000	0.000000	0.939451	11.712600	-0.190733	2.157850	-22.179199	1.162830	-0.000000	0.000000	0.000000	-0.000000	0.000000	-0.000001	0.000000	0.000000	0.000000	11.334000	-6.018520	0.042238	-15.340100	-5.764430	4.332520	-0.000000	-0.000001	-0.000000	0.000000	0.000000	0.000000	-93.956902	-38.976200	2.088660	-140.733002	-55.877899	-151.464005	-0.000000	-0.000000	-0.000000	-0.377650	-0.262179	-0.001728	0.000000	-0.000000	0.000000
-0.226232	1.484340	1.475960	-3.875220	7.670180	0.518000	-0.677193	-10.331400	-0.811837	0.000000	-0.000000	0.000000	0.039828	11.676100	-0.008065	3.797830	-21.823099	1.428160	-0.000000	0.000000	0.000000	0.000000	0.000000	-0.000082	0.000000	0.000000	0.000000	11.220900	-4.599340	6.709250	-15.714600	-5.633120	4.180150	0.000000	-0.000000	-0.000000	0.000000	0.000000	0.000000	-82.456802	-41.648800	9.550810	-161.597000	-52.787498	-170.746002	0.000000	-0.000000	0.000000	0.180405	-0.549891	0.001732	-0.000000	0.000000	-0.000000
0.621988	1.271710	0.676155	-5.887540	8.038120	0.826112	1.779310	-10.525300	-0.741031	0.000000	-0.000000	-0.000000	-1.512420	11.320500	0.296941	4.715680	-20.891100	1.153840	0.000000	0.000000	-0.000000	0.000002	-0.000000	0.000005	0.000000	0.000000	0.000000	10.024500	-3.871230	11.105100	-15.602400	-5.682570	4.022060	-0.000000	-0.000000	-0.000000	0.000000	0.000000	0.000000	-75.489799	-41.916100	14.345500	-169.830002	-51.820900	-177.503006	0.000001	-0.000000	-0.000001	0.116246	-0.517204	0.001050	-0.000000	-0.000000	-0.000000
1.101780	2.138160	0.489762	-7.362770	7.306410	0.941462	3.008900	-10.558900	-0.788230	-0.000000	-0.000000	-0.000000	-3.038970	10.594700	0.559246	6.277660	-21.388000	1.201160	0.000000	-0.000000	0.000000	-0.000002	0.000000	-0.000082	0.000000	0.000000	0.000000	9.544390	-3.698170	12.589200	-16.312401	-6.478880	3.687530	0.000000	0.000000	0.000000	0.000000	0.000000	0.000000	-75.789803	-42.742401	14.236900	-170.813004	-52.516201	-178.192993	-0.000000	-0.000000	0.000001	0.121158	-0.384897	0.000814	0.000000	-0.000000	0.000000
0.864065	2.388711	0.901475	-6.811150	5.520580	0.658325	2.103300	-7.849880	-0.640043	-0.000000	0.000000	-0.000000	-3.064480	8.702860	0.464113	6.881010	-18.437901	1.219920	-0.000000	0.000000	0.000000	0.000002	-0.000000	-0.000107	0.000000	0.000000	0.000000	9.613610	-4.366340	8.981700	-14.741400	-4.654020	4.479550	0.000000	-0.000000	-0.000000	0.000000	0.000000	0.000000	-82.408096	-44.680801	9.688190	-161.768997	-58.193501	-169.817001	0.000000	-0.000001	0.000000	0.029433	-0.365693	0.000188	-0.000000	0.000000	-0.000000
0.927735	3.218340	1.574450	-6.785530	4.496040	0.534402	2.231210	-8.789680	-0.694139	-0.000000	-0.000000	0.000000	-2.978590	7.142950	0.370697	7.656940	-17.717501	1.433710	0.000000	0.000000	-0.000000	-0.000002	0.000000	0.000004	0.000000	0.000000	0.000000	9.824050	-5.340750	3.743160	-14.784000	-4.232130	4.780050	-0.000000	0.000000	0.000000	0.000000	0.000000	0.000000	-95.387703	-49.941101	-0.209817	-134.459000	-69.620499	-141.423996	-0.000000	-0.000001	-0.000000	-0.256669	-0.155326	-0.000696	0.000000	0.000000	-0.000000
0.090716	2.090670	3.663810	-4.975110	6.860470	0.595759	1.187140	-11.304300	-0.736519	-0.000000	0.000000	0.000000	-1.214350	9.604690	0.202638	6.912010	-19.386999	1.902600	-0.000000	0.000000	-0.000000	-0.000002	0.000000	-0.000026	0.000000	0.000000	0.000000	10.650200	-5.935200	0.440449	-14.229100	-1.928560	5.444080	-0.000000	0.000000	0.000001	0.000000	0.000000	0.000000	-108.287003	-53.180599	-11.365300	-59.930599	-72.813904	-62.646999	-0.000000	0.000001	0.000000	-0.500555	-0.197566	-0.001726	0.000000	-0.000000	0.000000
-0.099556	1.955660	6.430110	-3.957580	6.320220	0.436354	0.086579	-9.343840	-0.625492	0.000000	0.000000	0.000000	0.927408	10.393100	-0.167325	2.321210	-19.772699	1.094870	0.000000	0.000000	-0.000000	0.000000	0.000000	0.000047	0.000000	0.000000	0.000000	11.062100	-7.375420	-6.229230	-14.569100	-2.299110	5.461430	-0.000000	-0.000000	0.000000	0.000000	0.000000	0.000000	-119.458000	-48.377602	-19.304600	-22.889700	-55.406700	-20.706499	-0.000000	-0.000001	-0.000000	-0.475669	-0.460499	-0.003825	0.000000	0.000000	0.000000
-0.316952	1.845060	7.743460	-3.302020	5.867430	0.337923	-1.009280	-8.351130	-0.624795	-0.000000	0.000000	0.000000	1.411080	11.572600	-0.283135	1.904610	-21.673901	1.215130	0.000000	-0.000000	0.000001	-0.000000	0.000000	-0.000039	0.000000	0.000000	0.000000	11.109500	-7.272430	-5.772400	-14.507600	-2.925070	5.262730	-0.000000	-0.000000	-0.000000	0.000000	0.000000	0.000000	-122.655998	-45.253201	-20.716101	-15.913500	-35.314301	-8.655910	0.000000	0.000000	-0.000000	-0.074766	-0.808361	-0.001055	0.000000	0.000000	0.000000
-0.356062	1.802600	9.061560	-3.652670	5.289510	0.337182	-0.177741	-7.067600	-0.470060	0.000000	0.000000	0.000000	1.573730	11.637200	-0.317526	1.264450	-21.964399	1.050190	0.000000	-0.000001	0.000000	0.000002	-0.000001	-0.000098	0.000000	0.000000	0.000000	10.563700	-7.392160	-6.689870	-14.176000	-3.218320	5.192800	-0.000000	-0.000000	-0.000000	0.000000	0.000000	0.000000	-121.666000	-42.985500	-18.934000	-16.589001	-20.817900	-3.822350	-0.000001	0.000001	-0.000000	-0.043490	-0.819250	-0.000623	0.000000	0.000000	-0.000001
-0.215174	2.031850	10.397202	-3.838020	6.085190	0.407457	-0.297670	-9.362950	-0.670421	0.000000	0.000000	0.000000	1.334790	11.737300	-0.271582	1.281860	-21.729099	0.958973	0.000000	-0.000001	0.000000	-0.000002	0.000001	0.000010	0.000000	0.000000	0.000000	9.965830	-7.989440	-9.945690	-13.678000	-3.433240	5.213160	0.000000	-0.000000	-0.000000	0.000000	0.000000	0.000000	-119.814003	-38.781101	-15.555900	-19.373699	-16.182600	-2.569930	0.000000	-0.000000	-0.000000	-0.267678	-0.789060	-0.003686	-0.000000	-0.000000	0.000001
-0.164074	2.150420	10.857700	-3.845460	4.481250	0.300904	-0.930123	-6.579490	-0.547085	-0.000000	0.000000	0.000000	0.873787	10.950800	-0.166008	1.798880	-20.617701	0.936123	-0.000000	-0.000000	-0.000000	-0.000000	-0.000000	0.000094	0.000000	0.000000	0.000000	9.889550	-8.235380	-11.161000	-13.767800	-2.516420	5.468570	-0.000000	-0.000000	-0.000000	0.000000	0.000000	0.000000	-116.505997	-35.224800	-11.562700	-25.725300	-18.204599	-5.239980	-0.000000	-0.000000	-0.000000	-0.555888	-0.753451	-0.007309	0.000000	-0.000000	-0.000000
-0.441640	1.899801	10.608600	-3.333780	5.170740	0.300788	-0.628565	-8.099840	-0.557237	-0.000000	0.000000	-0.000000	2.263560	11.720100	-0.460033	0.035056	-21.351900	0.820098	-0.000000	0.000000	-0.000001	0.000000	-0.000000	0.000035	0.000000	0.000000	0.000000	10.162900	-7.623480	-8.094390	-13.537900	-1.709770	5.601600	-0.000000	-0.000000	0.000000	0.000000	0.000000	0.000000	-112.767998	-32.132301	-7.838520	-33.618900	-24.062201	-11.988200	-0.000000	-0.000000	-0.000001	-0.640111	-0.471892	-0.005270	-0.000000	-0.000000	-0.000001
-0.337359	1.780250	9.708678	-3.868550	5.726360	0.386573	1.278530	-9.730310	-0.434752	0.000000	0.000000	-0.000000	0.557815	12.234300	-0.118217	5.982410	-21.987301	2.453070	0.000000	0.000000	-0.000000	-0.000002	0.000000	-0.000039	0.000000	0.000000	0.000000	10.385200	-7.096020	-5.475890	-13.674900	-1.000890	5.721340	-0.000000	-0.000000	0.000001	0.000000	0.000000	0.000000	-109.499001	-31.799999	-5.771260	-43.172798	-29.745199	-22.490400	0.000001	0.000000	0.000001	-0.919781	-0.296225	-0.004757	-0.000000	0.000000	-0.000001
-0.455159	2.218540	9.073963	-3.556870	6.105450	0.378783	1.754280	-12.233300	-0.377785	0.000000	0.000000	-0.000001	0.948624	11.025100	-0.181435	6.213770	-19.040600	2.341800	0.000000	-0.000000	0.000000	-0.000000	0.000000	-0.000020	0.000000	0.000000	0.000000	11.080500	-7.233830	-5.656580	-14.321800	-1.369920	5.655220	0.000000	-0.000000	-0.000000	0.000000	0.000000	0.000000	-110.891998	-32.292301	-6.696620	-49.795200	-36.696301	-34.119801	0.000002	0.000000	-0.000001	-0.805657	-0.372994	-0.005246	0.000000	-0.000000	-0.000001
-0.498378	2.438390	7.068902	-3.347270	6.106320	0.356461	1.832230	-13.791500	-0.356709	0.000000	0.000000	0.000000	0.382516	9.892750	-0.065722	7.464660	-17.496700	2.371040	0.000000	0.000000	0.000000	0.000000	-0.000000	0.000040	0.000000	0.000000	0.000000	11.125500	-6.976640	-4.389910	-14.209100	-2.516700	5.365420	-0.000000	-0.000000	0.000000	0.000000	0.000000	0.000000	-111.709999	-34.918098	-8.051380	-60.021198	-49.026199	-53.863499	-0.000001	-0.000000	0.000000	-0.956548	-0.432489	-0.007221	-0.000000	-0.000000	-0.000001
-0.180590	1.974500	5.160900	-3.696130	6.742840	0.434566	0.865545	-12.618500	-0.613235	0.000000	-0.000000	-0.000000	0.122379	11.247000	-0.023874	5.943500	-20.516100	2.132080	-0.000000	-0.000000	0.000000	0.000002	0.000000	0.000083	0.000000	0.000000	0.000000	10.787300	-6.135990	-0.581874	-13.849400	-2.321390	5.345440	0.000000	0.000000	-0.000000	0.000000	0.000000	0.000000	-106.440002	-39.640400	-6.151740	-88.502197	-60.247898	-92.283203	0.000000	-0.000000	-0.000000	-0.844047	-0.457849	-0.006746	0.000000	0.000000	0.000001
0.248289	2.930081	3.559629	-4.973200	4.688260	0.407496	1.672590	-9.171670	-0.523989	0.000000	-0.000000	0.000000	0.071131	8.632630	-0.010681	3.182130	-18.195499	1.016610	0.000000	-0.000000	-0.000000	-0.000000	0.000000	-0.000027	0.000000	0.000000	0.000000	9.957990	-6.071330	-0.204422	-13.489500	-4.019080	4.968650	-0.000000	0.000000	0.000000	0.000000	0.000000	0.000000	-98.208199	-39.403999	-0.641902	-133.613007	-60.784599	-142.735992	0.000000	-0.000001	-0.000000	-0.621504	0.090595	0.000982	-0.000000	0.000000	-0.000000
0.220901	2.287210	2.269300	-5.350940	5.118250	0.478745	1.235820	-7.496560	-0.534985	0.000000	0.000000	-0.000000	-0.417637	9.245090	0.067093	3.221870	-19.367701	0.932444	-0.000000	-0.000000	0.000000	0.000002	0.000000	0.000048	0.000000	0.000000	0.000000	10.029800	-5.439510	3.076630	-13.888000	-4.003780	4.873530	-0.000000	-0.000000	0.000000	0.000000	0.000000	0.000000	-94.139999	-40.123699	1.943840	-161.899994	-54.412399	-170.613007	0.000000	-0.000000	0.000000	-0.100975	-0.260910	-0.000459	0.000000	0.000000	-0.000000
0.368065	3.083290	1.477210	-5.140780	4.638080	0.416800	-0.249560	-8.458910	-0.792707	-0.000000	0.000000	0.000000	-1.340740	8.643410	0.201522	4.489750	-20.959999	1.132920	0.000000	-0.000000	-0.000000	0.000002	-0.000001	0.000009	0.000000	0.000000	0.000000	9.916010	-5.335070	3.753850	-14.310100	-5.702540	4.413370	-0.000000	-0.000000	-0.000000	0.000000	0.000000	0.000000	-94.206299	-42.820599	1.616210	-172.089996	-50.457298	-179.477997	-0.000000	0.000000	0.000000	-0.247424	0.237017	0.001023	0.000000	-0.000000	-0.000000
0.306509	2.591131	2.828581	-5.251470	5.106590	0.468728	0.208522	-8.507490	-0.744817	-0.000000	0.000000	-0.000000	-0.924645	8.634020	0.138817	3.480900	-19.446100	0.855033	0.000000	0.000000	0.000000	0.000002	-0.000000	0.000030	0.000000	0.000000	0.000000	9.510300	-6.304690	-1.522650	-14.208900	-5.654820	4.532880	-0.000000	0.000000	0.000000	0.000000	0.000000	0.000000	-92.301399	-42.607800	2.819420	-175.498993	-49.680801	177.830002	-0.000000	0.000000	0.000000	0.342740	-0.326174	0.001951	0.000000	0.000000	-0.000000
-0.245281	2.293761	1.930660	-4.350600	6.261440	0.475400	0.701322	-10.533800	-0.663242	-0.000000	0.000000	0.000000	-0.221284	8.746610	0.033645	4.221970	-18.379801	1.264150	0.000000	-0.000000	0.000000	0.000000	-0.000000	0.000024	0.000000	0.000000	0.000000	10.427600	-5.304010	3.704390	-15.168300	-5.533260	4.369580	0.000000	-0.000000	-0.000000	0.000000	0.000000	0.000000	-89.990997	-47.371601	4.100480	-176.050003	-55.226200	177.690994	-0.000000	-0.000000	0.000000	0.149072	-0.482642	0.001255	0.000000	-0.000000	-0.000000
-0.577055	1.987730	2.132540	-4.408470	6.062420	0.466495	1.453300	-8.973190	-0.457457	-0.000000	-0.000000	-0.000000	0.509075	8.550500	-0.075695	3.135670	-16.782499	1.052050	0.000000	-0.000000	-0.000000	-0.000000	0.000000	0.000011	0.000000	0.000000	0.000000	11.162800	-4.500770	7.237250	-15.817100	-4.126890	4.607200	0.000000	-0.000000	-0.000000	0.000000	0.000000	0.000000	-93.174896	-46.975300	1.802010	-168.270996	-61.700199	-175.026001	-0.000000	0.000000	0.000000	-0.133543	-0.393919	-0.000918	0.000000	-0.000000	-0.000000
-0.759720	1.789680	2.960350	-3.204470	6.076630	0.339568	0.098130	-7.954050	-0.427761	0.000000	-0.000000	-0.000000	1.607710	10.216000	-0.285220	2.129110	-20.101299	1.277090	-0.000000	-0.000000	-0.000000	-0.000000	-0.000000	0.000007	0.000000	0.000000	0.000000	11.776100	-4.374150	7.400430	-15.276800	-2.320120	5.108750	0.000000	-0.000000	-0.000000	0.000000	0.000000	0.000000	-101.899002	-47.639000	-4.822110	-145.949997	-73.869003	-151.817001	-0.000000	-0.000000	0.000000	-0.475619	-0.613596	-0.005094	0.000000	-0.000000	-0.000000
-0.542903	1.739980	5.394580	-2.817150	7.465130	0.366300	-0.692159	-11.358300	-0.687239	-0.000000	-0.000000	0.000000	2.164760	11.135900	-0.418292	1.067110	-21.813601	1.186850	0.000000	0.000001	0.000000	-0.000002	0.000000	-0.000098	0.000000	0.000000	0.000000	11.726600	-5.643920	1.668380	-15.104800	-1.607350	5.446110	0.000000	0.000000	-0.000000	0.000000	0.000000	0.000000	-115.389999	-48.709900	-15.938800	-39.002602	-76.450401	-41.519901	-0.000000	0.000001	0.000000	-0.472364	-0.751217	-0.006193	0.000000	-0.000000	0.000001
-0.792377	1.669540	7.295171	-2.053660	7.310090	0.261415	-2.192350	-11.175800	-0.821156	0.000000	0.000000	0.000000	2.363590	11.776800	-0.482672	1.502330	-23.180500	1.504030	-0.000000	0.000001	-0.000000	-0.000002	0.000000	-0.000011	0.000000	0.000000	0.000000	11.602500	-6.335400	-1.477270	-14.525600	-1.273870	5.589110	0.000000	-0.000000	0.000001	0.000000	0.000000	0.000000	-120.320000	-45.662701	-18.918501	-20.445499	-52.159199	-17.350300	-0.000000	0.000001	0.000000	-0.423528	-0.849826	-0.006281	0.000000	0.000000	-0.000000
-0.383995	1.640841	8.221890	-2.753040	7.606910	0.364710	-1.805550	-12.044100	-0.948046	-0.000000	-0.000000	0.000000	1.462840	11.839000	-0.300187	2.409300	-22.053499	1.444060	0.000000	-0.000000	0.000001	-0.000002	0.000001	0.000055	0.000000	0.000000	0.000000	10.920100	-6.316250	-1.621780	-14.201300	-1.601840	5.479230	0.000000	-0.000000	0.000000	0.000000	0.000000	0.000000	-121.903999	-43.053200	-19.081400	-17.439301	-32.061600	-8.243020	-0.000000	-0.000000	0.000001	-0.224842	-0.991334	-0.003890	0.000000	-0.000000	-0.000001
-0.059395	1.566670	8.707599	-4.186450	6.726610	0.491225	0.269347	-9.405690	-0.636376	-0.000000	-0.000000	-0.000000	1.143640	11.817500	-0.234249	1.268240	-21.162500	0.862414	0.000000	0.000000	0.000000	0.000000	-0.000000	0.000049	0.000000	0.000000	0.000000	11.137300	-5.960320	-0.038577	-14.973200	-2.410960	5.183490	0.000000	0.000000	0.000000	0.000000	0.000000	0.000000	-123.640999	-41.362099	-19.669300	-16.629999	-19.008101	-2.984910	0.000001	-0.000000	0.000000	-0.236905	-1.045100	-0.004320	-0.000000	-0.000000	-0.000000
0.392817	2.225751	10.550201	-4.752170	5.955720	0.494204	-0.613558	-9.224180	-0.858411	0.000000	0.000000	0.000000	0.274676	11.667500	-0.055555	1.327520	-22.053400	0.599591	0.000000	0.000001	0.000001	0.000000	0.000000	-0.000052	0.000000	0.000000	0.000000	9.561470	-7.600170	-8.481380	-13.580800	-3.433870	5.174600	-0.000000	-0.000000	-0.000000	0.000000	0.000000	0.000000	-125.155998	-34.559898	-17.137501	-15.020000	-15.143800	-0.597990	-0.000000	0.000001	-0.000001	-0.189815	-0.991842	-0.003285	-0.000000	-0.000000	-0.000000
