0.086823	0.215403	-0.402327	-3.633370	11.390300	0.718479	-0.125483	-11.756000	-0.752233	0.000000	-0.000000	-0.000000	0.721323	13.804900	-0.172135	3.784050	-20.260799	1.555770	0.000000	0.000000	-0.000000	0.000000	0.000000	0.000009	0.000000	0.000000	0.000000	12.561200	-0.242205	23.282600	-15.970500	1.542830	5.497160	-0.000000	-0.000000	-0.000000	0.000000	0.000000	0.000000	-80.591003	-53.299301	11.339800	-138.350998	-58.440899	-148.600006	0.000000	0.000000	0.000000	-0.127784	-0.418821	-0.000934	0.000000	-0.000000	-0.000000
-0.522497	0.788740	1.040310	-2.770890	10.075900	0.485137	-0.116687	-9.690640	-0.479242	-0.000000	-0.000000	-0.000000	2.062050	12.495600	-0.446342	2.699770	-18.569700	1.503940	0.000000	0.000000	0.000000	-0.000000	0.000000	0.000027	0.000000	0.000000	0.000000	13.850500	-0.971152	18.814400	-16.861000	0.282929	5.362270	-0.000000	-0.000000	-0.000001	0.000000	0.000000	0.000000	-95.410500	-52.427101	-0.515262	-111.601997	-64.498001	-118.899002	0.000000	-0.000000	0.000000	-0.004365	-0.767198	-0.000058	-0.000000	-0.000000	0.000000
-0.144512	1.333170	4.173749	-1.644090	10.435800	0.297873	-2.627110	-13.616300	-1.000840	-0.000000	0.000000	0.000000	1.493850	12.092400	-0.313018	4.381220	-18.644100	1.873430	0.000000	0.000000	0.000000	-0.000002	0.000000	-0.000106	0.000000	0.000000	0.000000	13.155100	-4.353160	6.578320	-16.513300	-0.766730	5.508150	-0.000000	-0.000000	-0.000001	0.000000	0.000000	0.000000	-111.823997	-52.224400	-14.083400	-56.487598	-63.567200	-56.912201	0.000000	0.000001	-0.000000	-0.351790	-0.955275	-0.005865	-0.000000	0.000000	0.000000
0.239824	1.339210	7.552760	-1.806180	9.750760	0.305991	-3.638250	-12.922400	-1.215140	0.000000	0.000000	-0.000000	1.002970	12.065800	-0.209684	4.202150	-17.912800	1.598080	0.000000	-0.000000	-0.000000	0.000002	-0.000000	-0.000064	0.000000	0.000000	0.000000	12.285300	-7.210570	-5.117610	-16.706699	-2.912650	5.145980	0.000000	0.000000	-0.000000	0.000000	0.000000	0.000000	-118.205002	-46.890499	-17.761299	-33.705399	-44.287998	-25.726500	0.000000	0.000000	0.000001	-0.311404	-0.963156	-0.005235	0.000000	-0.000000	0.000001
0.606323	0.813259	8.712810	-3.290170	10.391400	0.594078	-2.361160	-13.212800	-1.283230	0.000000	0.000000	-0.000000	1.463850	14.182100	-0.358734	0.991850	-21.065001	0.867065	-0.000000	-0.000000	0.000000	0.000000	-0.000000	-0.000044	0.000000	0.000000	0.000000	11.286300	-7.643230	-7.585980	-15.918100	-4.386710	4.748130	0.000000	0.000000	-0.000000	0.000000	0.000000	0.000000	-121.925003	-46.008598	-20.586399	-22.690599	-25.626101	-8.853130	-0.000000	-0.000000	0.000000	-0.254953	-1.230010	-0.005473	-0.000000	-0.000000	0.000000
0.401227	0.970226	9.844830	-3.419600	9.635090	0.573004	-2.005290	-10.805000	-1.010800	0.000000	0.000000	-0.000001	1.921610	14.095800	-0.468169	-0.389340	-20.175501	0.508620	0.000000	0.000000	-0.000000	0.000000	0.000000	0.000011	0.000000	0.000000	0.000000	10.993900	-7.989920	-9.326020	-15.070900	-5.427050	4.517190	-0.000000	-0.000000	0.000000	0.000000	0.000000	0.000000	-122.902000	-43.201000	-20.152700	-19.503500	-15.071800	-2.647190	-0.000000	0.000000	0.000001	-0.219773	-0.916999	-0.003516	-0.000000	0.000000	-0.000000
0.525639	0.897097	10.351199	-3.683550	10.170200	0.651278	-1.409990	-12.850900	-1.122740	-0.000000	-0.000000	0.000001	0.903738	14.184600	-0.221484	2.171750	-20.492701	1.067940	0.000000	-0.000000	0.000000	0.000002	-0.000000	0.000039	0.000000	0.000000	0.000000	10.210500	-8.234250	-11.151700	-14.709700	-5.062630	4.672810	0.000000	-0.000000	-0.000000	0.000000	0.000000	0.000000	-120.738998	-39.467800	-16.610399	-21.798599	-15.928900	-3.282640	0.000000	-0.000000	-0.000000	-0.557117	-0.895882	-0.008711	-0.000000	-0.000000	-0.000001
-0.066859	1.712680	10.997799	-3.217290	9.194950	0.514625	-1.284030	-11.849200	-0.917555	-0.000000	-0.000000	0.000000	1.709030	12.965100	-0.383551	1.742150	-19.106001	1.116550	0.000000	-0.000000	0.000000	0.000002	-0.000000	-0.000023	0.000000	0.000000	0.000000	10.519200	-8.639560	-12.563200	-14.302000	-4.228740	4.966090	-0.000000	-0.000000	-0.000000	0.000000	0.000000	0.000000	-115.495003	-35.495201	-11.063200	-31.111300	-19.585100	-8.262020	0.000000	-0.000001	0.000000	-0.453501	-0.391890	-0.003103	-0.000000	0.000000	0.000001
-0.057014	0.988720	10.405600	-2.813610	9.233320	0.451807	-1.384520	-11.680700	-0.843970	0.000000	0.000000	0.000000	1.713980	13.513700	-0.400639	2.490300	-19.610701	1.397330	0.000000	0.000000	-0.000000	0.000002	-0.000000	0.000035	0.000000	0.000000	0.000000	10.604100	-7.953340	-9.511660	-14.171300	-1.492440	5.630760	0.000000	0.000000	-0.000000	0.000000	0.000000	0.000000	-110.873001	-35.978199	-8.242340	-40.279900	-24.082199	-16.404699	0.000000	0.000000	-0.000000	-0.432873	-1.061510	-0.008020	-0.000000	-0.000000	-0.000000
0.045906	1.684390	10.397901	-3.009860	8.669040	0.454070	-1.319400	-11.571700	-0.863063	-0.000000	0.000000	0.000000	1.445070	13.900200	-0.347227	3.041360	-21.484400	1.630490	0.000000	-0.000000	-0.000000	-0.000002	0.000001	-0.000010	0.000000	0.000000	0.000000	10.562400	-8.023790	-9.811710	-14.178000	-0.805885	5.829630	0.000000	0.000000	-0.000000	0.000000	0.000000	0.000000	-108.704002	-35.371399	-6.678630	-52.870899	-28.955601	-31.143000	0.000001	-0.000000	0.000000	-0.240005	-0.588492	-0.002465	0.000000	0.000000	0.000000
0.476199	2.269930	9.113620	-3.631190	7.234270	0.457862	-1.404750	-10.589200	-0.922377	-0.000000	0.000000	-0.000000	0.208740	12.911400	-0.046651	4.938830	-21.105101	1.855990	0.000000	-0.000000	-0.000001	0.000002	-0.000000	-0.000020	0.000000	0.000000	0.000000	10.335900	-7.962830	-9.671390	-13.688900	-0.372077	5.958700	0.000000	0.000000	-0.000000	0.000000	0.000000	0.000000	-108.720001	-39.493198	-7.995610	-60.346001	-36.079102	-46.975700	0.000000	-0.000000	0.000000	-0.246281	-0.071405	-0.000308	0.000000	0.000000	0.000000
0.296985	2.552700	8.063242	-4.019620	6.964250	0.488163	0.255181	-11.369400	-0.737240	-0.000000	-0.000000	0.000000	0.235234	11.432000	-0.046632	5.329420	-18.932600	1.809060	0.000000	0.000000	0.000000	-0.000002	0.000001	0.000078	0.000000	0.000000	0.000000	10.818800	-7.691710	-7.994150	-14.157500	-0.465874	5.929840	-0.000000	-0.000000	0.000000	0.000000	0.000000	0.000000	-110.126999	-43.676102	-10.307800	-71.491898	-48.557400	-69.573303	0.000001	0.000001	0.000000	-0.344334	0.020030	0.000118	0.000000	-0.000000	-0.000000
0.636874	2.961350	7.240387	-5.008990	6.652370	0.581725	2.144120	-12.709100	-0.623308	0.000000	-0.000000	0.000000	-0.882242	11.174000	0.170974	8.073180	-19.841600	2.457930	-0.000000	0.000000	-0.000000	-0.000000	0.000000	-0.000031	0.000000	0.000000	0.000000	10.003700	-8.045300	-10.287200	-13.496600	-1.723960	5.669700	-0.000000	-0.000000	0.000000	0.000000	0.000000	0.000000	-102.748001	-43.955200	-4.996990	-102.473999	-57.774899	-109.976997	0.000000	0.000001	0.000000	-0.046231	0.359676	0.000289	-0.000000	-0.000000	0.000000
0.819424	2.951410	5.853660	-5.930540	7.395740	0.766076	3.621020	-15.497300	-0.604139	0.000000	0.000000	0.000000	-1.616070	10.101000	0.283496	8.396810	-17.422300	2.046520	0.000000	-0.000000	0.000000	-0.000002	0.000001	0.000036	0.000000	0.000000	0.000000	10.082000	-7.283060	-6.513070	-14.182000	-4.609240	4.853200	0.000000	0.000000	0.000000	0.000000	0.000000	0.000000	-94.534103	-42.871700	1.014390	-137.091003	-57.088402	-147.692001	-0.000000	-0.000001	0.000000	0.170023	0.444202	-0.001318	-0.000000	-0.000000	0.000000
0.699178	3.006941	4.453991	-5.357050	7.028040	0.657345	2.174080	-14.097100	-0.766142	0.000000	-0.000000	-0.000000	-1.852880	9.321220	0.300205	8.478090	-16.370501	1.881990	0.000000	-0.000000	0.000000	-0.000002	0.000000	0.000027	0.000000	0.000000	0.000000	10.258200	-6.587900	-2.950560	-14.623000	-5.458060	4.541850	0.000000	-0.000000	0.000000	0.000000	0.000000	0.000000	-89.679703	-43.105099	4.397870	-156.813995	-52.577000	-166.860001	-0.000000	0.000000	-0.000000	0.429468	0.491209	-0.003682	0.000000	-0.000000	-0.000000
0.273636	3.175260	4.508230	-5.773560	6.286420	0.634316	2.977770	-11.751500	-0.562726	0.000000	-0.000000	-0.000000	-0.814640	9.560970	0.135312	5.776110	-18.536100	1.584450	0.000000	-0.000000	-0.000000	-0.000002	-0.000000	-0.000053	0.000000	0.000000	0.000000	10.259100	-7.139550	-5.648430	-14.661000	-7.370820	4.068450	0.000000	0.000001	-0.000000	0.000000	0.000000	0.000000	-90.236900	-42.356899	4.075010	-160.399994	-52.145901	-169.904999	-0.000000	0.000000	-0.000000	0.339861	0.575004	-0.003411	0.000000	0.000000	0.000000
0.694084	2.431600	4.434059	-5.335670	7.476140	0.696215	0.496277	-12.126800	-1.009320	0.000000	0.000000	-0.000000	-1.804880	10.791300	0.338033	7.599010	-20.485100	2.045110	-0.000000	-0.000000	-0.000000	0.000000	0.000000	-0.000065	0.000000	0.000000	0.000000	9.747680	-7.118670	-5.888900	-15.347800	-6.793660	4.152180	-0.000000	0.000000	0.000000	0.000000	0.000000	0.000000	-89.924896	-44.599300	4.129560	-156.160004	-58.858101	-164.770996	-0.000000	-0.000000	-0.000000	0.207242	0.361618	-0.001309	0.000000	0.000000	-0.000000
0.912585	1.816429	4.913430	-5.646140	8.336140	0.821178	1.206620	-13.137500	-0.997287	-0.000000	-0.000000	0.000000	-1.127860	10.817700	0.211700	5.038400	-18.552999	1.252420	0.000000	-0.000000	0.000000	0.000000	-0.000000	0.000032	0.000000	0.000000	0.000000	10.155100	-6.995150	-5.069340	-15.421600	-5.475340	4.497230	0.000000	0.000001	-0.000000	0.000000	0.000000	0.000000	-97.071297	-46.146801	-1.168790	-131.938995	-67.687599	-139.270004	-0.000000	0.000001	0.000000	0.049612	-0.275379	0.000239	-0.000000	-0.000000	0.000000
0.225027	1.950030	6.783510	-4.180040	8.028180	0.584799	-0.654491	-11.722900	-0.976111	0.000000	0.000000	-0.000000	0.078608	11.235500	-0.015322	3.927830	-19.323799	1.327190	-0.000000	-0.000000	0.000000	0.000000	0.000000	0.000025	0.000000	0.000000	0.000000	10.992600	-7.897010	-8.733770	-14.996400	-3.770330	5.060830	-0.000000	0.000001	-0.000000	0.000000	0.000000	0.000000	-107.967003	-47.445702	-9.753320	-73.670898	-68.872101	-76.491798	-0.000000	-0.000000	0.000000	-0.261951	-0.241199	-0.001103	0.000000	0.000000	0.000000
-0.090178	2.143920	8.794470	-3.047580	7.055570	0.374685	-2.338540	-10.006500	-0.934521	-0.000000	0.000000	0.000000	1.081570	11.433400	-0.214429	2.648640	-20.595699	1.306240	-0.000000	0.000000	-0.000001	-0.000000	0.000000	-0.000086	0.000000	0.000000	0.000000	10.653700	-8.922550	-13.544600	-14.483700	-3.469080	5.225190	-0.000000	0.000000	0.000000	0.000000	0.000000	0.000000	-114.103996	-45.064499	-13.870900	-40.718800	-49.842800	-34.860699	0.000000	0.000001	0.000000	-0.070951	-0.480138	-0.000594	-0.000000	0.000000	0.000001
-0.349249	1.903240	9.635810	-3.010230	7.204210	0.377838	-1.508400	-10.417300	-0.814351	0.000000	0.000000	-0.000000	1.777660	13.103600	-0.403147	1.818620	-23.984301	1.444570	0.000000	-0.000000	0.000000	0.000002	-0.000000	-0.000061	0.000000	0.000000	0.000000	10.902800	-8.656530	-12.106100	-14.520300	-2.666730	5.414950	0.000000	0.000000	-0.000000	0.000000	0.000000	0.000000	-115.775002	-44.600101	-15.064300	-31.513500	-32.059299	-17.344299	-0.000000	-0.000000	0.000000	-0.177318	-0.777214	-0.002404	-0.000000	-0.000000	0.000000
-0.394606	1.667300	10.664701	-2.739180	6.521000	0.311312	-1.259100	-8.561910	-0.593547	-0.000000	-0.000000	0.000001	2.240440	12.393400	-0.481091	1.265880	-21.049900	1.241960	-0.000000	0.000000	0.000000	0.000000	-0.000000	-0.000034	0.000000	0.000000	0.000000	10.527300	-8.014810	-9.692510	-14.362000	-2.490770	5.401730	-0.000000	0.000000	-0.000000	0.000000	0.000000	0.000000	-116.355003	-44.248699	-15.474700	-27.933399	-19.259800	-7.796290	-0.000001	0.000000	0.000001	0.024473	-0.738214	0.000315	-0.000000	0.000000	-0.000001
0.236203	2.407310	11.518600	-4.181500	5.836600	0.425971	-0.345554	-8.084710	-0.634897	0.000000	0.000000	0.000000	1.738770	11.780400	-0.355098	0.224829	-21.073799	0.693115	0.000000	0.000000	-0.000000	-0.000002	0.000000	0.000041	0.000000	0.000000	0.000000	9.651380	-8.023240	-10.514900	-13.808900	-3.237050	5.241370	-0.000000	-0.000000	0.000000	0.000000	0.000000	0.000000	-116.813004	-39.035999	-13.636500	-30.023600	-19.574600	-8.337360	-0.000000	0.000000	-0.000000	-0.094967	-0.785585	-0.001303	-0.000000	0.000000	-0.000000
0.481129	1.768860	12.422200	-4.836920	6.808930	0.574802	-0.240824	-9.219230	-0.810074	0.000000	0.000000	0.000000	0.760161	13.830600	-0.181735	1.666940	-23.806400	0.971284	0.000000	0.000000	0.000000	0.000002	-0.000001	0.000039	0.000000	0.000000	0.000000	8.792180	-8.129570	-12.037500	-13.586500	-1.690990	5.648490	0.000000	0.000000	-0.000000	0.000000	0.000000	0.000000	-110.780998	-37.000999	-8.760460	-38.687698	-21.703800	-13.928000	-0.000001	0.000000	-0.000000	-0.585324	-0.936413	-0.009566	0.000000	0.000000	0.000000
0.704350	1.534070	11.574798	-5.351620	7.162800	0.669199	0.134677	-10.226300	-0.921182	0.000000	0.000000	0.000000	-0.147529	13.917400	0.035474	3.031320	-23.048000	1.131530	0.000000	-0.000000	0.000000	0.000002	-0.000000	-0.000082	0.000000	0.000000	0.000000	8.447360	-7.675460	-10.059300	-12.844600	-1.195990	5.735350	-0.000000	0.000000	-0.000000	0.000000	0.000000	0.000000	-105.107002	-38.711700	-5.583430	-49.203999	-24.029499	-23.437599	-0.000001	-0.000000	-0.000000	-0.690922	-0.754436	-0.009097	-0.000000	0.000000	0.000000
1.104610	1.321640	11.031900	-6.726090	6.815160	0.801790	2.789090	-8.796330	-0.595640	-0.000000	-0.000000	0.000001	-1.204250	13.071200	0.272379	4.206060	-19.964001	1.036440	0.000000	-0.000000	0.000001	0.000000	0.000000	0.000011	0.000000	0.000000	0.000000	8.234490	-7.390430	-8.741320	-12.451100	-0.632537	5.834440	-0.000000	0.000000	0.000000	0.000000	0.000000	0.000000	-103.664001	-39.300800	-4.767640	-57.013500	-30.813700	-38.398399	-0.000003	-0.000000	0.000000	-0.879224	-0.852008	-0.013075	-0.000000	0.000000	0.000000
0.567364	1.892340	9.445817	-6.610480	5.999370	0.693955	3.923310	-9.812400	-0.452063	-0.000000	0.000000	-0.000000	-1.979230	12.478100	0.427798	7.870000	-19.807600	2.018420	0.000000	0.000000	0.000000	0.000000	0.000000	0.000001	0.000000	0.000000	0.000000	9.523820	-7.244610	-6.790630	-13.236200	-1.057130	5.731070	-0.000000	-0.000000	0.000000	0.000000	0.000000	0.000000	-103.036003	-41.261799	-4.717080	-66.765701	-40.952999	-59.548000	0.000001	-0.000001	-0.000001	-0.679983	-0.626361	-0.007432	0.000000	-0.000000	-0.000001
0.004054	1.913660	6.677920	-4.505200	5.898470	0.463923	2.424940	-9.612890	-0.343530	-0.000000	-0.000000	-0.000000	-1.037830	12.302200	0.221144	10.002300	-21.340200	3.294350	-0.000000	0.000000	-0.000000	0.000000	-0.000000	0.000007	0.000000	0.000000	0.000000	10.284200	-6.063640	-0.487890	-13.532800	-1.377160	5.530530	0.000000	-0.000000	0.000000	0.000000	0.000000	0.000000	-99.707397	-45.410599	-3.086940	-82.430099	-50.276501	-85.042099	-0.000000	-0.000000	0.000000	-0.244841	-0.361993	-0.001547	-0.000000	-0.000000	0.000000
-0.200738	2.278460	5.312540	-4.319980	7.434000	0.559975	2.408730	-14.696200	-0.475794	-0.000000	-0.000000	0.000000	-0.651011	10.505500	0.118697	8.824680	-18.666500	2.635670	-0.000000	0.000000	0.000000	-0.000002	0.000000	-0.000071	0.000000	0.000000	0.000000	9.872820	-6.306020	-1.653070	-13.354800	-2.936860	5.218960	0.000000	-0.000000	0.000001	0.000000	0.000000	0.000000	-91.099197	-44.585602	3.241950	-112.621002	-56.602501	-122.225998	0.000000	-0.000000	-0.000000	0.296460	0.114387	-0.000593	-0.000000	0.000000	0.000000
0.088747	3.468430	4.139060	-5.579830	6.352700	0.619331	4.395880	-15.637400	-0.309897	0.000000	0.000000	0.000000	-2.019500	8.869590	0.311499	11.123200	-18.351500	2.895980	0.000000	-0.000000	0.000000	0.000002	0.000000	-0.000057	0.000000	0.000000	0.000000	9.408860	-6.620220	-3.305570	-13.212600	-5.505940	4.675250	0.000000	0.000000	-0.000000	0.000000	0.000000	0.000000	-87.428703	-42.482899	5.982500	-141.835007	-55.928699	-152.602997	0.000000	-0.000000	-0.000000	0.725487	0.678129	-0.008587	0.000000	0.000000	0.000001
0.482070	3.547200	3.953620	-6.286010	5.363190	0.589889	4.753580	-13.684600	-0.356069	0.000000	0.000000	0.000000	-3.275880	8.722480	0.497306	12.100400	-18.437901	2.823280	-0.000000	-0.000000	-0.000000	-0.000000	-0.000000	-0.000040	0.000000	0.000000	0.000000	8.973380	-6.861610	-4.834280	-13.425800	-7.043240	4.303490	-0.000000	0.000000	-0.000000	0.000000	0.000000	0.000000	-84.892700	-42.642899	7.698130	-162.751007	-52.598900	-171.733994	0.000000	-0.000000	0.000000	0.797762	0.651869	-0.009078	0.000000	0.000000	0.000000
1.041110	3.093750	3.934700	-6.859430	6.255840	0.751004	3.916770	-15.599300	-0.780876	0.000000	0.000000	-0.000000	-4.567670	8.193950	0.652353	13.927600	-16.940300	2.763630	0.000000	0.000000	-0.000000	-0.000000	-0.000001	-0.000053	0.000000	0.000000	0.000000	8.213870	-7.038130	-6.401020	-12.545200	-7.405560	4.322690	-0.000000	-0.000000	0.000000	0.000000	0.000000	0.000000	-83.870499	-43.161999	8.390450	-172.272003	-52.205898	-179.423996	-0.000000	0.000000	0.000000	0.680950	-0.021113	0.000250	0.000000	-0.000000	-0.000000
0.729536	2.264301	4.413941	-6.973920	7.139410	0.870980	4.366640	-13.850500	-0.611519	-0.000000	0.000000	-0.000000	-2.987920	9.549440	0.496120	10.203600	-16.929199	2.123610	0.000000	-0.000000	0.000000	0.000002	-0.000000	-0.000054	0.000000	0.000000	0.000000	8.295170	-7.027280	-6.356300	-12.258700	-7.145700	4.386750	-0.000000	-0.000000	-0.000000	0.000000	0.000000	0.000000	-83.610802	-44.648701	8.538560	-175.029999	-54.132401	178.503006	-0.000000	0.000000	0.000000	0.492504	-0.079621	0.000685	-0.000000	-0.000000	0.000000
0.383136	2.091971	4.702711	-6.214400	7.503870	0.814695	3.053750	-12.888800	-0.693733	-0.000000	0.000000	0.000000	-2.176910	9.869350	0.373294	7.491830	-16.469700	1.520030	-0.000000	-0.000000	-0.000000	0.000002	-0.000000	-0.000058	0.000000	0.000000	0.000000	8.958180	-7.048550	-6.008390	-12.578200	-6.122390	4.586630	0.000000	0.000000	-0.000000	0.000000	0.000000	0.000000	-87.984497	-45.051899	5.433820	-168.434006	-59.328499	-175.468002	-0.000000	-0.000000	0.000000	0.420960	0.035283	-0.000258	-0.000000	-0.000000	0.000000
-0.130911	1.971080	4.803579	-4.697180	7.022030	0.575500	1.110550	-11.646900	-0.717812	0.000000	0.000000	-0.000000	0.283696	10.626400	-0.052322	3.325790	-18.981199	1.173830	0.000000	0.000000	-0.000000	0.000000	0.000000	0.000001	0.000000	0.000000	0.000000	9.785630	-7.029810	-5.382320	-13.587700	-5.032260	4.767270	0.000000	0.000001	0.000000	0.000000	0.000000	0.000000	-94.722801	-46.902802	0.432495	-145.022995	-69.086899	-151.968994	-0.000000	0.000000	-0.000000	0.243621	-0.125612	0.000534	0.000000	0.000000	-0.000000
-0.272594	1.365880	5.949941	-3.539040	8.353000	0.514761	-1.344740	-12.207800	-1.027100	-0.000000	-0.000000	-0.000000	0.347356	11.637300	-0.070072	3.639470	-19.674101	1.341760	0.000000	0.000000	0.000000	-0.000000	0.000000	-0.000049	0.000000	0.000000	0.000000	10.261500	-6.691880	-3.556500	-13.903700	-3.281830	5.131850	-0.000000	0.000000	0.000000	0.000000	0.000000	0.000000	-106.932999	-50.378799	-9.707960	-72.094200	-73.076401	-75.400803	0.000000	-0.000000	0.000000	-0.286259	-0.434536	-0.002171	-0.000000	-0.000000	0.000000
-0.290583	1.523310	7.461700	-3.237650	7.516180	0.423945	-1.347850	-9.971030	-0.790770	0.000000	-0.000000	0.000001	1.401350	11.872000	-0.288353	1.650050	-19.897499	1.029160	0.000000	0.000000	-0.000000	-0.000002	0.000000	0.000004	0.000000	0.000000	0.000000	10.196900	-7.347900	-6.788120	-13.681200	-2.169960	5.480880	0.000000	-0.000000	-0.000000	0.000000	0.000000	0.000000	-117.666000	-49.016102	-18.173000	-31.383499	-57.351398	-29.247900	0.000000	-0.000000	0.000000	-0.256521	-0.714327	-0.003197	-0.000000	0.000000	0.000000
-0.351466	1.197980	9.053400	-2.981400	7.112950	0.369499	-1.244430	-8.452510	-0.618859	-0.000000	0.000000	0.000001	1.783260	13.629000	-0.420332	1.792100	-22.877300	1.371910	-0.000000	0.000000	-0.000000	0.000002	-0.000000	-0.000052	0.000000	0.000000	0.000000	10.227000	-7.353190	-6.868770	-13.713000	-1.656360	5.580070	0.000000	0.000000	-0.000000	0.000000	0.000000	0.000000	-119.591003	-44.202202	-17.858900	-24.660801	-41.094398	-16.780199	0.000000	0.000000	-0.000000	-0.155272	-1.168770	-0.003168	0.000000	0.000000	-0.000000
-0.018676	1.445680	10.049300	-3.509010	7.580180	0.463450	-0.372828	-10.411500	-0.696976	-0.000000	-0.000000	0.000001	1.170790	14.048400	-0.284244	3.652520	-23.931700	1.946150	0.000000	-0.000000	0.000000	0.000002	-0.000000	0.000000	0.000000	0.000000	0.000000	9.556410	-7.666310	-8.907140	-13.555600	-1.642060	5.621330	0.000000	0.000000	-0.000000	0.000000	0.000000	0.000000	-120.043999	-41.493599	-17.046600	-22.667900	-27.625500	-9.341230	0.000001	0.000000	-0.000001	-0.485768	-1.271250	-0.010777	-0.000000	0.000000	0.000000
0.326921	1.192330	9.681170	-4.505480	8.308170	0.652342	1.209230	-12.227200	-0.688770	-0.000000	-0.000000	0.000001	0.054108	13.887800	-0.012996	5.379050	-22.554300	2.088680	-0.000000	-0.000000	-0.000000	0.000002	-0.000000	0.000055	0.000000	0.000000	0.000000	10.227500	-6.184260	-1.393430	-13.992300	-1.251240	5.497460	0.000000	-0.000000	-0.000000	0.000000	0.000000	0.000000	-120.181999	-40.231602	-16.500601	-23.157200	-20.909500	-6.180140	-0.000001	-0.000000	-0.000000	-0.518612	-1.375300	-0.012448	0.000000	0.000000	-0.000001
0.351493	1.134370	10.141298	-4.424840	8.294780	0.639595	1.160610	-11.052600	-0.617513	0.000000	0.000000	0.000000	0.305876	14.713100	-0.077696	4.785480	-23.306000	2.014860	-0.000000	0.000000	0.000000	0.000000	0.000000	0.000004	0.000000	0.000000	0.000000	10.305300	-6.228530	-1.640480	-14.012500	-1.544240	5.414470	-0.000000	-0.000000	0.000000	0.000000	0.000000	0.000000	-115.819000	-37.534401	-12.125400	-29.672600	-19.718500	-7.886920	-0.000000	-0.000000	-0.000001	-0.740254	-1.517010	-0.019597	-0.000000	0.000000	-0.000001
0.491553	1.292580	10.497600	-5.143270	7.897090	0.708519	1.886330	-11.141700	-0.620525	-0.000000	-0.000000	-0.000000	-0.011652	13.814300	0.002773	3.916570	-21.913300	1.459410	-0.000000	0.000000	0.000000	0.000002	-0.000000	-0.000018	0.000000	0.000000	0.000000	9.780330	-6.686930	-4.023660	-13.335000	-1.135840	5.592420	0.000000	-0.000000	0.000001	0.000000	0.000000	0.000000	-110.130997	-36.227200	-7.878730	-39.818100	-20.661100	-13.285700	0.000001	-0.000000	0.000000	-0.932132	-1.487370	-0.024197	-0.000000	0.000000	0.000001
0.592267	1.005360	8.962532	-4.651290	8.688090	0.704108	0.419469	-12.381200	-0.897405	-0.000000	0.000000	0.000000	-0.807145	13.827900	0.192914	5.433420	-21.279499	1.690690	0.000000	-0.000000	0.000001	0.000000	0.000000	-0.000025	0.000000	0.000000	0.000000	9.855020	-5.759840	0.638541	-13.523200	0.059485	5.756030	0.000000	0.000001	0.000000	0.000000	0.000000	0.000000	-106.907997	-37.131199	-6.025550	-50.725101	-24.611000	-24.633400	0.000001	-0.000001	0.000001	-0.736241	-1.334640	-0.017148	-0.000000	0.000000	-0.000000
1.109070	1.274250	7.644390	-6.026800	10.071300	1.057710	1.354410	-15.684600	-1.240380	-0.000000	0.000000	0.000000	-2.268530	13.360600	0.524456	6.789850	-20.557899	1.612280	0.000000	0.000000	0.000000	0.000000	-0.000000	-0.000054	0.000000	0.000000	0.000000	9.191820	-5.464740	2.324620	-13.364600	0.050492	5.725350	0.000000	-0.000000	-0.000000	0.000000	0.000000	0.000000	-107.083000	-40.814899	-7.190280	-58.077801	-29.742701	-38.250500	-0.000000	-0.000000	0.000000	-0.775597	-0.582537	-0.007886	0.000000	-0.000000	-0.000001
0.892680	1.705630	6.442650	-5.609470	8.464720	0.828300	0.469238	-13.223000	-1.164650	0.000000	0.000000	-0.000000	-2.212630	12.649700	0.484763	6.689830	-20.681900	1.603170	0.000000	-0.000000	0.000000	-0.000000	-0.000000	-0.000062	0.000000	0.000000	0.000000	9.244130	-6.094720	-0.865013	-12.966300	-1.396850	5.528150	0.000000	0.000000	-0.000000	0.000000	0.000000	0.000000	-105.653999	-43.550900	-6.892700	-70.805496	-40.650398	-65.166702	-0.000001	-0.000000	-0.000000	-0.719123	-0.151362	-0.001899	-0.000000	-0.000000	-0.000000
0.148523	2.023340	5.146309	-4.763990	8.425340	0.699595	0.842470	-14.350100	-0.960522	0.000000	0.000000	-0.000000	-2.054690	12.858500	0.457436	10.500400	-23.287901	3.380330	-0.000000	0.000000	-0.000000	-0.000000	-0.000000	0.000088	0.000000	0.000000	0.000000	9.273670	-6.489090	-2.857530	-11.934600	-2.989840	5.269610	0.000000	0.000000	-0.000000	0.000000	0.000000	0.000000	-98.783699	-44.405300	-2.110560	-94.954102	-50.473499	-102.019997	0.000001	-0.000001	0.000001	-0.298618	0.213175	0.001110	0.000000	0.000000	-0.000001
-0.154759	2.597450	4.107150	-4.786920	6.566130	0.548640	2.030520	-11.830900	-0.559072	-0.000000	-0.000000	0.000000	-1.232420	10.624100	0.227241	8.350260	-20.324499	2.490980	0.000000	-0.000000	0.000000	0.000002	-0.000000	-0.000063	0.000000	0.000000	0.000000	9.824640	-7.289610	-6.671040	-12.418400	-5.772030	4.708060	-0.000000	0.000000	-0.000000	0.000000	0.000000	0.000000	-90.268799	-43.706001	3.986580	-127.348000	-55.985802	-138.410995	-0.000000	0.000000	-0.000000	0.384135	0.292653	-0.001963	0.000000	-0.000000	0.000001
0.169032	2.337550	3.958351	-4.847110	5.774310	0.488821	1.009990	-7.934820	-0.527057	-0.000000	0.000000	-0.000000	-1.549190	10.009600	0.269325	7.648240	-19.029200	2.003110	0.000000	0.000000	0.000000	-0.000000	-0.000000	-0.000044	0.000000	0.000000	0.000000	9.361030	-7.960710	-10.589900	-12.189600	-6.579090	4.575530	0.000000	0.000001	-0.000000	0.000000	0.000000	0.000000	-85.937798	-44.167198	6.962110	-153.835007	-56.625000	-163.285004	0.000000	-0.000000	0.000000	0.477878	0.057518	-0.000481	-0.000000	0.000000	0.000001
0.189729	2.555880	4.888289	-4.403090	5.442190	0.418408	-0.949902	-7.462170	-0.694586	-0.000000	-0.000000	0.000000	-1.539870	10.452100	0.279409	6.857000	-21.075100	1.926070	-0.000000	0.000000	-0.000000	-0.000002	-0.000000	-0.000075	0.000000	0.000000	0.000000	9.103140	-8.894870	-15.705300	-11.816200	-7.179450	4.496570	0.000000	-0.000000	-0.000000	0.000000	0.000000	0.000000	-82.544098	-42.992001	9.225400	-169.250000	-54.866699	-176.692993	-0.000000	-0.000000	-0.000000	0.446325	0.052229	-0.000407	-0.000000	0.000000	0.000001
1.210320	2.867280	5.418650	-5.544830	6.237510	0.604308	-1.664580	-9.175760	-1.150250	-0.000000	0.000000	0.000000	-2.005170	10.320600	0.359370	4.194720	-19.913601	0.757169	0.000000	0.000000	0.000000	-0.000000	-0.000000	-0.000008	0.000000	0.000000	0.000000	8.397150	-8.906160	-16.854900	-12.127100	-8.056780	4.269460	0.000000	0.000000	-0.000000	0.000000	0.000000	0.000000	-82.628502	-42.352100	9.100710	-174.054001	-54.373001	179.335007	0.000000	-0.000000	-0.000000	0.428600	0.015321	-0.000115	-0.000000	0.000000	0.000000
1.674340	3.409149	5.129150	-7.529650	6.175460	0.814626	0.738954	-11.022600	-1.295710	-0.000000	-0.000000	0.000000	-2.838630	9.914970	0.489152	3.521560	-20.813299	0.257771	-0.000000	0.000000	-0.000000	0.000002	-0.000000	-0.000099	0.000000	0.000000	0.000000	7.875850	-8.934270	-17.933001	-12.176200	-7.952800	4.304980	0.000000	0.000000	-0.000000	0.000000	0.000000	0.000000	-85.626701	-43.681702	7.067630	-172.358002	-56.099701	-179.132996	0.000000	-0.000000	0.000000	0.389883	0.379277	-0.002581	0.000000	-0.000000	0.000000
1.202010	2.262011	4.458150	-6.981630	6.761660	0.826044	1.101070	-9.832060	-0.999181	-0.000000	-0.000000	0.000000	-3.138360	10.949400	0.596671	5.606080	-20.646700	0.890816	-0.000000	0.000000	0.000000	0.000000	0.000000	-0.000049	0.000000	0.000000	0.000000	8.745090	-7.331140	-7.790500	-13.402800	-5.663660	4.658440	-0.000000	-0.000001	0.000000	0.000000	0.000000	0.000000	-87.023499	-45.920200	6.084880	-164.843002	-61.840199	-171.968002	0.000000	0.000000	-0.000000	0.466615	0.416668	-0.003393	0.000000	-0.000000	-0.000001
0.767770	1.987161	4.610860	-5.918640	7.344060	0.759217	0.501056	-10.055000	-0.940026	-0.000000	0.000000	0.000000	-1.832130	11.863700	0.376771	4.608360	-21.238501	1.020600	-0.000000	0.000000	-0.000000	-0.000002	0.000000	0.000031	0.000000	0.000000	0.000000	9.742710	-6.595110	-3.220040	-13.760000	-3.963480	4.979760	-0.000000	0.000000	0.000000	0.000000	0.000000	0.000000	-95.094902	-47.911701	0.024711	-139.225006	-70.246597	-146.022003	-0.000000	0.000000	0.000000	0.201888	0.298597	-0.001053	-0.000000	-0.000000	-0.000000
0.163895	1.905190	6.331339	-4.796940	7.518160	0.629076	1.515470	-10.737800	-0.604305	0.000000	0.000000	-0.000000	0.474930	11.620500	-0.095672	2.486870	-20.252199	1.022670	-0.000000	0.000000	-0.000000	0.000000	0.000000	-0.000065	0.000000	0.000000	0.000000	10.238900	-7.312170	-6.584860	-13.854900	-2.425970	5.421420	0.000000	-0.000000	-0.000000	0.000000	0.000000	0.000000	-107.156998	-47.841499	-9.211130	-73.149101	-72.339798	-76.283401	0.000001	-0.000000	-0.000000	-0.255740	0.033543	0.000150	0.000000	0.000000	-0.000000
0.635786	2.006770	8.133149	-4.685620	7.119790	0.582029	-0.350480	-9.718300	-0.846083	-0.000000	-0.000000	0.000001	0.259206	12.669600	-0.056861	1.399900	-22.740900	0.639081	-0.000000	-0.000000	-0.000000	-0.000000	-0.000000	-0.000110	0.000000	0.000000	0.000000	9.741480	-7.937900	-10.037700	-14.313700	-1.590430	5.682250	-0.000000	-0.000000	0.000000	0.000000	0.000000	0.000000	-115.359001	-45.751400	-15.072300	-36.916801	-52.122601	-32.223400	-0.000000	-0.000001	-0.000000	-0.314722	-0.435565	-0.002392	-0.000000	-0.000000	-0.000001
0.982481	1.863430	9.939640	-4.732020	6.839420	0.564784	-1.656060	-7.476950	-0.830215	0.000000	-0.000000	-0.000001	0.516808	13.460400	-0.120311	-0.035057	-23.809099	0.188766	0.000000	0.000000	0.000000	0.000002	-0.000000	0.000002	0.000000	0.000000	0.000000	8.527310	-8.535350	-14.510600	-13.184300	-1.313190	5.804960	-0.000000	0.000000	-0.000000	0.000000	0.000000	0.000000	-116.646004	-41.534302	-14.491600	-29.844801	-32.715801	-16.244301	-0.000001	0.000000	0.000000	-0.528874	-0.694700	-0.006411	0.000000	0.000000	-0.000002
1.382000	2.020830	11.037197	-6.368430	7.649940	0.851208	-0.534356	-10.179500	-1.215490	0.000000	-0.000000	-0.000000	-1.648210	12.507000	0.357018	2.729160	-20.832300	0.398399	0.000000	-0.000000	0.000000	0.000002	-0.000001	-0.000018	0.000000	0.000000	0.000000	7.679700	-8.490580	-15.545400	-12.769700	-1.950280	5.663500	-0.000000	0.000000	-0.000000	0.000000	0.000000	0.000000	-117.980003	-38.285999	-14.098000	-26.914200	-20.644800	-7.535210	0.000001	0.000000	0.000001	-0.586601	-0.717862	-0.007347	-0.000000	0.000000	0.000001
1.161470	2.839061	11.724502	-7.423330	6.954360	0.903792	1.990460	-10.946100	-1.024090	-0.000000	0.000000	0.000000	-1.553070	11.800600	0.317679	2.259970	-20.472300	0.258755	0.000000	0.000000	-0.000000	-0.000002	0.000000	0.000005	0.000000	0.000000	0.000000	7.699790	-9.243600	-19.456200	-12.639500	-2.869630	5.502800	0.000000	-0.000000	-0.000000	0.000000	0.000000	0.000000	-117.799004	-34.780300	-12.331700	-28.693701	-15.799300	-4.988040	-0.000000	-0.000000	0.000001	-0.384192	-0.250856	-0.001682	0.000000	0.000000	0.000000
1.178390	3.425570	11.918999	-6.642390	4.854120	0.564581	-0.344628	-7.763290	-0.945144	-0.000000	0.000000	0.000000	-1.912560	11.771300	0.390302	3.970110	-22.955999	0.818515	0.000000	-0.000000	0.000000	0.000002	-0.000000	0.000064	0.000000	0.000000	0.000000	7.903060	-9.676010	-21.202000	-13.095400	-3.524490	5.350160	-0.000000	0.000000	0.000000	0.000000	0.000000	0.000000	-115.042999	-31.591000	-9.093600	-35.265701	-17.324301	-8.052190	0.000001	-0.000001	0.000001	-0.383218	-0.070587	-0.000473	0.000000	0.000000	0.000001
0.619581	3.303460	10.443100	-5.610720	4.412990	0.433092	-0.067840	-7.896180	-0.780307	0.000000	-0.000000	0.000000	-1.047750	11.106100	0.201838	4.778820	-21.335699	1.366330	0.000000	-0.000000	0.000001	0.000002	-0.000001	-0.000036	0.000000	0.000000	0.000000	9.192110	-8.639280	-13.986400	-13.748100	-2.899650	5.414050	0.000000	0.000000	0.000000	0.000000	0.000000	0.000000	-111.515999	-31.314600	-6.817220	-43.643002	-21.206301	-15.339700	-0.000001	0.000000	-0.000000	-0.514022	-0.017868	-0.000161	0.000000	0.000000	-0.000001
-0.166051	2.998570	8.911661	-3.586980	5.457210	0.341569	-1.440800	-9.519350	-0.830862	0.000000	-0.000000	-0.000000	0.589258	11.221600	-0.114682	4.476220	-20.848101	1.802850	-0.000000	0.000000	0.000000	0.000002	-0.000000	0.000074	0.000000	0.000000	0.000000	10.137000	-8.116800	-10.451800	-13.997800	-1.749320	5.653950	-0.000000	0.000000	-0.000000	0.000000	0.000000	0.000000	-108.698997	-32.909599	-5.691090	-52.079399	-27.146900	-27.889601	0.000002	-0.000000	0.000000	-0.304808	-0.234573	-0.001248	-0.000000	-0.000000	-0.000000
-0.534667	3.287241	8.513212	-3.224780	5.682790	0.319653	-0.034359	-11.583500	-0.651895	0.000000	0.000000	-0.000000	1.578470	10.537900	-0.288758	3.830790	-20.532499	1.892790	0.000000	-0.000000	0.000000	-0.000000	0.000000	-0.000064	0.000000	0.000000	0.000000	10.536300	-8.606610	-12.256200	-13.964700	-2.289440	5.551570	0.000000	0.000000	0.000000	0.000000	0.000000	0.000000	-106.943001	-34.027802	-5.017250	-59.919498	-35.075100	-44.608200	0.000001	0.000000	-0.000000	-0.620632	0.183177	0.001985	-0.000000	0.000000	-0.000000
-0.505536	3.013790	7.255160	-2.646180	6.126110	0.282589	-0.971529	-12.308200	-0.768926	-0.000000	-0.000000	-0.000000	1.480950	11.015300	-0.283034	3.622630	-21.179100	1.838180	-0.000000	-0.000000	-0.000000	-0.000000	-0.000000	-0.000046	0.000000	0.000000	0.000000	11.021600	-8.333540	-10.589900	-14.174900	-2.783490	5.398020	0.000000	0.000000	-0.000000	0.000000	0.000000	0.000000	-104.253998	-38.270302	-4.532190	-72.169296	-47.238499	-69.327698	0.000002	0.000001	-0.000001	-0.573146	0.234612	0.002347	-0.000000	0.000000	-0.000001
0.050515	2.400010	4.814899	-3.247710	7.078180	0.400612	-1.651820	-11.889900	-1.006680	0.000000	-0.000000	-0.000000	0.562202	10.715400	-0.104541	3.688260	-19.795099	1.438470	-0.000000	-0.000000	0.000000	-0.000000	0.000000	0.000019	0.000000	0.000000	0.000000	10.437800	-7.085700	-5.332110	-14.076400	-3.270110	5.195590	0.000000	-0.000000	0.000000	0.000000	0.000000	0.000000	-97.797897	-41.674099	-0.899149	-100.487000	-58.963299	-107.068001	-0.000000	-0.000002	-0.000001	-0.496334	0.175280	0.001518	0.000000	-0.000000	-0.000001
0.859847	2.786241	3.781851	-5.663690	7.474030	0.739078	2.025640	-13.796500	-0.857120	-0.000000	0.000000	0.000000	-2.593470	10.663600	0.480209	10.346100	-19.986200	2.679730	0.000000	-0.000000	-0.000000	0.000000	0.000000	0.000015	0.000000	0.000000	0.000000	9.314150	-7.282520	-7.048830	-12.922000	-5.308190	4.784720	-0.000000	0.000000	0.000000	0.000000	0.000000	0.000000	-92.282402	-41.951000	2.802300	-143.186996	-61.635201	-151.942993	-0.000000	-0.000000	-0.000000	0.147162	0.484804	-0.001246	-0.000000	0.000000	0.000000
1.064370	3.455040	3.412120	-6.703590	6.513430	0.763868	4.136650	-14.514000	-0.632796	0.000000	-0.000000	0.000000	-4.109320	8.736800	0.625230	14.030400	-17.761801	3.069240	0.000000	-0.000000	-0.000000	0.000002	-0.000000	0.000009	0.000000	0.000000	0.000000	8.970960	-7.757620	-9.911370	-12.565000	-7.089230	4.431830	0.000000	0.000000	0.000000	0.000000	0.000000	0.000000	-88.507599	-42.580700	5.297080	-169.604996	-56.334099	-176.763000	0.000000	-0.000001	0.000000	-0.029450	0.642798	0.000330	0.000000	0.000000	0.000000
1.173970	4.054910	5.235760	-7.058000	6.044430	0.746939	3.809850	-14.757200	-0.818122	-0.000000	-0.000000	0.000000	-4.338940	8.317310	0.628822	13.700400	-17.596500	2.867330	0.000000	-0.000000	-0.000000	-0.000002	0.000000	0.000010	0.000000	0.000000	0.000000	8.561240	-9.547150	-19.862499	-11.934600	-8.750410	4.140040	-0.000000	-0.000000	0.000000	0.000000	0.000000	0.000000	-86.499802	-41.164200	6.534760	-178.727005	-52.667198	175.522995	0.000000	-0.000000	0.000000	0.026735	0.672053	-0.000314	-0.000000	-0.000000	-0.000000
0.508526	3.603210	5.282969	-6.272600	6.587700	0.722462	4.515810	-15.906400	-0.470199	-0.000000	0.000000	0.000000	-3.203210	8.474800	0.472547	12.805500	-16.627100	2.781770	-0.000000	0.000000	-0.000000	0.000000	0.000001	0.000035	0.000000	0.000000	0.000000	9.139010	-9.253220	-17.367701	-12.475600	-7.665370	4.329590	0.000000	0.000000	0.000000	0.000000	0.000000	0.000000	-80.607498	-42.846001	10.503200	178.214996	-54.512299	173.091995	0.000000	0.000000	-0.000001	0.413029	0.489467	-0.003529	-0.000000	0.000000	0.000000
0.729403	3.344600	4.809230	-6.659890	7.494830	0.872553	5.191360	-16.853399	-0.409253	-0.000000	0.000000	-0.000000	-2.909210	8.959240	0.453428	10.991300	-16.411100	2.307680	-0.000000	-0.000000	0.000000	0.000000	0.000000	-0.000049	0.000000	0.000000	0.000000	8.964170	-8.514180	-13.903800	-12.450000	-6.827460	4.529260	0.000000	0.000000	-0.000000	0.000000	0.000000	0.000000	-81.498596	-45.621899	10.008000	178.932007	-60.063000	173.690002	0.000000	-0.000000	0.000000	0.697925	0.442908	-0.005397	0.000000	-0.000000	0.000000
0.794698	1.472580	4.443690	-6.645500	8.675260	1.006780	4.724140	-14.673900	-0.467510	-0.000000	0.000000	0.000000	-3.053340	11.426000	0.605415	12.096500	-17.779200	2.801230	0.000000	0.000000	-0.000000	-0.000000	-0.000000	-0.000022	0.000000	0.000000	0.000000	8.750290	-6.758000	-4.647750	-12.710100	-3.786100	5.089060	-0.000000	-0.000000	0.000000	0.000000	0.000000	0.000000	-84.875298	-49.443901	7.551290	-177.755005	-70.530899	176.940002	0.000000	-0.000002	0.000000	0.488439	-0.179520	0.001530	-0.000000	-0.000000	-0.000000
0.751449	0.531846	4.690960	-6.305440	10.559800	1.160060	3.929140	-15.378500	-0.602029	-0.000000	-0.000000	0.000000	-2.657210	13.688700	0.629232	10.574700	-19.943399	2.742100	-0.000000	0.000000	-0.000000	-0.000002	0.000000	0.000023	0.000000	0.000000	0.000000	9.206150	-5.678710	1.384710	-13.043100	-1.806910	5.373690	-0.000000	-0.000000	0.000000	0.000000	0.000000	0.000000	-90.449997	-51.666801	3.115730	-143.725998	-81.736198	-148.714996	0.000000	0.000001	-0.000000	0.162536	-0.417098	0.001184	0.000000	-0.000000	-0.000001
0.793557	0.500939	5.838190	-5.867280	11.140400	1.137470	3.729170	-16.652800	-0.581143	-0.000000	0.000000	0.000000	-2.466940	13.862400	0.591390	10.466100	-19.299601	2.683380	-0.000000	-0.000000	0.000000	0.000002	-0.000000	0.000058	0.000000	0.000000	0.000000	9.505460	-5.895110	0.144167	-13.432300	-0.973372	5.590090	0.000000	0.000000	-0.000000	0.000000	0.000000	0.000000	-101.013000	-54.524899	-5.889630	-28.902500	-77.207901	-32.056000	-0.000000	0.000000	0.000000	-0.466943	-0.764873	-0.006233	-0.000000	0.000000	-0.000001
0.080143	0.208934	8.277090	-4.718130	11.224000	0.920362	3.762780	-16.309099	-0.242893	0.000000	0.000000	0.000000	-0.788967	15.202300	0.206896	9.299480	-21.300600	3.121650	0.000000	-0.000000	0.000000	0.000000	0.000000	0.000038	0.000000	0.000000	0.000000	9.975090	-6.836880	-4.678330	-13.041000	-0.163757	5.865070	0.000000	0.000000	-0.000000	0.000000	0.000000	0.000000	-112.361000	-51.994999	-14.888100	-9.496310	-56.913799	-9.908070	-0.000000	-0.000001	-0.000000	-0.949091	-0.664532	-0.011008	-0.000000	0.000000	0.000000
-0.148776	0.429072	9.656340	-3.678670	10.382100	0.663821	3.045700	-15.435900	-0.152418	0.000000	-0.000000	0.000000	0.915575	15.106400	-0.238635	7.159010	-20.903601	2.886260	0.000000	-0.000000	0.000001	-0.000000	0.000000	-0.000043	0.000000	0.000000	0.000000	10.712900	-7.399700	-6.907760	-12.564100	-0.763975	5.755510	0.000000	0.000000	-0.000000	0.000000	0.000000	0.000000	-115.878998	-47.848202	-16.453501	-15.126800	-38.950001	-9.695180	-0.000001	-0.000001	0.000000	-0.601008	-1.423440	-0.014929	-0.000000	-0.000000	0.000001
-0.295768	0.654865	10.410000	-2.815690	11.001400	0.537740	0.781426	-17.881001	-0.608916	-0.000000	-0.000000	0.000000	1.685070	14.282000	-0.415817	5.090050	-19.423500	2.244910	0.000000	0.000000	0.000000	-0.000000	0.000000	0.000035	0.000000	0.000000	0.000000	10.691400	-7.504560	-7.396320	-11.903400	-1.262670	5.642870	0.000000	-0.000000	0.000001	0.000000	0.000000	0.000000	-118.541000	-44.778099	-17.417299	-14.491100	-22.149300	-3.776510	0.000000	0.000000	-0.000001	-0.653197	-1.603490	-0.018279	0.000000	0.000000	0.000000
0.386918	1.258110	11.052799	-3.272580	9.759770	0.555339	-1.681990	-14.137400	-1.201320	-0.000000	-0.000000	0.000000	0.852821	14.478700	-0.213248	3.464350	-21.524900	1.576620	0.000000	0.000000	0.000000	0.000000	0.000000	-0.000098	0.000000	0.000000	0.000000	10.157700	-7.629930	-8.334840	-12.095400	-2.277730	5.438820	0.000000	0.000000	-0.000000	0.000000	0.000000	0.000000	-123.657997	-41.472599	-20.001699	-9.597740	-12.359000	0.729202	-0.000000	0.000000	-0.000000	-0.801539	-1.421450	-0.019883	0.000000	0.000000	0.000001
0.608617	0.632626	11.404400	-3.939270	9.889360	0.677583	-1.165990	-12.693600	-1.111660	0.000000	0.000000	-0.000000	0.786695	15.348400	-0.208251	1.815670	-21.630400	0.949496	-0.000000	0.000000	0.000000	0.000000	0.000000	0.000080	0.000000	0.000000	0.000000	9.419090	-7.154460	-6.692310	-12.323200	-2.275850	5.367310	-0.000000	-0.000000	0.000000	0.000000	0.000000	0.000000	-123.304001	-39.154400	-18.516001	-10.229200	-9.389730	1.571080	0.000000	0.000000	0.000000	-0.745912	-1.555040	-0.020241	0.000000	-0.000000	0.000001
0.809667	0.908966	11.959502	-5.345300	9.350600	0.870934	1.177640	-12.741700	-0.904950	-0.000000	-0.000000	0.000000	-0.522726	14.522000	0.131066	5.310540	-20.491301	1.685380	-0.000000	0.000000	-0.000000	-0.000002	0.000000	-0.000038	0.000000	0.000000	0.000000	8.519980	-7.384960	-8.598140	-12.298400	-2.078030	5.460670	-0.000000	0.000000	-0.000000	0.000000	0.000000	0.000000	-120.684998	-35.927799	-14.896000	-13.771200	-12.402700	0.380621	-0.000001	-0.000000	-0.000000	-1.033020	-1.430440	-0.025789	0.000000	0.000000	0.000001
