0.405144	0.454506	-2.312310	-4.410820	9.752610	0.748599	0.834460	-13.533600	-0.822941	-0.000000	-0.000000	-0.000000	0.043843	11.490700	-0.008742	1.299320	-23.009600	0.524778	-0.000000	-0.000000	0.000000	0.000002	0.000000	0.000028	0.000000	0.000000	0.000000	11.398000	0.900530	30.094200	-14.791300	-0.185452	4.722920	-0.000000	0.000000	0.000000	0.000000	0.000000	0.000000	-67.258202	-48.119499	21.635300	-139.231995	-54.901600	-150.608994	-0.000001	-0.000000	0.000000	0.477561	-0.221392	0.001846	-0.000000	-0.000000	0.000000
0.430080	0.701980	-1.987740	-4.096760	9.488050	0.676432	0.144636	-13.233800	-0.893183	-0.000000	-0.000000	-0.000000	0.137132	11.332100	-0.026954	0.997807	-23.538500	0.452254	-0.000000	-0.000000	0.000000	-0.000000	0.000000	-0.000076	0.000000	0.000000	0.000000	12.315300	0.812333	27.952299	-14.795500	0.666839	5.066660	0.000000	0.000000	0.000001	0.000000	0.000000	0.000000	-75.332199	-48.868500	15.423500	-136.574997	-58.381802	-146.798004	-0.000000	0.000000	0.000000	0.117239	-0.399979	0.000819	-0.000000	-0.000000	0.000001
0.176649	1.944540	-1.219910	-3.577420	7.228300	0.450694	0.001733	-11.401400	-0.702077	0.000000	0.000000	0.000000	0.401685	9.206340	-0.064273	1.977960	-21.751301	0.880378	-0.000000	-0.000000	-0.000000	-0.000002	-0.000000	-0.000055	0.000000	0.000000	0.000000	13.759400	-0.309731	21.803600	-16.094101	-0.711256	5.068700	0.000000	-0.000000	-0.000000	0.000000	0.000000	0.000000	-91.989197	-48.871300	2.785740	-117.252998	-63.287201	-125.143997	-0.000001	0.000001	-0.000000	0.271241	-0.001157	0.000006	0.000000	-0.000000	-0.000000
0.149347	0.846127	1.691890	-2.906110	7.532790	0.381288	-0.892253	-9.768220	-0.641076	0.000000	0.000000	-0.000000	2.078730	11.051300	-0.398643	-1.188750	-23.622299	0.341202	-0.000000	0.000000	0.000000	0.000002	-0.000000	-0.000030	0.000000	0.000000	0.000000	14.548900	-2.304160	13.699300	-17.311199	-0.636643	5.387600	-0.000000	-0.000000	0.000000	0.000000	0.000000	0.000000	-107.959999	-47.859200	-9.349670	-67.391197	-65.794899	-68.795502	-0.000000	0.000001	-0.000000	0.212096	-0.993295	0.003677	0.000000	0.000000	-0.000000
0.009588	1.180920	3.743550	-2.120440	7.210340	0.266256	-1.791060	-10.111800	-0.684808	-0.000000	-0.000000	-0.000000	2.507780	11.594500	-0.504341	-1.349690	-24.188000	0.453588	-0.000000	-0.000001	-0.000000	-0.000002	0.000000	0.000097	0.000000	0.000000	0.000000	14.700500	-4.373560	6.232390	-17.911800	-1.909710	5.243040	0.000000	0.000000	-0.000000	0.000000	0.000000	0.000000	-117.000999	-44.261398	-15.262600	-40.271599	-47.977798	-32.781300	0.000001	0.000001	0.000001	0.039772	-0.851299	0.000592	0.000000	-0.000000	-0.000000
0.200493	1.471650	6.163091	-2.448970	6.764880	0.288645	-2.065990	-9.902930	-0.775086	0.000000	0.000000	-0.000001	2.478870	11.916800	-0.512182	-2.338470	-24.822001	0.036520	-0.000000	-0.000001	0.000000	0.000002	-0.000000	-0.000015	0.000000	0.000000	0.000000	13.670200	-6.963250	-3.303360	-17.461399	-4.179550	4.759660	-0.000000	0.000000	-0.000000	0.000000	0.000000	0.000000	-121.990997	-38.357201	-16.503099	-26.499300	-30.021700	-11.770100	-0.000000	-0.000000	0.000000	0.057089	-0.866317	0.000864	0.000000	-0.000000	0.000000
0.515924	1.242990	7.560120	-3.024200	6.577390	0.346721	-2.689340	-8.917190	-0.885388	0.000000	-0.000000	0.000000	2.305970	13.117800	-0.523628	-3.850620	-27.035999	-0.729619	0.000000	0.000000	0.000000	-0.000002	0.000000	0.000053	0.000000	0.000000	0.000000	11.784500	-8.115040	-8.898450	-16.084600	-5.341810	4.561810	0.000000	0.000000	0.000000	0.000000	0.000000	0.000000	-123.050003	-34.851700	-15.469500	-22.916300	-18.359200	-3.936870	-0.000000	0.000000	-0.000000	0.080853	-1.221930	0.001725	0.000000	-0.000000	0.000000
1.244760	1.203310	8.939320	-4.430000	6.748470	0.521592	-1.843640	-9.293240	-1.012040	-0.000000	-0.000000	-0.000000	0.296642	13.143300	-0.067466	-1.755370	-25.387100	-0.628819	0.000000	-0.000000	0.000000	0.000000	-0.000000	-0.000061	0.000000	0.000000	0.000000	9.988520	-8.578260	-12.650200	-15.498500	-7.006880	4.150710	-0.000000	0.000000	0.000000	0.000000	0.000000	0.000000	-119.473000	-29.856501	-10.484200	-28.133600	-16.518101	-4.266190	-0.000000	0.000000	-0.000000	-0.472857	-0.691733	-0.005708	-0.000000	0.000000	-0.000000
0.791857	1.102020	8.485056	-4.776610	6.748480	0.562583	-0.595746	-9.471770	-0.881098	-0.000000	-0.000000	-0.000000	-0.331531	12.791900	0.073393	0.315686	-24.806601	-0.003171	-0.000000	0.000001	-0.000001	-0.000000	0.000000	-0.000024	0.000000	0.000000	0.000000	9.667590	-8.436900	-12.378900	-13.539900	-5.975970	4.614990	0.000000	0.000000	0.000000	0.000000	0.000000	0.000000	-115.370003	-28.821199	-7.612700	-36.066002	-15.941800	-6.399020	0.000001	-0.000001	0.000000	-0.681194	-0.533907	-0.006347	0.000000	0.000000	-0.000001
0.583479	1.735460	7.225580	-4.468060	5.699230	0.444595	-0.163026	-9.062630	-0.727497	0.000000	-0.000000	0.000000	0.158387	11.670700	-0.032049	-0.137044	-23.835400	0.007321	-0.000000	0.000001	-0.000000	-0.000002	0.000000	-0.000002	0.000000	0.000000	0.000000	9.155370	-8.160200	-11.584400	-10.759800	-3.736640	5.332640	0.000000	-0.000000	-0.000000	0.000000	0.000000	0.000000	-111.765999	-29.162399	-5.757810	-46.934399	-17.574699	-12.611900	-0.000000	-0.000000	0.000001	-0.536601	-0.247249	-0.002317	-0.000000	-0.000000	0.000001
0.612886	2.385070	6.446761	-4.644050	4.706940	0.381915	-0.170467	-8.642160	-0.722731	-0.000000	-0.000000	-0.000000	0.094047	11.080000	-0.018082	0.442685	-25.219000	0.227968	0.000000	-0.000000	0.000000	-0.000000	0.000000	0.000001	0.000000	0.000000	0.000000	9.225010	-8.065530	-10.979500	-10.361800	-1.642350	5.774350	0.000000	-0.000000	-0.000000	0.000000	0.000000	0.000000	-110.306000	-30.060200	-5.289290	-59.271900	-21.874599	-27.654699	0.000001	-0.000000	0.000000	-0.653636	-0.069316	-0.000790	-0.000000	-0.000000	0.000000
0.616603	2.637970	6.204770	-4.500710	4.144180	0.325915	-0.180098	-7.994820	-0.650790	0.000000	-0.000000	0.000000	0.596491	11.008400	-0.113915	-0.242013	-26.554001	0.153582	0.000000	-0.000000	0.000000	0.000000	0.000000	0.000024	0.000000	0.000000	0.000000	10.088800	-8.013790	-9.808590	-12.201900	-0.757138	5.949340	0.000000	-0.000000	0.000000	0.000000	0.000000	0.000000	-110.253998	-29.940800	-5.200230	-70.870598	-32.769402	-57.398499	-0.000000	-0.000000	0.000000	-0.952090	0.193575	0.003218	0.000000	0.000000	-0.000001
0.448467	2.821710	5.081930	-4.650280	3.727460	0.302977	0.157607	-8.006740	-0.625655	-0.000000	-0.000000	-0.000000	0.128532	10.612000	-0.023680	0.686814	-25.984400	0.356304	0.000000	-0.000000	-0.000000	-0.000000	-0.000000	0.000009	0.000000	0.000000	0.000000	11.577900	-7.710750	-7.215450	-14.156700	-1.383870	5.780410	0.000000	-0.000000	0.000000	0.000000	0.000000	0.000000	-108.345001	-33.315300	-5.281160	-90.052299	-42.520802	-94.793602	0.000001	0.000001	-0.000001	-0.794373	0.185101	0.002566	-0.000000	0.000000	0.000001
0.200254	2.927960	2.026660	-3.536600	4.485850	0.276954	-0.990020	-9.981880	-0.784318	0.000000	-0.000000	-0.000000	0.715207	10.294500	-0.127827	0.682402	-26.535299	0.619350	0.000000	-0.000000	0.000000	0.000002	-0.000000	-0.000023	0.000000	0.000000	0.000000	13.166100	-6.057610	0.323574	-15.424000	-1.984390	5.499100	0.000000	0.000000	-0.000000	0.000000	0.000000	0.000000	-102.613998	-37.348900	-2.814700	-117.014999	-49.602501	-129.699997	-0.000001	0.000001	0.000000	-0.125570	-0.240381	-0.000527	0.000000	-0.000000	-0.000000
0.639650	2.216419	-0.641548	-3.885900	5.070810	0.343982	-0.759152	-9.182780	-0.740411	-0.000000	-0.000000	-0.000000	0.561790	9.361120	-0.091389	0.390707	-23.846399	0.382103	-0.000000	0.000000	0.000000	0.000002	-0.000000	0.000008	0.000000	0.000000	0.000000	12.722000	-4.184730	8.155630	-15.798100	-1.833360	5.349110	0.000000	0.000000	0.000000	0.000000	0.000000	0.000000	-92.959503	-40.435001	2.915950	-146.473999	-50.681099	-158.654007	-0.000000	0.000001	0.000000	-0.263782	-0.069112	-0.000318	0.000000	-0.000000	-0.000000
0.701025	1.537450	-1.584670	-5.004800	6.067520	0.530339	0.748225	-8.822040	-0.649648	0.000000	-0.000000	0.000000	0.083450	10.737300	-0.015556	-0.006627	-25.062599	0.031944	-0.000000	0.000000	0.000000	0.000002	0.000000	-0.000029	0.000000	0.000000	0.000000	12.430300	-3.273760	12.162600	-15.950600	-2.418660	5.040520	-0.000000	-0.000000	0.000000	0.000000	0.000000	0.000000	-88.972900	-40.357498	5.556120	-162.399002	-49.024601	-172.194000	-0.000000	0.000001	-0.000001	0.444857	-0.240940	0.001871	-0.000000	-0.000000	-0.000000
0.497768	1.675820	-2.396889	-4.622160	6.599100	0.532320	0.555601	-10.120300	-0.710296	-0.000000	-0.000000	-0.000000	-0.328781	10.092000	0.057604	2.248790	-24.536501	0.799708	0.000000	-0.000000	0.000000	-0.000002	-0.000000	-0.000018	0.000000	0.000000	0.000000	13.051100	-3.046660	12.659000	-18.003300	-4.342510	4.380600	0.000000	0.000000	-0.000000	0.000000	0.000000	0.000000	-88.344101	-41.544800	5.969000	-168.977997	-49.477501	-177.175995	-0.000000	0.000000	-0.000000	0.531606	-0.410204	0.003806	0.000000	0.000000	-0.000000
0.295749	2.506750	-2.329070	-4.383540	5.974800	0.457165	0.674222	-10.639700	-0.681355	0.000000	-0.000000	-0.000000	-0.141152	9.544440	0.023397	2.944370	-25.080999	1.189910	-0.000000	-0.000000	0.000000	0.000000	-0.000000	-0.000032	0.000000	0.000000	0.000000	12.720500	-4.028240	8.940680	-17.337200	-5.656050	4.137620	-0.000000	-0.000000	0.000000	0.000000	0.000000	0.000000	-87.639000	-42.629398	6.391050	-169.835007	-52.123299	-177.472000	-0.000000	0.000000	-0.000000	0.562323	0.000128	-0.000001	0.000000	-0.000000	-0.000000
-0.146718	1.663290	-2.336591	-3.678840	7.214150	0.462605	0.334198	-11.390900	-0.655510	0.000000	0.000000	0.000000	0.957129	9.993140	-0.166111	1.787640	-24.112499	1.116100	0.000000	0.000000	-0.000000	-0.000000	0.000000	-0.000006	0.000000	0.000000	0.000000	12.118900	-3.812850	10.191600	-15.394500	-4.939490	4.429380	-0.000000	-0.000000	-0.000000	0.000000	0.000000	0.000000	-88.372704	-44.242298	5.829450	-163.604996	-58.370399	-171.302002	0.000000	0.000001	-0.000001	0.359064	-0.262889	0.001648	0.000000	0.000000	0.000000
-0.271562	1.996920	-1.383500	-3.684520	7.554200	0.485036	1.238400	-12.404000	-0.518842	-0.000000	-0.000000	-0.000000	1.925800	9.080420	-0.304047	-0.468914	-21.887300	0.534207	-0.000000	0.000001	0.000000	0.000002	-0.000000	0.000067	0.000000	0.000000	0.000000	12.790200	-4.162280	8.250190	-16.080099	-5.071290	4.398010	0.000000	0.000000	-0.000000	0.000000	0.000000	0.000000	-96.398102	-46.823898	-0.203919	-138.837006	-67.979103	-145.910995	-0.000000	-0.000001	-0.000000	-0.093381	-0.254642	-0.000415	0.000000	-0.000000	-0.000000
-0.521232	1.423600	0.945301	-2.754910	7.237230	0.347317	1.046440	-11.203700	-0.327770	0.000000	-0.000000	0.000000	3.249640	10.527300	-0.594345	-2.343810	-23.411699	0.338192	0.000000	-0.000000	0.000000	0.000002	0.000000	-0.000078	0.000000	0.000000	0.000000	13.135400	-5.634700	1.948310	-14.941000	-3.381910	5.061680	-0.000000	0.000000	0.000000	0.000000	0.000000	0.000000	-107.293999	-49.228100	-9.151250	-73.259300	-71.256500	-76.022903	0.000000	0.000002	0.000000	-0.292797	-0.435607	-0.002226	0.000000	0.000000	-0.000000
-0.601572	0.978936	2.519290	-1.663850	7.772790	0.225086	-1.518710	-10.883000	-0.598572	0.000000	-0.000000	-0.000000	3.375340	11.497500	-0.673542	-1.613140	-23.751699	0.682639	0.000000	-0.000000	-0.000000	-0.000002	-0.000000	-0.000018	0.000000	0.000000	0.000000	13.836100	-5.653780	1.753520	-16.696899	-1.819970	5.452500	-0.000000	-0.000000	0.000001	0.000000	0.000000	0.000000	-115.144997	-47.590698	-15.000600	-38.206501	-52.044498	-32.969601	-0.000001	-0.000000	-0.000000	-0.354963	-0.714955	-0.004429	-0.000000	0.000000	0.000000
0.265183	1.630050	5.211970	-2.767710	7.197280	0.347016	-1.372510	-11.161500	-0.798534	-0.000000	-0.000000	0.000000	2.942630	12.136100	-0.619174	-2.925430	-26.153099	-0.021408	-0.000000	0.000000	-0.000000	0.000000	0.000000	-0.000035	0.000000	0.000000	0.000000	12.642600	-6.755140	-2.791550	-16.424900	-3.184570	5.117840	0.000000	0.000000	-0.000000	0.000000	0.000000	0.000000	-119.014000	-42.213200	-16.077200	-29.548800	-33.383499	-15.864600	-0.000001	0.000000	-0.000000	-0.172676	-0.625516	-0.001884	0.000000	0.000000	0.000000
0.607981	1.317960	7.944331	-4.421930	6.715320	0.518094	0.260379	-9.990550	-0.717897	-0.000000	-0.000000	0.000001	1.714850	12.593000	-0.373995	-2.900360	-25.784800	-0.533689	-0.000000	-0.000000	-0.000001	-0.000000	-0.000000	-0.000094	0.000000	0.000000	0.000000	11.219700	-7.506290	-6.717700	-15.304600	-3.313920	5.153060	0.000000	-0.000000	0.000000	0.000000	0.000000	0.000000	-116.193001	-37.231499	-11.997600	-30.703899	-22.555099	-9.787750	-0.000000	-0.000000	0.000000	-0.381623	-0.933709	-0.006219	0.000000	0.000000	-0.000000
0.549713	1.920930	9.064072	-4.205510	5.768570	0.423445	-0.490802	-8.816730	-0.718104	0.000000	0.000000	-0.000001	1.746000	12.870200	-0.389037	-3.271190	-26.901600	-0.710056	0.000000	0.000000	0.000000	-0.000000	-0.000000	0.000007	0.000000	0.000000	0.000000	11.069200	-7.408120	-6.391980	-15.457900	-2.898720	5.249410	0.000000	0.000000	0.000000	0.000000	0.000000	0.000000	-116.035004	-33.036201	-10.058100	-33.363602	-15.460700	-5.679330	0.000001	-0.000000	-0.000001	-0.444640	-0.438287	-0.003401	-0.000000	-0.000000	-0.000001
0.564404	2.034250	9.616255	-4.644530	5.192850	0.421279	0.242862	-7.913360	-0.604521	0.000000	-0.000000	0.000000	1.466340	12.653800	-0.321295	-2.648790	-26.669201	-0.546760	-0.000000	-0.000000	0.000000	0.000000	-0.000000	-0.000025	0.000000	0.000000	0.000000	11.144100	-7.147460	-5.226410	-15.438100	-2.761720	5.248240	0.000000	0.000000	0.000000	0.000000	0.000000	0.000000	-112.917000	-30.022100	-6.931450	-40.069302	-13.132500	-5.660390	0.000001	0.000000	-0.000000	-0.446625	-0.325259	-0.002536	-0.000000	-0.000000	-0.000000
0.117782	1.905552	8.519522	-4.512800	5.121620	0.403682	0.876453	-7.711120	-0.486126	-0.000000	0.000000	-0.000001	2.725700	13.486400	-0.636137	-4.763190	-28.292601	-1.001700	-0.000000	0.000000	-0.000000	0.000000	-0.000000	0.000045	0.000000	0.000000	0.000000	11.140300	-6.038150	-0.285463	-14.583600	-2.008660	5.333060	-0.000000	-0.000000	0.000000	0.000000	0.000000	0.000000	-108.653000	-29.808701	-4.490820	-49.003502	-13.226600	-8.818680	0.000002	-0.000001	-0.000001	-0.435435	-0.318664	-0.002422	-0.000000	-0.000000	-0.000001
0.344566	1.701200	8.458590	-3.938780	5.950240	0.408947	-0.867478	-8.297470	-0.692107	-0.000000	-0.000000	0.000001	1.423900	12.440000	-0.306802	-1.914150	-25.156799	-0.222606	-0.000000	-0.000000	-0.000000	-0.000002	0.000000	0.000002	0.000000	0.000000	0.000000	10.737800	-5.886270	0.322874	-14.225700	-0.785205	5.623440	-0.000000	-0.000000	-0.000000	0.000000	0.000000	0.000000	-106.941002	-28.396500	-3.138680	-57.308300	-15.884100	-16.962700	-0.000000	-0.000001	-0.000002	-0.542795	-0.313460	-0.002969	-0.000000	0.000000	-0.000001
0.478313	1.872410	8.379650	-4.534740	5.887550	0.466114	-0.558744	-6.920720	-0.612424	0.000000	0.000000	-0.000001	0.925459	13.257000	-0.212255	-1.584560	-26.469601	-0.304760	0.000000	0.000000	-0.000000	-0.000000	-0.000000	-0.000072	0.000000	0.000000	0.000000	10.992700	-6.284400	-1.451000	-14.371500	-0.516676	5.759270	-0.000000	-0.000000	0.000001	0.000000	0.000000	0.000000	-105.565002	-28.466400	-2.486160	-64.580200	-19.683300	-30.563499	-0.000000	-0.000000	0.000000	-0.655400	-0.318044	-0.003638	0.000000	0.000000	-0.000001
0.368248	1.245880	6.873570	-3.858150	7.108100	0.478120	-1.294090	-9.439840	-0.842336	-0.000000	0.000000	0.000000	1.233770	13.050500	-0.278648	-1.666720	-24.873100	-0.195493	0.000000	0.000001	0.000000	-0.000000	0.000000	-0.000025	0.000000	0.000000	0.000000	11.317100	-5.827630	0.686173	-14.792000	-0.232977	5.796960	-0.000000	-0.000000	-0.000000	0.000000	0.000000	0.000000	-103.259003	-30.829000	-1.891550	-74.015602	-30.559401	-61.477402	0.000001	-0.000000	-0.000000	-0.963147	-0.615976	-0.010355	-0.000000	0.000000	-0.000000
0.680196	1.930850	5.835260	-4.218160	6.920470	0.509152	-1.107660	-10.576700	-0.974588	0.000000	0.000000	-0.000000	0.175452	12.637600	-0.038399	-0.287823	-25.672300	-0.050500	-0.000000	-0.000000	0.000000	-0.000000	-0.000000	0.000003	0.000000	0.000000	0.000000	11.145600	-6.648860	-2.930430	-14.569300	-1.657000	5.557340	0.000000	0.000000	-0.000000	0.000000	0.000000	0.000000	-102.377998	-33.338699	-1.996070	-89.645401	-42.721100	-94.251198	-0.000000	0.000001	0.000001	-1.135830	-0.394421	-0.007820	0.000000	-0.000000	0.000001
1.298550	2.422750	3.287100	-6.635730	5.946640	0.690528	2.343530	-9.204150	-0.682026	0.000000	0.000000	-0.000000	-0.797298	11.279600	0.155948	-0.120824	-24.690100	-0.377078	0.000000	-0.000000	0.000000	-0.000002	-0.000000	-0.000060	0.000000	0.000000	0.000000	11.343700	-5.442940	2.746020	-15.643400	-3.721490	4.855060	-0.000000	-0.000000	-0.000000	0.000000	0.000000	0.000000	-96.958504	-36.705700	0.607801	-118.302002	-50.680199	-130.679993	0.000000	0.000000	-0.000000	-0.789658	0.339625	0.004681	0.000000	-0.000000	0.000000
1.538320	2.322030	1.798030	-7.035920	6.448470	0.794139	2.327260	-9.972560	-0.809406	-0.000000	0.000000	0.000000	-2.143140	12.224300	0.453977	2.187000	-27.199100	0.042299	-0.000000	-0.000000	-0.000000	0.000002	0.000000	0.000006	0.000000	0.000000	0.000000	10.996000	-4.922940	5.333800	-16.452000	-6.128390	4.030690	-0.000000	-0.000000	0.000001	0.000000	0.000000	0.000000	-87.927597	-36.615799	6.078810	-146.337997	-50.721401	-158.442001	0.000000	-0.000000	0.000000	-0.391616	-0.006430	-0.000044	0.000000	0.000000	0.000000
1.766720	2.231710	1.848020	-7.287030	6.319520	0.806397	1.687900	-8.921420	-0.864042	-0.000000	0.000000	0.000000	-2.524440	11.195800	0.490446	1.656940	-24.393801	-0.338424	0.000000	-0.000000	0.000000	-0.000000	0.000000	0.000048	0.000000	0.000000	0.000000	10.056600	-5.396180	3.237700	-15.444100	-6.597180	4.034590	0.000000	0.000000	-0.000001	0.000000	0.000000	0.000000	-83.838402	-35.444801	8.478880	-162.457993	-46.865200	-172.656998	0.000000	0.000001	-0.000000	0.112961	0.291641	-0.000575	0.000000	0.000000	-0.000000
1.674470	1.790640	2.486470	-7.303450	6.325820	0.809036	2.089490	-7.726530	-0.696829	0.000000	-0.000000	-0.000000	-1.844290	11.588400	0.370592	-0.101980	-23.927500	-0.774333	0.000000	-0.000000	0.000000	0.000000	-0.000000	0.000040	0.000000	0.000000	0.000000	9.491470	-5.947330	0.291381	-14.703200	-6.016960	4.321750	-0.000000	0.000000	0.000000	0.000000	0.000000	0.000000	-83.507698	-37.327099	8.680310	-167.774002	-48.181301	-176.436005	-0.000000	-0.000000	-0.000000	0.343240	-0.239806	0.001437	-0.000000	-0.000000	0.000000
1.832330	1.773210	2.173350	-7.850730	5.675300	0.781205	2.300310	-6.156800	-0.592930	0.000000	0.000000	0.000000	-2.551050	11.041100	0.488859	1.125880	-22.872601	-0.535638	-0.000000	0.000000	-0.000000	0.000000	0.000000	0.000031	0.000000	0.000000	0.000000	9.647540	-5.525880	2.562960	-14.912600	-5.470060	4.402200	0.000000	0.000000	0.000000	0.000000	0.000000	0.000000	-87.897202	-39.203701	5.970610	-161.630005	-53.846298	-170.498001	-0.000000	-0.000000	0.000000	-0.207450	0.172530	0.000624	-0.000000	-0.000000	-0.000000
2.116460	1.543940	2.386410	-8.542030	5.783460	0.867133	4.126880	-5.683890	-0.433764	0.000000	0.000000	-0.000000	-2.511670	11.386600	0.496166	0.484094	-22.789900	-0.766461	0.000000	-0.000001	0.000000	0.000000	0.000000	0.000035	0.000000	0.000000	0.000000	10.098600	-5.133360	4.478880	-15.576600	-4.628120	4.533130	0.000000	-0.000000	-0.000000	0.000000	0.000000	0.000000	-96.553703	-42.512501	-0.005517	-144.520996	-64.393898	-152.401001	0.000000	-0.000000	0.000000	-0.553057	-0.112594	-0.001087	-0.000000	-0.000000	0.000000
1.549290	2.036360	3.864110	-6.923220	5.592060	0.677896	1.947610	-6.085010	-0.525205	0.000000	-0.000000	-0.000000	-1.818600	10.919300	0.344589	0.805592	-22.298901	-0.371882	0.000000	-0.000000	0.000000	0.000000	-0.000000	0.000008	0.000000	0.000000	0.000000	11.129500	-6.326650	-1.388380	-16.079599	-4.004560	4.847230	0.000000	0.000000	0.000000	0.000000	0.000000	0.000000	-112.182999	-45.047401	-11.931100	-88.296303	-72.173798	-92.121498	-0.000000	0.000002	0.000001	-0.726014	-0.076965	-0.000976	-0.000000	-0.000000	-0.000000
1.368300	2.420460	5.559238	-6.460570	6.322130	0.714413	1.334420	-9.792410	-0.867343	-0.000000	-0.000000	0.000000	-0.565014	11.178400	0.109528	-1.113430	-24.097799	-0.681062	0.000000	0.000001	-0.000000	0.000000	0.000000	-0.000013	0.000000	0.000000	0.000000	11.140700	-7.252310	-5.641070	-15.911600	-3.880270	4.969940	0.000000	0.000000	-0.000000	0.000000	0.000000	0.000000	-121.444000	-42.198002	-18.045401	-42.175301	-56.369400	-38.493000	-0.000001	0.000001	0.000000	-0.650403	-0.542144	-0.006154	0.000000	0.000000	-0.000000
1.934870	2.724180	6.792950	-6.566230	6.152230	0.706760	-0.465533	-10.224900	-1.247470	0.000000	0.000000	-0.000000	-1.619160	12.291200	0.344760	-1.070760	-26.863300	-1.199350	0.000000	-0.000000	0.000000	-0.000000	0.000000	0.000021	0.000000	0.000000	0.000000	9.796050	-8.127010	-10.799600	-15.211700	-3.238920	5.263660	-0.000000	-0.000000	0.000000	0.000000	0.000000	0.000000	-126.029999	-37.079899	-18.962700	-28.984501	-40.009499	-18.550699	-0.000001	-0.000000	0.000000	-0.414557	-0.538431	-0.003894	-0.000000	-0.000000	-0.000000
1.933650	1.711970	7.613657	-6.946870	7.487120	0.909578	0.723558	-10.425500	-1.119550	-0.000000	-0.000000	-0.000000	-1.435850	13.967500	0.346624	-1.694850	-27.129801	-1.409310	0.000000	0.000001	0.000000	-0.000000	0.000000	0.000035	0.000000	0.000000	0.000000	9.568180	-7.438030	-7.695920	-14.191100	-1.753160	5.601660	0.000000	0.000000	-0.000000	0.000000	0.000000	0.000000	-125.842003	-34.468498	-17.301001	-25.697599	-29.577700	-10.875800	0.000000	0.000000	-0.000000	-0.369122	-1.053850	-0.006789	-0.000000	0.000000	0.000001
1.613090	1.720920	7.422016	-6.604750	7.553080	0.871948	0.232252	-9.476660	-1.043830	-0.000000	-0.000000	-0.000000	-0.501359	13.792000	0.119510	-3.134790	-25.994900	-1.589040	0.000000	0.000001	-0.000000	0.000002	-0.000000	-0.000010	0.000000	0.000000	0.000000	9.872460	-6.148550	-1.081880	-13.416800	-1.928890	5.382860	-0.000000	-0.000000	0.000000	0.000000	0.000000	0.000000	-125.293999	-33.039398	-16.002600	-26.052500	-22.433800	-7.149180	0.000001	0.000000	-0.000001	-0.453859	-0.753712	-0.005969	0.000000	0.000000	0.000000
0.749907	2.175210	7.731291	-5.822670	5.282330	0.537887	1.362230	-5.691390	-0.440749	0.000000	-0.000000	0.000000	0.461636	13.086200	-0.104536	-1.722770	-27.048901	-0.579005	0.000000	0.000000	0.000000	-0.000000	-0.000000	-0.000040	0.000000	0.000000	0.000000	10.927700	-6.329780	-1.706290	-14.640400	-2.378110	5.272600	-0.000000	-0.000000	0.000000	0.000000	0.000000	0.000000	-123.547997	-29.106100	-12.424000	-28.963200	-20.827000	-7.055760	0.000001	-0.000000	0.000001	0.104341	-0.570670	0.001038	0.000000	-0.000000	0.000001
0.968469	2.106210	7.677001	-5.488750	6.405440	0.614193	0.548233	-8.429990	-0.720962	0.000000	-0.000000	0.000001	0.794666	13.646900	-0.187515	-3.158770	-27.423100	-1.099620	-0.000000	-0.000000	0.000000	0.000002	-0.000000	0.000018	0.000000	0.000000	0.000000	10.873700	-6.303930	-1.599510	-14.676200	-2.019150	5.366030	-0.000000	-0.000000	-0.000001	0.000000	0.000000	0.000000	-117.098000	-26.848499	-7.533320	-41.882500	-25.020399	-16.661800	0.000001	-0.000000	0.000000	-0.449191	-0.684290	-0.005363	0.000000	0.000000	-0.000000
0.523182	2.138192	7.143172	-4.299430	6.261510	0.469790	-1.627530	-8.004600	-0.824621	0.000000	-0.000000	0.000000	1.326750	13.571500	-0.311398	-3.149930	-27.236799	-0.851585	0.000000	0.000000	0.000000	0.000002	-0.000000	0.000042	0.000000	0.000000	0.000000	10.237800	-6.516700	-2.753000	-13.366000	-0.813636	5.721920	-0.000000	0.000000	-0.000001	0.000000	0.000000	0.000000	-111.845001	-27.892200	-5.317910	-55.124100	-28.375900	-31.082001	-0.000000	-0.000001	-0.000000	-0.688284	-0.278012	-0.003340	0.000000	0.000000	0.000000
0.613252	1.575530	6.942241	-4.469810	7.240970	0.564508	-0.917880	-7.988220	-0.745883	-0.000000	-0.000000	-0.000000	1.467450	14.559400	-0.368981	-3.350290	-27.789301	-0.900040	-0.000000	0.000000	-0.000000	0.000002	-0.000000	-0.000080	0.000000	0.000000	0.000000	10.156100	-6.354980	-2.047700	-12.992200	0.004861	5.881670	-0.000000	-0.000000	-0.000000	0.000000	0.000000	0.000000	-110.672997	-30.013599	-5.552820	-63.539101	-34.117699	-47.500301	-0.000000	-0.000001	0.000001	-0.921523	-0.559552	-0.009000	0.000000	0.000000	-0.000000
0.599127	2.342650	6.346621	-5.412360	6.813610	0.644005	0.736116	-8.934510	-0.721823	-0.000000	-0.000000	0.000000	1.068920	13.653100	-0.252349	-3.007900	-27.251301	-0.901939	0.000000	0.000000	-0.000000	0.000002	0.000000	0.000061	0.000000	0.000000	0.000000	10.296800	-6.994700	-5.008620	-13.433600	-1.552080	5.615130	-0.000000	0.000000	0.000000	0.000000	0.000000	0.000000	-111.218002	-32.408100	-6.747130	-72.970596	-45.973598	-68.951500	-0.000001	-0.000000	0.000001	-1.180650	-0.093262	-0.001922	0.000000	-0.000000	-0.000000
1.112770	3.181070	4.558601	-5.852240	6.002740	0.614110	1.051480	-10.994600	-0.911461	0.000000	0.000000	0.000000	-0.207270	11.993200	0.043057	-0.024776	-26.472300	-0.101395	-0.000000	-0.000000	-0.000000	0.000000	0.000000	-0.000042	0.000000	0.000000	0.000000	10.837900	-6.440290	-2.023270	-14.669600	-4.497330	4.786050	0.000000	0.000000	-0.000000	0.000000	0.000000	0.000000	-107.394997	-35.988499	-5.620190	-98.483597	-55.033001	-104.862000	-0.000001	-0.000001	0.000000	-0.893999	0.348179	0.005433	-0.000000	-0.000000	0.000000
1.430180	3.386340	1.574750	-6.714650	5.898690	0.693200	1.284700	-11.265100	-1.056750	-0.000000	-0.000000	0.000000	-2.298230	10.889900	0.434399	3.321480	-25.986300	0.466555	-0.000000	-0.000000	-0.000000	0.000002	-0.000000	0.000021	0.000000	0.000000	0.000000	10.449900	-5.378980	3.265870	-14.624500	-5.299460	4.487340	-0.000000	-0.000000	0.000000	0.000000	0.000000	0.000000	-98.161797	-38.698700	-0.370373	-134.087997	-57.509300	-144.287994	-0.000001	0.000000	-0.000000	-0.517930	0.439987	0.003977	0.000000	0.000000	0.000000
1.545100	3.246891	0.457517	-7.242690	5.727860	0.726676	1.546680	-9.214310	-0.909140	-0.000000	-0.000000	0.000000	-2.487250	10.500700	0.453561	2.756560	-25.643999	0.134619	0.000000	0.000000	0.000000	-0.000000	-0.000000	-0.000015	0.000000	0.000000	0.000000	10.510600	-5.470040	2.835430	-15.465400	-5.384540	4.431250	0.000000	-0.000000	-0.000000	0.000000	0.000000	0.000000	-91.535698	-36.769600	3.991380	-159.322998	-53.579102	-168.490997	0.000000	-0.000000	0.000000	-0.359168	0.545464	0.003419	-0.000000	-0.000000	0.000000
1.486920	3.354210	0.581475	-7.572930	6.169830	0.818618	2.325550	-10.860500	-0.982982	-0.000000	0.000000	0.000000	-2.401620	10.961900	0.456932	1.826320	-26.686300	-0.238662	-0.000000	-0.000000	0.000000	-0.000000	0.000000	0.000004	0.000000	0.000000	0.000000	10.262300	-5.648000	1.956450	-15.521000	-7.107790	3.943970	0.000000	0.000001	-0.000000	0.000000	0.000000	0.000000	-88.951401	-35.372101	5.579270	-169.121002	-50.009102	-177.044998	0.000000	-0.000000	0.000000	-0.317030	0.564787	0.003125	0.000000	-0.000000	0.000000
1.737250	2.857101	-0.554542	-8.116800	5.972550	0.850196	3.167340	-9.743970	-0.832133	0.000000	0.000000	0.000000	-2.955510	12.145900	0.622359	2.267320	-28.627399	-0.297977	-0.000000	0.000000	0.000000	0.000002	-0.000000	-0.000070	0.000000	0.000000	0.000000	9.942380	-4.660110	7.263640	-13.977500	-6.502140	4.128480	-0.000000	-0.000001	0.000001	0.000000	0.000000	0.000000	-89.259697	-38.724300	5.314160	-170.447006	-53.536598	-177.649994	0.000000	0.000000	-0.000000	-0.504909	0.338407	0.002982	-0.000000	-0.000000	-0.000000
1.929500	2.369890	-1.100430	-8.261260	7.082310	1.025570	2.421550	-10.610700	-1.067090	0.000000	-0.000000	-0.000000	-3.876150	11.789100	0.793083	3.617620	-27.501600	-0.081544	-0.000000	0.000000	0.000000	-0.000002	-0.000000	-0.000042	0.000000	0.000000	0.000000	10.110700	-4.368080	8.701930	-15.269500	-5.631910	4.215890	-0.000000	0.000000	0.000000	0.000000	0.000000	0.000000	-94.139503	-41.477600	1.993170	-167.647003	-60.038399	-174.423004	-0.000000	0.000001	-0.000000	-0.548259	0.285214	0.002729	-0.000000	-0.000000	0.000000
1.531990	1.619360	0.960468	-7.895970	7.768480	1.073980	3.103730	-10.187800	-0.836554	-0.000000	-0.000000	0.000000	-2.092170	12.162400	0.440961	0.851426	-26.374300	-0.530346	-0.000000	-0.000000	0.000000	-0.000000	-0.000000	0.000030	0.000000	0.000000	0.000000	10.250300	-5.090080	4.698470	-14.443400	-5.082920	4.491190	0.000000	-0.000000	0.000000	0.000000	0.000000	0.000000	-101.295998	-44.669998	-3.599200	-154.901001	-73.125900	-160.490005	0.000000	-0.000001	-0.000000	-0.868713	-0.180921	-0.002743	-0.000000	-0.000000	-0.000000
1.727610	1.234550	3.363940	-6.955180	8.956390	1.088010	1.052390	-11.369000	-1.150590	-0.000000	0.000000	0.000000	-1.924910	15.027600	0.499259	0.391555	-29.809900	-0.729620	0.000000	0.000000	0.000000	0.000002	0.000000	-0.000063	0.000000	0.000000	0.000000	9.043450	-5.959960	0.012352	-13.234800	-2.598280	5.266410	0.000000	-0.000000	0.000000	0.000000	0.000000	0.000000	-112.061996	-45.680000	-12.035000	-59.685200	-80.129601	-62.667000	-0.000000	-0.000001	-0.000000	-0.959940	-0.409990	-0.006870	0.000000	0.000000	0.000000
1.196010	1.444100	5.020730	-6.550180	8.005940	0.916190	1.518120	-9.749160	-0.843290	0.000000	-0.000000	0.000000	-1.367860	14.800300	0.349468	0.457639	-28.779699	-0.416364	-0.000000	0.000000	0.000000	0.000000	0.000000	0.000036	0.000000	0.000000	0.000000	9.720560	-6.637690	-3.505320	-13.387800	-3.233520	5.169560	0.000000	0.000000	0.000000	0.000000	0.000000	0.000000	-118.966003	-42.240002	-16.093300	-30.060301	-59.766300	-27.798100	0.000000	0.000000	-0.000001	-0.804054	-0.338019	-0.004744	-0.000000	-0.000000	0.000000
1.284420	1.285490	6.517991	-6.280880	7.892580	0.865863	0.879427	-9.503090	-0.884405	0.000000	-0.000000	0.000000	-0.466607	15.601700	0.125479	-1.863000	-29.628099	-1.143620	0.000000	0.000000	0.000000	-0.000002	0.000000	0.000011	0.000000	0.000000	0.000000	9.291320	-7.057310	-5.980560	-12.263200	-2.681490	5.365790	0.000000	0.000000	-0.000000	0.000000	0.000000	0.000000	-119.379997	-39.208599	-15.109500	-27.457500	-41.386902	-18.135700	-0.000000	-0.000000	0.000000	-0.752484	-0.742094	-0.009746	-0.000000	0.000000	-0.000001
1.167930	1.567490	7.057060	-5.784740	7.833330	0.791043	-0.686078	-9.178930	-1.027750	-0.000000	0.000000	0.000000	-0.428900	14.300100	0.105926	-1.078050	-26.741301	-0.672188	-0.000000	-0.000000	-0.000000	-0.000000	-0.000000	-0.000053	0.000000	0.000000	0.000000	9.234430	-6.706310	-4.155320	-12.011900	-3.283120	5.189190	0.000000	-0.000000	-0.000000	0.000000	0.000000	0.000000	-120.941002	-36.706699	-15.022500	-25.824499	-26.928801	-9.753460	0.000000	0.000000	0.000001	-0.723349	-0.732492	-0.009248	-0.000000	-0.000000	-0.000000
1.726450	2.262559	8.619350	-6.788250	6.432440	0.764022	-0.272375	-8.459230	-1.037410	0.000000	0.000000	0.000000	-1.543640	13.759800	0.367222	-1.340600	-27.292601	-1.303010	0.000000	0.000001	0.000000	-0.000000	-0.000000	-0.000008	0.000000	0.000000	0.000000	8.202460	-7.820180	-11.032200	-11.319300	-3.623470	5.285560	0.000000	-0.000000	0.000000	0.000000	0.000000	0.000000	-121.926003	-30.784901	-12.537800	-25.856600	-20.848900	-6.068350	-0.000000	-0.000000	0.000000	-0.890908	-0.373250	-0.005804	-0.000000	0.000000	0.000001
1.428380	3.360690	8.893640	-7.481750	4.391070	0.576084	0.936282	-6.866840	-0.783281	-0.000000	0.000000	-0.000000	-1.632210	12.964300	0.366256	-0.694856	-28.725000	-1.098820	0.000000	-0.000000	0.000000	-0.000000	-0.000000	0.000093	0.000000	0.000000	0.000000	8.220160	-8.029240	-12.065400	-11.648800	-4.324910	5.155660	0.000000	0.000000	0.000000	0.000000	0.000000	0.000000	-119.466003	-27.163000	-9.060200	-31.301300	-17.514999	-5.820380	-0.000001	0.000001	0.000000	-0.941606	0.215322	0.003537	-0.000000	-0.000000	-0.000001
0.975048	3.037040	8.759460	-6.612770	4.118050	0.476977	0.251415	-6.526730	-0.724040	-0.000000	-0.000000	0.000000	-1.672580	12.345600	0.357694	0.302149	-27.336100	-0.611609	0.000000	-0.000000	0.000000	-0.000000	-0.000000	0.000016	0.000000	0.000000	0.000000	8.694970	-7.511980	-8.740060	-12.240800	-3.398500	5.271770	-0.000000	0.000000	0.000000	0.000000	0.000000	0.000000	-116.149002	-25.308201	-6.376770	-37.584702	-18.849501	-9.095010	-0.000000	-0.000000	-0.000001	-0.760120	-0.152762	-0.002027	0.000000	-0.000000	0.000001
0.263376	3.400000	8.254880	-5.017290	4.799170	0.420830	-1.153180	-8.924960	-0.958144	0.000000	-0.000000	0.000000	-0.353384	11.761000	0.072022	-0.516498	-26.963301	-0.391056	-0.000000	0.000000	-0.000000	-0.000002	0.000000	-0.000058	0.000000	0.000000	0.000000	9.931650	-7.348620	-6.866280	-12.942800	-2.699460	5.385770	0.000000	0.000000	-0.000000	0.000000	0.000000	0.000000	-111.223999	-25.180300	-3.989230	-48.751999	-21.490601	-17.762400	0.000002	0.000000	0.000001	-0.886386	-0.041336	-0.000639	0.000000	-0.000000	-0.000000
-0.291722	4.230570	7.594610	-2.918250	3.054540	0.155634	-3.460780	-7.740840	-0.862138	0.000000	-0.000000	-0.000000	1.232880	10.045500	-0.215091	-1.288210	-25.728001	-0.032209	-0.000000	0.000000	0.000000	0.000000	-0.000000	0.000035	0.000000	0.000000	0.000000	10.866600	-7.638620	-7.499920	-13.160700	-2.946750	5.359480	0.000000	0.000000	0.000000	0.000000	0.000000	0.000000	-110.900002	-25.684999	-4.004160	-56.605701	-27.196899	-31.125900	0.000000	0.000000	0.000000	-0.941633	0.222361	0.003654	0.000000	-0.000000	-0.000001
0.188613	3.938828	7.006498	-3.437320	3.617910	0.217160	-3.352000	-8.114810	-0.961791	0.000000	0.000000	0.000000	0.737607	10.901700	-0.139518	-1.196300	-27.752001	-0.219766	-0.000000	-0.000000	0.000000	-0.000002	0.000000	-0.000068	0.000000	0.000000	0.000000	10.966800	-7.807370	-8.200350	-13.588100	-3.452540	5.234270	-0.000000	0.000000	-0.000000	0.000000	0.000000	0.000000	-110.750000	-26.909500	-4.382780	-68.094101	-40.237701	-58.321098	0.000001	-0.000000	0.000000	-0.851641	0.700160	0.010407	-0.000000	-0.000000	0.000001
0.554837	2.941520	5.023641	-4.427810	5.103140	0.394624	-1.354490	-8.712210	-0.876073	0.000000	0.000000	-0.000000	-0.019328	11.475500	0.003836	0.972653	-26.761000	0.429478	-0.000000	0.000000	-0.000000	0.000002	-0.000000	0.000041	0.000000	0.000000	0.000000	10.748500	-6.686660	-3.196240	-14.070300	-4.340870	4.887460	0.000000	-0.000000	-0.000000	0.000000	0.000000	0.000000	-108.655998	-33.706600	-5.640090	-89.825401	-54.717602	-93.541199	-0.000000	0.000000	0.000000	-0.937155	0.344890	0.005641	-0.000000	0.000000	-0.000000
0.777096	2.519680	2.981780	-5.374380	5.917500	0.555687	0.291102	-9.433130	-0.830513	-0.000000	-0.000000	0.000000	-1.267170	12.036600	0.264282	3.274850	-26.972601	0.923580	0.000000	-0.000000	-0.000000	-0.000002	0.000000	0.000060	0.000000	0.000000	0.000000	10.157500	-5.556300	2.314270	-14.794900	-5.501830	4.405880	-0.000000	0.000000	-0.000001	0.000000	0.000000	0.000000	-98.273003	-35.181999	0.110672	-129.238007	-59.075901	-138.634003	0.000001	-0.000001	-0.000000	-0.629161	0.297750	0.003269	0.000000	-0.000000	-0.000000
0.821804	2.961370	1.459400	-6.142780	4.866730	0.523130	1.319230	-8.350930	-0.698917	0.000000	-0.000000	0.000000	-2.313580	10.824300	0.434702	3.685470	-26.008101	0.619759	0.000000	0.000000	0.000000	0.000000	0.000000	-0.000011	0.000000	0.000000	0.000000	9.979620	-5.109750	4.789660	-15.233500	-7.604010	3.737310	0.000000	-0.000000	-0.000000	0.000000	0.000000	0.000000	-92.326599	-33.846802	3.739940	-162.231995	-54.284302	-170.675995	-0.000000	0.000001	-0.000000	-0.339565	0.423097	0.002507	-0.000000	-0.000000	0.000000
1.273060	3.650139	0.959078	-6.971650	4.448490	0.543404	1.252410	-8.700730	-0.864755	-0.000000	0.000000	0.000000	-2.344890	9.777450	0.398418	1.752010	-25.845100	-0.243582	-0.000000	0.000000	-0.000000	-0.000002	-0.000000	-0.000058	0.000000	0.000000	0.000000	9.291690	-5.294600	4.093220	-14.915200	-9.790960	3.199220	0.000000	0.000000	0.000000	0.000000	0.000000	0.000000	-89.859497	-32.598499	5.193140	-175.766006	-49.193199	177.860001	-0.000000	0.000001	-0.000000	-0.197796	0.618065	0.002133	0.000000	0.000000	-0.000000
1.578640	3.224270	1.341790	-7.630090	5.315910	0.711072	1.913810	-10.028700	-0.992845	0.000000	-0.000000	-0.000000	-3.617760	10.230000	0.643333	4.001100	-26.296000	0.195366	0.000000	-0.000000	0.000000	0.000002	-0.000000	-0.000058	0.000000	0.000000	0.000000	8.738430	-5.862140	0.866257	-13.683400	-9.402930	3.555030	-0.000000	-0.000000	0.000000	0.000000	0.000000	0.000000	-89.155502	-32.348400	5.559020	179.940002	-48.480801	174.587997	0.000000	-0.000000	-0.000000	-0.052307	0.552840	0.000504	0.000000	-0.000000	-0.000000
1.628480	3.448000	1.060070	-7.670160	5.415860	0.728250	1.470060	-10.371300	-1.114130	-0.000000	0.000000	0.000000	-3.444450	10.335500	0.618683	3.374020	-26.104700	-0.006343	-0.000000	0.000000	-0.000000	-0.000000	-0.000000	0.000009	0.000000	0.000000	0.000000	8.716070	-5.730950	1.686610	-13.538900	-9.042840	3.663720	0.000000	0.000000	0.000000	0.000000	0.000000	0.000000	-90.371597	-34.698200	4.782590	-178.671005	-53.598900	175.824997	0.000000	-0.000001	0.000001	-0.060632	0.593005	0.000627	0.000000	0.000000	-0.000000
1.244240	2.446990	1.282240	-7.504360	6.332120	0.832367	2.274890	-9.235100	-0.834075	0.000000	0.000000	0.000000	-2.671920	11.113000	0.515347	2.091930	-25.081200	-0.224590	0.000000	-0.000000	-0.000000	-0.000000	0.000000	-0.000043	0.000000	0.000000	0.000000	9.267020	-5.014780	5.554730	-13.465500	-6.418460	4.206940	0.000000	0.000000	-0.000000	0.000000	0.000000	0.000000	-93.426804	-37.333000	2.761270	-169.264008	-63.945702	-175.214996	0.000000	0.000001	-0.000000	-0.252844	0.241171	0.001064	-0.000000	-0.000000	0.000000
1.243340	3.051760	3.203281	-6.810840	5.227580	0.623458	1.383610	-8.719460	-0.820800	-0.000000	0.000000	0.000000	-1.488360	10.672700	0.275691	-0.118553	-26.060600	-0.694757	0.000000	-0.000000	0.000000	0.000002	-0.000000	-0.000060	0.000000	0.000000	0.000000	9.351030	-6.477040	-2.566300	-12.983700	-4.651510	4.887110	0.000000	0.000000	0.000000	0.000000	0.000000	0.000000	-103.931000	-40.429298	-4.584570	-120.896004	-79.194397	-125.236000	0.000000	0.000001	0.000000	-0.678372	0.503650	0.005963	0.000000	0.000000	-0.000000
1.215730	2.925570	4.701860	-6.703980	5.401540	0.633945	1.277320	-8.972450	-0.844102	0.000000	-0.000000	0.000000	-1.168090	11.197100	0.226844	-0.841596	-26.184601	-0.877248	0.000000	-0.000000	-0.000000	0.000000	-0.000000	-0.000077	0.000000	0.000000	0.000000	9.324420	-7.040500	-5.651860	-13.400300	-3.079560	5.298940	-0.000000	0.000000	-0.000000	0.000000	0.000000	0.000000	-114.251999	-38.514198	-10.999700	-36.720001	-68.718803	-36.611900	0.000000	0.000000	-0.000000	-0.789338	0.234017	0.003224	-0.000000	-0.000000	0.000000
1.374730	2.367470	5.833641	-6.372000	5.635400	0.628276	0.594325	-8.136300	-0.816001	0.000000	0.000000	-0.000000	-1.187180	13.361000	0.274361	-0.885929	-28.837601	-0.984704	-0.000000	0.000000	-0.000000	-0.000002	0.000000	-0.000050	0.000000	0.000000	0.000000	9.681470	-6.639710	-3.448190	-14.238000	-2.289920	5.402450	0.000000	0.000000	-0.000000	0.000000	0.000000	0.000000	-118.372002	-38.876202	-14.150500	-24.091900	-44.668800	-16.812500	-0.000001	0.000000	0.000000	-0.574541	-0.315611	-0.003165	0.000000	0.000000	-0.000000
1.953210	2.600730	6.850868	-7.490060	5.004830	0.657143	1.812990	-6.476690	-0.639165	0.000000	-0.000000	0.000000	-2.047770	13.391100	0.474432	-0.273342	-28.774500	-1.090890	0.000000	0.000000	-0.000000	-0.000000	-0.000000	0.000108	0.000000	0.000000	0.000000	9.281870	-6.579690	-3.343710	-13.053900	-2.426400	5.367500	0.000000	-0.000000	-0.000000	0.000000	0.000000	0.000000	-121.064003	-35.791302	-14.608800	-24.441200	-30.120800	-10.458300	0.000001	-0.000000	-0.000000	-0.629369	-0.573325	-0.006298	-0.000000	-0.000000	0.000000
2.482280	2.637700	8.516498	-8.071190	5.209090	0.737626	1.465090	-6.580230	-0.756444	-0.000000	0.000000	-0.000000	-2.920770	13.187500	0.666868	0.440502	-27.345699	-1.104390	-0.000000	0.000000	-0.000001	-0.000002	0.000000	0.000051	0.000000	0.000000	0.000000	8.102220	-7.324590	-8.302760	-12.167700	-3.205280	5.302080	0.000000	0.000000	0.000000	0.000000	0.000000	0.000000	-119.953003	-31.649401	-11.788100	-28.341900	-22.624701	-8.219490	0.000001	-0.000000	0.000001	-0.854029	-0.282824	-0.004216	-0.000000	-0.000000	-0.000002
