0.582751	0.061968	-0.409355	-5.216940	10.011700	0.909396	3.329620	-10.954300	-0.343605	-0.000000	-0.000000	-0.000000	1.345640	11.851100	-0.276410	-2.300690	-20.128201	-0.338540	0.000000	0.000000	-0.000000	0.000000	0.000000	-0.000042	0.000000	0.000000	0.000000	11.931500	-1.874460	18.065901	-12.330000	3.153780	5.978290	0.000000	-0.000000	0.000001	0.000000	0.000000	0.000000	-82.152000	-46.488201	10.050200	-123.468002	-65.346199	-131.084000	-0.000000	0.000001	-0.000000	-0.008132	-0.549625	-0.000077	-0.000000	-0.000000	-0.000000
0.734718	-0.335759	2.002970	-5.166030	10.365100	0.931905	3.648890	-10.277100	-0.255635	0.000000	0.000000	0.000000	1.591720	13.281400	-0.365773	-2.810810	-21.538900	-0.463249	-0.000000	-0.000000	-0.000000	0.000002	-0.000000	-0.000061	0.000000	0.000000	0.000000	12.049900	-3.876250	9.255220	-14.123500	2.464920	6.259540	-0.000000	-0.000000	0.000001	0.000000	0.000000	0.000000	-94.894699	-46.760201	0.602072	-72.836800	-63.360500	-74.498596	-0.000000	0.000000	0.000000	-0.450365	-0.940004	-0.007388	-0.000000	0.000000	0.000000
0.965686	-0.646852	3.383350	-4.856120	10.264700	0.867343	2.015310	-8.820870	-0.423994	0.000000	-0.000000	0.000000	1.502700	15.133700	-0.392409	-2.997320	-23.686600	-0.621490	0.000000	-0.000000	0.000000	0.000000	0.000000	-0.000042	0.000000	0.000000	0.000000	11.540500	-5.359150	2.802190	-14.189400	1.476760	6.203380	0.000000	0.000000	-0.000000	0.000000	0.000000	0.000000	-101.968002	-47.534901	-4.878350	-48.584499	-39.523701	-36.384800	0.000001	0.000001	-0.000000	-0.378175	-1.350900	-0.008915	-0.000000	0.000000	0.000000
1.289260	-0.069623	5.317380	-4.785170	9.939570	0.827824	1.286120	-9.560170	-0.569828	-0.000000	-0.000000	-0.000000	1.435450	14.768800	-0.366011	-3.692850	-23.225599	-0.909307	-0.000000	-0.000001	0.000000	-0.000002	0.000000	0.000081	0.000000	0.000000	0.000000	10.215600	-7.336960	-6.871260	-13.328600	-1.589900	5.620890	0.000000	0.000000	-0.000000	0.000000	0.000000	0.000000	-106.959000	-43.365002	-7.632760	-43.357700	-21.434601	-16.247400	0.000001	0.000000	0.000000	-0.562755	-1.091980	-0.010724	-0.000000	0.000000	-0.000000
1.178200	0.619909	7.283511	-5.495590	8.234840	0.789502	2.587940	-8.258560	-0.409815	-0.000000	-0.000000	0.000000	0.973608	14.741600	-0.247782	-3.296520	-25.119801	-1.000150	0.000000	0.000000	-0.000000	-0.000000	0.000000	0.000024	0.000000	0.000000	0.000000	8.646460	-9.401540	-19.008101	-11.664000	-4.049600	5.193260	-0.000000	-0.000000	-0.000001	0.000000	0.000000	0.000000	-109.302002	-37.686199	-7.576500	-42.342499	-11.373700	-5.281320	0.000002	0.000000	0.000001	-0.487897	-0.917677	-0.007813	-0.000000	0.000000	-0.000000
1.378090	0.990901	7.235030	-5.124120	7.996490	0.714689	0.318181	-9.081830	-0.752382	-0.000000	0.000000	-0.000001	0.359046	15.114300	-0.093638	-2.796820	-27.007000	-1.113140	0.000000	0.000000	-0.000000	-0.000002	0.000000	0.000033	0.000000	0.000000	0.000000	7.986740	-9.270170	-19.586700	-10.386900	-5.324310	5.006570	0.000000	0.000000	0.000001	0.000000	0.000000	0.000000	-108.650002	-35.653599	-6.460240	-46.424900	-8.039960	-2.355850	0.000001	0.000000	0.000001	-0.817919	-1.090550	-0.015567	0.000000	-0.000000	-0.000001
1.369650	1.087030	6.150540	-4.938210	8.363390	0.720004	-0.745327	-9.867010	-0.967937	0.000000	-0.000000	-0.000000	-0.052891	14.331200	0.013076	-1.723520	-25.750500	-0.771227	-0.000000	-0.000000	0.000000	0.000002	-0.000000	-0.000047	0.000000	0.000000	0.000000	9.835450	-8.441460	-12.486000	-13.138800	-5.209460	4.809750	0.000000	0.000000	-0.000000	0.000000	0.000000	0.000000	-106.188004	-35.321098	-4.772030	-52.834000	-9.400880	-5.484880	-0.000000	0.000001	0.000000	-0.747603	-1.090020	-0.014221	0.000000	-0.000000	-0.000001
0.955361	1.570810	5.180310	-5.049090	8.168910	0.719253	0.392463	-10.660000	-0.853652	0.000000	-0.000000	0.000000	0.013780	13.289500	-0.003181	-0.973439	-25.398300	-0.411771	0.000000	0.000000	0.000000	-0.000002	0.000000	0.000031	0.000000	0.000000	0.000000	11.279700	-7.365850	-6.157660	-14.174200	-5.232380	4.670910	-0.000000	-0.000001	0.000000	0.000000	0.000000	0.000000	-103.962997	-35.618401	-3.454390	-60.289398	-13.900600	-16.592100	-0.000000	0.000000	-0.000000	-0.725465	-0.408855	-0.005177	0.000000	0.000000	0.000001
1.400360	2.001040	5.211130	-5.629250	6.673790	0.656289	0.860127	-8.268410	-0.681858	0.000000	0.000000	-0.000000	0.473154	12.849100	-0.105237	-3.026620	-25.530800	-1.106210	0.000000	0.000001	-0.000000	-0.000002	0.000000	0.000007	0.000000	0.000000	0.000000	12.411300	-7.552460	-6.244500	-13.984900	-3.476960	5.162760	-0.000000	-0.000000	-0.000000	0.000000	0.000000	0.000000	-102.460999	-35.964802	-2.652820	-66.159698	-22.232300	-38.054298	0.000000	-0.000000	0.000000	-1.058690	-0.342638	-0.006332	-0.000000	-0.000000	-0.000001
1.719660	1.941771	4.298301	-6.647120	5.860620	0.681752	1.729310	-7.026690	-0.598754	0.000000	-0.000000	-0.000000	-0.492466	13.553500	0.115397	-2.761120	-28.023500	-1.523430	0.000000	0.000000	0.000000	-0.000002	0.000000	-0.000048	0.000000	0.000000	0.000000	12.955000	-6.983860	-3.685070	-13.208500	-0.902176	5.784430	-0.000000	0.000000	-0.000000	0.000000	0.000000	0.000000	-99.617599	-38.139099	-1.341980	-75.039101	-37.371399	-69.038902	0.000000	0.000001	-0.000000	-1.092540	-0.380549	-0.007257	0.000000	-0.000000	-0.000000
1.190670	1.944860	1.409350	-6.403410	6.071100	0.680036	3.045450	-7.615130	-0.440688	0.000000	0.000000	0.000000	-0.505543	11.897500	0.104213	-0.500791	-24.357300	-0.410566	0.000000	-0.000000	0.000000	-0.000002	-0.000000	-0.000061	0.000000	0.000000	0.000000	13.987200	-4.216580	7.147160	-12.527100	-0.281031	5.667440	-0.000000	0.000000	-0.000000	0.000000	0.000000	0.000000	-91.211899	-43.910500	3.565850	-94.173897	-50.594501	-100.640999	-0.000001	0.000000	0.000000	-0.647010	-0.029986	-0.000339	-0.000000	0.000000	-0.000000
-0.003607	2.182310	-0.406863	-3.991460	6.426710	0.447483	1.554040	-9.090590	-0.381346	0.000000	0.000000	0.000000	0.894658	10.703500	-0.166182	0.155502	-23.290899	0.409130	-0.000000	0.000001	0.000000	0.000000	-0.000000	-0.000025	0.000000	0.000000	0.000000	15.750100	-2.439370	12.536700	-13.541800	-0.711729	5.434550	0.000000	-0.000000	0.000001	0.000000	0.000000	0.000000	-81.841103	-44.486599	10.217000	-122.927002	-58.870098	-132.507004	0.000000	-0.000000	-0.000000	0.065616	-0.362038	0.000415	-0.000000	-0.000000	-0.000000
0.695000	1.414360	-1.310650	-5.380050	7.675250	0.720624	3.590190	-9.339790	-0.282707	-0.000000	-0.000000	-0.000000	0.276964	11.390400	-0.054708	-0.054301	-23.174101	0.085496	0.000000	-0.000000	-0.000000	-0.000000	-0.000000	0.000038	0.000000	0.000000	0.000000	16.885201	-1.206090	15.549300	-16.945000	-0.538152	5.415690	0.000000	-0.000000	0.000001	0.000000	0.000000	0.000000	-77.071297	-43.816601	13.612900	-157.029999	-63.646702	-164.345001	-0.000001	-0.000000	-0.000000	0.087561	-0.583650	0.000892	-0.000000	-0.000000	-0.000000
0.657019	1.114420	-1.203790	-5.234710	8.132980	0.742578	2.884970	-9.217010	-0.368095	0.000000	-0.000000	0.000000	0.101263	11.308200	-0.019867	0.025664	-22.088200	0.047009	-0.000000	-0.000000	0.000000	0.000000	-0.000000	0.000025	0.000000	0.000000	0.000000	17.336000	-1.033930	15.669700	-18.776300	-1.246120	5.199170	0.000000	-0.000000	0.000001	0.000000	0.000000	0.000000	-72.934502	-41.957802	16.299999	-179.020004	-62.539902	175.776993	-0.000000	-0.000001	0.000000	-0.162412	-0.680837	-0.001929	-0.000000	0.000000	0.000000
0.393260	0.466363	0.122972	-5.171190	8.624300	0.777501	3.970060	-9.336050	-0.185358	-0.000000	-0.000000	0.000000	1.161120	12.633300	-0.253993	-1.649340	-23.479799	-0.205706	-0.000000	-0.000001	0.000000	0.000000	0.000000	-0.000007	0.000000	0.000000	0.000000	17.755899	-1.907030	12.727300	-21.116899	-1.846970	5.068040	0.000000	0.000000	0.000000	0.000000	0.000000	0.000000	-72.632301	-40.062599	16.125099	169.977997	-60.885899	166.093002	-0.000000	-0.000000	-0.000000	-0.223534	-0.774381	-0.003020	0.000000	-0.000000	-0.000000
0.168873	-0.020879	0.088246	-4.557440	9.569290	0.759181	3.407200	-9.511040	-0.179577	-0.000000	0.000000	-0.000000	1.265890	13.570900	-0.297094	-0.787172	-23.028601	0.173461	-0.000000	0.000000	-0.000000	0.000000	-0.000000	-0.000037	0.000000	0.000000	0.000000	17.472000	-1.822050	13.134200	-22.156900	-1.677620	5.116210	0.000000	0.000000	-0.000000	0.000000	0.000000	0.000000	-75.039902	-41.669800	14.710400	170.408997	-65.863899	166.261002	-0.000000	-0.000000	-0.000000	0.176189	-0.826322	0.002542	-0.000000	0.000000	-0.000000
-0.017013	0.888182	0.077758	-3.980380	8.402870	0.582575	1.990950	-9.272790	-0.313783	0.000000	-0.000000	0.000000	1.701990	12.678200	-0.373658	-1.372250	-24.068899	0.117566	0.000000	0.000000	0.000000	0.000002	-0.000000	0.000027	0.000000	0.000000	0.000000	17.604401	-2.242400	11.892800	-21.884199	-2.192540	4.982910	-0.000000	0.000000	-0.000001	0.000000	0.000000	0.000000	-81.525002	-43.303101	10.372900	-161.477997	-74.330902	-166.686005	0.000000	-0.000000	-0.000001	0.127809	-0.558935	0.001247	0.000000	-0.000000	0.000000
-0.168837	1.410010	0.868960	-3.896530	7.254400	0.492779	2.760380	-8.760690	-0.168303	-0.000000	0.000000	-0.000000	2.778140	11.874600	-0.572098	-3.229060	-24.262400	-0.209728	0.000000	-0.000000	-0.000000	0.000000	-0.000000	-0.000004	0.000000	0.000000	0.000000	16.412100	-3.602600	8.338030	-19.201300	-3.096530	4.810080	-0.000000	-0.000000	0.000000	0.000000	0.000000	0.000000	-90.930298	-46.840900	3.579750	-78.201500	-73.278702	-81.368698	-0.000001	-0.000000	0.000000	-0.547870	-0.178045	-0.001702	0.000000	-0.000000	-0.000000
0.084083	1.807100	2.538130	-3.256310	5.883150	0.334124	0.988078	-7.113690	-0.278905	-0.000000	0.000000	0.000000	2.070480	11.030000	-0.396303	-1.690330	-23.016399	0.133690	0.000000	-0.000001	0.000000	-0.000000	-0.000000	0.000000	0.000000	0.000000	0.000000	16.024401	-5.132820	3.428640	-17.863100	-3.376400	4.884550	-0.000000	-0.000000	0.000000	0.000000	0.000000	0.000000	-103.389000	-46.810299	-5.685080	-49.032101	-50.459702	-43.166401	-0.000001	0.000000	-0.000000	-0.506314	-0.742564	-0.006561	-0.000000	0.000000	-0.000000
0.937275	1.810820	5.358232	-4.966210	6.626590	0.574505	2.576950	-9.194350	-0.376649	-0.000000	-0.000000	-0.000000	1.622840	11.310500	-0.318374	-3.473210	-22.854401	-0.731113	-0.000000	-0.000000	0.000000	-0.000000	-0.000000	-0.000014	0.000000	0.000000	0.000000	14.707500	-7.421310	-4.616100	-16.233500	-3.005850	5.199740	-0.000000	0.000000	-0.000000	0.000000	0.000000	0.000000	-111.431000	-41.455700	-10.187900	-38.305401	-29.752501	-19.571800	0.000000	0.000000	-0.000000	-0.848191	-0.895636	-0.013259	-0.000000	0.000000	-0.000001
1.154530	1.808190	6.886240	-5.474790	7.271640	0.695040	2.931100	-11.138900	-0.483163	0.000000	0.000000	0.000000	0.708722	12.166100	-0.149381	-2.409570	-23.297701	-0.679145	0.000000	0.000001	-0.000000	-0.000000	-0.000000	0.000057	0.000000	0.000000	0.000000	14.061500	-8.139200	-7.485430	-15.303500	-4.283090	4.894070	-0.000000	-0.000001	-0.000000	0.000000	0.000000	0.000000	-116.040001	-37.390900	-11.891200	-31.620501	-16.072800	-5.787380	0.000000	0.000000	-0.000001	-0.742147	-1.135480	-0.014707	0.000000	0.000000	0.000000
0.603825	2.167970	8.120070	-5.073340	6.242950	0.553122	2.761960	-9.974710	-0.395330	-0.000000	0.000000	-0.000001	1.919010	12.246800	-0.407223	-4.444650	-24.769800	-1.077060	-0.000000	-0.000001	-0.000000	-0.000002	-0.000000	-0.000002	0.000000	0.000000	0.000000	14.808100	-8.346030	-7.740040	-15.954500	-4.791190	4.710280	0.000000	0.000001	0.000000	0.000000	0.000000	0.000000	-115.137001	-32.673500	-9.268150	-32.962601	-8.683700	-0.470272	-0.000001	-0.000001	0.000000	-0.724318	-0.966224	-0.012214	-0.000000	0.000000	0.000000
0.182307	1.899550	7.979300	-3.907410	5.880650	0.400951	2.005630	-9.132370	-0.298672	-0.000000	-0.000000	0.000000	2.238110	11.754900	-0.456193	-2.951440	-23.314501	-0.300898	0.000000	0.000000	0.000000	-0.000000	0.000000	-0.000060	0.000000	0.000000	0.000000	14.681400	-6.655870	-2.038070	-15.360300	-4.297430	4.742880	0.000000	-0.000000	0.000001	0.000000	0.000000	0.000000	-111.221001	-31.358101	-6.419050	-38.916599	-5.523120	1.577540	0.000001	-0.000001	-0.000000	-0.665839	-0.875647	-0.010176	-0.000000	-0.000000	-0.000000
-0.037053	1.706250	8.085132	-3.488170	6.145850	0.373893	1.003390	-8.346780	-0.357996	-0.000000	0.000000	0.000000	2.360860	11.940400	-0.488725	-2.874010	-23.479601	-0.224801	-0.000000	-0.000000	-0.000000	0.000000	-0.000000	0.000020	0.000000	0.000000	0.000000	14.465700	-6.649770	-2.091310	-14.565700	-2.495860	5.263120	0.000000	-0.000000	0.000001	0.000000	0.000000	0.000000	-106.749001	-29.528099	-3.379960	-48.429401	-6.974250	-0.743411	-0.000001	0.000000	0.000001	-0.970292	-0.774491	-0.013117	-0.000000	0.000000	-0.000000
-0.282079	1.715340	7.853710	-3.647660	5.911780	0.376195	2.393520	-7.076710	-0.152133	-0.000000	0.000000	0.000000	2.588780	12.357500	-0.554400	-1.840510	-23.484100	0.274294	0.000000	-0.000001	0.000000	-0.000002	0.000000	0.000012	0.000000	0.000000	0.000000	14.395200	-6.873580	-2.895650	-14.154300	-0.902587	5.712180	-0.000000	-0.000000	0.000000	0.000000	0.000000	0.000000	-104.291000	-29.847000	-2.212110	-57.336700	-8.676700	-5.139400	-0.000000	-0.000000	-0.000000	-0.924581	-0.732153	-0.011814	-0.000000	-0.000000	0.000000
0.393490	1.504420	4.891690	-4.267900	5.608700	0.417881	1.438060	-6.850430	-0.335354	0.000000	-0.000000	-0.000000	1.132470	12.279400	-0.240895	-0.622715	-23.684900	0.194388	0.000000	0.000000	0.000000	0.000000	0.000000	-0.000101	0.000000	0.000000	0.000000	13.847200	-4.965160	4.143630	-13.033500	-0.082078	5.732820	0.000000	-0.000000	-0.000000	0.000000	0.000000	0.000000	-100.863998	-36.670502	-1.818660	-66.478401	-14.170800	-23.206800	0.000000	-0.000000	0.000001	-0.924167	-0.425103	-0.006857	0.000000	0.000000	0.000000
-0.493996	1.188810	2.252559	-3.135730	6.698500	0.366122	1.495370	-7.495430	-0.211235	-0.000000	0.000000	0.000000	2.342830	11.638100	-0.472880	-1.079380	-22.120399	0.457685	-0.000000	-0.000000	0.000000	0.000000	-0.000000	-0.000057	0.000000	0.000000	0.000000	15.690800	-3.119900	10.095200	-13.447700	-0.158929	5.569380	-0.000000	-0.000000	-0.000000	0.000000	0.000000	0.000000	-94.152702	-41.794201	1.760190	-76.190804	-25.011299	-62.282799	0.000001	0.000000	0.000000	-0.567263	-0.654842	-0.006483	0.000000	-0.000000	0.000000
-0.272255	1.116890	0.791526	-3.533130	6.483840	0.399468	3.033810	-5.738320	-0.047660	-0.000000	-0.000000	0.000000	2.695000	12.082500	-0.564524	-1.704500	-23.070200	0.364764	-0.000000	0.000000	0.000000	-0.000000	0.000000	0.000004	0.000000	0.000000	0.000000	15.385200	-2.658770	11.909800	-15.293200	-1.699820	5.154350	-0.000000	0.000000	-0.000001	0.000000	0.000000	0.000000	-85.476303	-46.519600	7.548620	-91.073196	-39.132401	-98.378403	0.000001	0.000000	0.000001	-0.228867	-0.544700	-0.002175	0.000000	-0.000000	0.000000
-0.073434	1.296160	-0.115616	-4.050170	6.825710	0.482148	3.110880	-7.271210	-0.115248	0.000000	0.000000	0.000000	1.537400	11.956000	-0.318569	-0.644965	-23.907200	0.348183	0.000000	-0.000000	-0.000000	0.000002	-0.000000	-0.000045	0.000000	0.000000	0.000000	14.217800	-3.641160	9.266900	-16.174299	-3.886230	4.635830	0.000000	0.000000	0.000000	0.000000	0.000000	0.000000	-73.375504	-45.888802	16.426500	-115.848999	-51.108299	-128.059998	0.000000	0.000000	0.000000	-0.072353	-0.538366	-0.000679	-0.000000	0.000000	-0.000000
0.111704	1.035380	-0.395034	-4.962480	7.864130	0.680654	4.520900	-9.216430	-0.063227	0.000000	0.000000	0.000000	1.116940	11.735400	-0.227213	-0.487470	-22.868999	0.235576	-0.000000	-0.000000	-0.000000	0.000000	0.000000	0.000050	0.000000	0.000000	0.000000	13.994800	-4.213610	7.230180	-17.558300	-5.469150	4.123520	0.000000	-0.000001	0.000000	0.000000	0.000000	0.000000	-65.454803	-41.566799	21.515200	-143.485992	-58.304901	-153.175003	-0.000000	0.000000	0.000000	0.151420	-0.318615	0.000842	0.000000	-0.000000	-0.000000
0.396214	1.011760	0.378336	-4.897710	7.909410	0.675571	3.496970	-8.938930	-0.210425	0.000000	0.000000	-0.000000	1.199690	13.205700	-0.274115	-1.501850	-26.244801	-0.147631	0.000000	-0.000000	-0.000000	0.000002	0.000000	0.000021	0.000000	0.000000	0.000000	13.438900	-5.358940	2.885180	-17.781401	-6.702000	3.792920	0.000000	0.000000	0.000000	0.000000	0.000000	0.000000	-61.030800	-38.657700	23.903999	-166.113007	-59.226799	-173.151993	0.000001	-0.000001	0.000001	0.145628	-0.541671	0.001377	0.000000	0.000000	0.000000
0.902935	1.074630	0.653296	-5.631330	6.980950	0.686601	3.058240	-6.227650	-0.274754	0.000000	0.000000	0.000000	0.472489	12.821700	-0.104868	-1.732800	-24.858299	-0.534808	-0.000000	0.000000	0.000000	0.000000	-0.000000	-0.000015	0.000000	0.000000	0.000000	12.803700	-5.945820	0.504379	-17.540001	-6.411700	3.961790	0.000000	0.000000	-0.000000	0.000000	0.000000	0.000000	-61.116299	-37.874599	23.576799	-177.434998	-60.355598	177.179993	-0.000000	0.000000	0.000000	0.063862	-0.671902	0.000750	-0.000000	0.000000	-0.000000
0.701174	1.129450	0.297633	-5.518630	6.371200	0.614271	2.797360	-4.729330	-0.221704	0.000000	-0.000000	0.000000	0.717240	12.475500	-0.154957	-2.257360	-24.604200	-0.648394	-0.000000	-0.000000	0.000000	0.000002	0.000000	0.000093	0.000000	0.000000	0.000000	12.973700	-5.935640	0.569646	-17.521900	-6.541090	3.925290	-0.000000	-0.000001	-0.000000	0.000000	0.000000	0.000000	-65.860298	-40.439800	20.893999	-178.024994	-65.493202	176.862000	-0.000000	0.000000	0.000000	0.323958	-0.349358	0.001976	-0.000000	-0.000000	-0.000000
0.466547	1.312050	0.104306	-5.784450	6.232760	0.630117	4.336070	-5.314680	-0.131002	0.000000	-0.000000	0.000000	1.079080	11.811700	-0.220918	-2.323260	-23.919600	-0.513778	0.000000	0.000001	0.000000	0.000002	0.000000	0.000010	0.000000	0.000000	0.000000	13.259700	-6.038650	0.197208	-17.246700	-6.750150	3.899390	0.000000	0.000000	-0.000000	0.000000	0.000000	0.000000	-73.839996	-44.089401	15.840800	-156.548996	-74.949997	-161.854004	0.000000	0.000000	0.000001	0.210621	-0.273138	0.001004	0.000000	0.000000	-0.000000
0.891219	0.907943	0.957494	-5.706650	8.228660	0.819407	3.751420	-9.035810	-0.297913	-0.000000	-0.000000	0.000000	1.430140	11.435300	-0.283609	-3.544880	-21.375401	-0.781422	0.000000	0.000000	-0.000000	-0.000002	0.000000	-0.000046	0.000000	0.000000	0.000000	13.692400	-5.888930	0.785835	-18.568199	-4.895790	4.399250	0.000000	-0.000000	0.000000	0.000000	0.000000	0.000000	-85.762001	-50.376900	7.203000	-66.669403	-73.929199	-69.565804	0.000000	-0.000000	0.000000	-0.275225	-0.670439	-0.003220	0.000000	-0.000000	0.000000
1.278310	1.202330	2.864240	-5.681960	6.987870	0.693497	2.410750	-7.020670	-0.395061	0.000000	-0.000000	0.000000	0.793875	12.478400	-0.171557	-3.383960	-24.288200	-1.073680	0.000000	0.000001	-0.000000	-0.000000	-0.000000	-0.000019	0.000000	0.000000	0.000000	13.000200	-6.540390	-1.912600	-17.222700	-2.091150	5.426490	0.000000	0.000000	0.000000	0.000000	0.000000	0.000000	-102.289001	-49.282902	-5.478610	-42.702499	-48.765202	-36.161400	-0.000000	-0.000000	0.000000	-0.305640	-0.890745	-0.004751	0.000000	-0.000000	0.000000
2.177110	1.370330	4.741640	-6.300670	7.904560	0.869921	0.085164	-9.617760	-1.032260	0.000000	0.000000	-0.000000	-1.150090	12.982700	0.258389	-1.818090	-24.765100	-1.231910	0.000000	0.000000	-0.000000	-0.000002	0.000000	-0.000026	0.000000	0.000000	0.000000	11.259000	-6.750940	-3.373980	-15.292400	-1.831970	5.521520	0.000000	0.000000	0.000000	0.000000	0.000000	0.000000	-110.420998	-46.475201	-11.149400	-37.988400	-25.908501	-17.103901	0.000000	0.000000	0.000000	-0.741479	-0.817372	-0.010576	0.000000	0.000000	-0.000000
2.449590	1.726690	7.754680	-7.036170	7.193010	0.885389	-0.118651	-9.117030	-1.130510	0.000000	-0.000000	0.000000	-2.002740	13.780200	0.477211	-2.008310	-26.705200	-1.778860	0.000000	0.000000	-0.000000	0.000000	-0.000000	0.000061	0.000000	0.000000	0.000000	9.874310	-8.082690	-10.540300	-12.506200	-2.333840	5.537000	0.000000	-0.000000	-0.000000	0.000000	0.000000	0.000000	-111.426003	-40.489799	-10.076300	-40.157799	-12.507400	-6.226590	0.000001	0.000000	0.000000	-0.836528	-0.965500	-0.014095	0.000000	-0.000000	0.000000
2.282710	2.306470	9.211480	-7.435570	5.755660	0.749849	0.752146	-7.121340	-0.827523	0.000000	-0.000000	-0.000001	-1.894100	13.716400	0.449256	-2.463460	-26.841200	-1.946000	0.000000	0.000000	0.000001	-0.000000	0.000000	-0.000019	0.000000	0.000000	0.000000	10.655100	-7.848830	-8.704230	-12.663400	-2.847180	5.372910	-0.000000	0.000000	-0.000000	0.000000	0.000000	0.000000	-111.015999	-34.501099	-7.667180	-43.645699	-6.904350	-0.801945	-0.000001	-0.000001	0.000000	-0.865170	-0.632857	-0.009555	-0.000000	-0.000000	-0.000000
1.976220	2.787040	9.129170	-8.272980	4.278800	0.621540	3.421570	-5.446150	-0.459315	-0.000000	-0.000000	0.000000	-1.305180	12.179800	0.275397	-2.692000	-25.374800	-1.702540	-0.000000	-0.000000	-0.000000	-0.000000	-0.000000	0.000066	0.000000	0.000000	0.000000	11.747100	-7.236180	-5.298440	-13.288800	-2.927050	5.266610	0.000000	0.000000	-0.000000	0.000000	0.000000	0.000000	-109.570000	-31.153900	-5.552800	-49.682400	-6.735450	-1.012180	-0.000000	-0.000000	0.000000	-0.698712	-0.503777	-0.006144	-0.000000	0.000000	-0.000001
1.677220	2.818560	8.779792	-7.100080	4.968170	0.618020	1.753040	-7.870710	-0.730592	0.000000	-0.000000	0.000001	-0.623447	12.406200	0.133930	-3.410020	-26.379801	-1.788000	-0.000000	-0.000000	0.000000	-0.000002	-0.000000	-0.000065	0.000000	0.000000	0.000000	12.545800	-7.067020	-4.233950	-13.505500	-1.871820	5.500640	-0.000000	-0.000000	0.000000	0.000000	0.000000	0.000000	-106.992996	-30.348400	-3.857850	-58.639301	-7.986140	-4.605670	-0.000000	0.000000	0.000000	-0.734901	-0.377437	-0.004843	-0.000000	0.000000	0.000001
1.890240	3.396550	8.961269	-6.192480	4.448180	0.482133	-0.063388	-8.255380	-0.899032	0.000000	-0.000000	0.000000	-1.033830	12.091500	0.216564	-2.233890	-26.540600	-1.451080	0.000000	-0.000000	0.000000	-0.000000	-0.000000	-0.000042	0.000000	0.000000	0.000000	11.945900	-7.829720	-7.598600	-11.863900	-0.621901	5.880270	0.000000	-0.000000	0.000000	0.000000	0.000000	0.000000	-105.476997	-29.380800	-2.786890	-65.673698	-12.930000	-18.876801	-0.000000	-0.000000	0.000000	-0.631955	0.297104	0.003278	-0.000000	-0.000000	-0.000000
1.479220	3.268651	7.301843	-5.771300	4.294640	0.433639	-0.527968	-8.425810	-0.924256	-0.000000	0.000000	-0.000000	-0.718846	11.887300	0.148063	-2.657500	-27.123800	-1.533650	0.000000	0.000000	-0.000000	0.000002	-0.000000	-0.000063	0.000000	0.000000	0.000000	11.401400	-7.258800	-5.481830	-9.853680	0.486871	6.035230	-0.000000	0.000000	-0.000000	0.000000	0.000000	0.000000	-100.874001	-31.372400	-0.830749	-75.618896	-24.272400	-58.654400	0.000001	-0.000000	-0.000000	-0.877022	0.015164	0.000232	0.000000	0.000000	0.000001
1.541650	2.987741	4.645111	-5.940340	3.915900	0.407127	0.024327	-7.091930	-0.731222	-0.000000	0.000000	-0.000000	-1.315370	11.808000	0.269200	-1.007170	-27.198999	-1.049280	-0.000000	0.000000	-0.000000	-0.000003	-0.000000	-0.000027	0.000000	0.000000	0.000000	11.510800	-5.633390	1.816220	-10.338300	-1.362060	5.544280	-0.000000	-0.000000	-0.000000	0.000000	0.000000	0.000000	-96.150497	-38.915001	0.643807	-86.857597	-38.404900	-90.492699	0.000001	0.000000	-0.000000	-0.739748	0.191488	0.002473	0.000000	0.000000	0.000000
1.801710	2.149539	2.286570	-7.459850	5.908100	0.772181	2.535250	-8.660140	-0.737248	-0.000000	0.000000	-0.000000	-1.967510	12.325200	0.420125	-0.179159	-27.579201	-0.973159	0.000000	0.000000	0.000000	0.000002	-0.000000	0.000024	0.000000	0.000000	0.000000	11.583500	-4.411650	7.360130	-13.016500	-2.113510	5.209900	0.000000	-0.000000	0.000000	0.000000	0.000000	0.000000	-85.780800	-42.756901	7.242660	-109.379997	-51.046398	-120.336998	0.000001	-0.000000	0.000001	-0.497955	-0.116027	-0.001009	0.000000	-0.000000	0.000000
2.374291	1.866220	0.854697	-8.321260	7.471090	1.089510	2.348010	-11.335200	-1.164000	-0.000000	0.000000	0.000000	-4.078970	11.631400	0.823699	2.463480	-25.034700	-0.648213	-0.000000	-0.000000	0.000000	0.000002	0.000000	0.000038	0.000000	0.000000	0.000000	9.940750	-4.330490	8.869550	-13.339700	-4.011400	4.714690	0.000000	-0.000000	0.000000	0.000000	0.000000	0.000000	-74.132401	-39.667198	14.959000	-142.580002	-58.451401	-152.259995	0.000000	-0.000001	0.000000	0.136294	-0.265806	0.000633	0.000000	0.000000	-0.000000
2.259670	1.672920	1.136850	-8.882120	7.454560	1.161520	3.581330	-10.680200	-0.970937	0.000000	0.000000	-0.000000	-3.959900	11.157900	0.767454	1.539550	-24.121500	-0.958906	-0.000000	0.000000	-0.000000	0.000000	0.000000	-0.000025	0.000000	0.000000	0.000000	9.201290	-5.595620	2.331940	-14.473900	-7.055750	4.026000	0.000000	-0.000000	-0.000000	0.000000	0.000000	0.000000	-68.066101	-37.453999	18.580700	-168.231003	-57.962399	-175.188995	-0.000000	-0.000001	0.000001	0.058614	-0.344506	0.000353	-0.000000	-0.000000	-0.000000
2.452211	1.838530	1.283110	-8.948880	6.396580	1.005070	3.100070	-8.042230	-0.813115	-0.000000	0.000000	-0.000000	-3.698730	10.869700	0.698416	0.552867	-23.276899	-1.217870	-0.000000	-0.000001	-0.000000	-0.000002	-0.000000	0.000037	0.000000	0.000000	0.000000	9.197650	-6.755860	-4.196880	-14.082700	-8.453430	3.826340	0.000000	0.000000	-0.000000	0.000000	0.000000	0.000000	-66.721497	-37.397900	19.461100	-179.322006	-57.354599	175.382004	0.000000	-0.000000	0.000000	-0.176888	-0.701068	-0.002164	0.000000	0.000000	-0.000000
2.431050	1.833060	1.553370	-9.744510	6.469350	1.108490	5.161500	-8.717800	-0.686521	-0.000000	-0.000000	0.000000	-3.907030	10.062800	0.683680	1.193880	-21.328400	-0.965486	0.000000	-0.000000	0.000000	0.000002	-0.000000	-0.000045	0.000000	0.000000	0.000000	9.061320	-7.146450	-6.468170	-13.631000	-9.038220	3.757810	-0.000000	0.000000	0.000000	0.000000	0.000000	0.000000	-68.198402	-38.869301	18.771900	179.757004	-59.567101	174.621994	0.000000	-0.000000	0.000000	-0.322539	-0.567217	-0.003192	0.000000	-0.000000	0.000000
2.236660	1.786960	0.549952	-9.427980	6.484290	1.074290	4.705330	-9.005640	-0.731282	0.000000	-0.000000	-0.000000	-3.619520	11.244600	0.706687	0.671853	-24.476801	-1.193270	0.000000	0.000000	-0.000000	0.000002	-0.000000	-0.000088	0.000000	0.000000	0.000000	9.041310	-6.025690	-0.050344	-14.592700	-9.051220	3.528830	-0.000000	0.000000	0.000000	0.000000	0.000000	0.000000	-74.470901	-43.845901	15.284700	-172.223999	-65.801697	-178.001007	-0.000000	-0.000001	-0.000000	-0.176244	-0.357524	-0.001099	0.000000	0.000000	0.000000
2.311569	2.072940	0.336836	-8.776970	6.651480	1.024540	2.810160	-10.529500	-1.083200	-0.000000	0.000000	-0.000000	-3.762460	11.085000	0.724376	0.709778	-25.350700	-1.277840	-0.000000	-0.000000	-0.000000	-0.000002	-0.000000	-0.000046	0.000000	0.000000	0.000000	9.459860	-5.342110	3.831370	-15.448700	-7.671550	3.740600	-0.000000	-0.000000	-0.000000	0.000000	0.000000	0.000000	-84.833900	-49.745800	7.940220	-134.649994	-74.233597	-140.578003	0.000000	-0.000000	-0.000000	-0.358681	-0.066313	-0.000415	-0.000000	0.000000	-0.000000
1.564860	1.671480	1.938570	-7.331230	6.729320	0.863712	1.153540	-9.528520	-1.018010	0.000000	0.000000	-0.000000	-2.482480	10.850200	0.467578	0.014653	-23.500401	-0.966812	0.000000	0.000000	0.000000	0.000002	-0.000000	0.000017	0.000000	0.000000	0.000000	10.818700	-6.408250	-1.739660	-14.437700	-4.733290	4.767330	-0.000000	-0.000001	0.000000	0.000000	0.000000	0.000000	-96.950500	-54.332100	-2.138570	-65.363701	-70.608002	-68.060303	0.000000	-0.000000	0.000000	-0.764105	-0.360563	-0.004808	0.000000	0.000000	0.000000
1.228520	1.612620	5.030460	-6.511900	7.076630	0.805656	0.795957	-9.777860	-0.965319	-0.000000	0.000000	0.000000	-1.613420	11.597800	0.324431	-0.455016	-24.199800	-0.834653	0.000000	-0.000000	0.000000	0.000000	0.000000	0.000011	0.000000	0.000000	0.000000	10.747700	-7.416760	-6.605850	-12.601000	-3.563670	5.212570	-0.000000	-0.000000	0.000000	0.000000	0.000000	0.000000	-109.516998	-49.262901	-11.361500	-37.096699	-50.664799	-31.874399	0.000000	-0.000001	-0.000000	-0.463037	-0.602685	-0.004870	0.000000	-0.000000	-0.000001
0.863620	1.451330	7.013879	-5.925700	7.527950	0.779048	1.960760	-11.115100	-0.755601	-0.000000	0.000000	0.000000	-0.152974	13.405900	0.035453	-1.662060	-27.010099	-0.822591	0.000000	0.000000	0.000000	0.000002	-0.000000	-0.000004	0.000000	0.000000	0.000000	11.706600	-7.572720	-6.715190	-11.912200	-2.029410	5.560460	-0.000000	-0.000000	-0.000000	0.000000	0.000000	0.000000	-114.209000	-46.018200	-14.140800	-29.236799	-29.306299	-14.111100	0.000001	-0.000000	-0.000000	-0.375185	-1.059170	-0.006935	0.000000	0.000000	0.000000
0.586288	1.711231	8.755112	-5.175430	6.063650	0.548168	0.925698	-8.397730	-0.617494	0.000000	-0.000000	0.000001	0.771812	12.735900	-0.170174	-3.151770	-25.779800	-1.043810	0.000000	0.000001	-0.000000	0.000000	0.000000	0.000046	0.000000	0.000000	0.000000	12.482400	-7.877470	-7.479460	-13.082500	-1.992430	5.551300	0.000000	0.000000	-0.000000	0.000000	0.000000	0.000000	-116.164001	-41.974998	-14.173600	-27.638700	-14.500500	-4.284970	0.000001	-0.000000	0.000000	-0.391770	-1.150480	-0.007864	-0.000000	-0.000000	-0.000000
0.732691	1.511600	10.441601	-4.456440	6.682420	0.519608	-0.590972	-8.531650	-0.746170	0.000000	0.000000	0.000000	1.677400	12.836000	-0.372765	-4.886750	-23.719101	-1.308990	0.000000	0.000000	-0.000000	-0.000002	0.000000	-0.000027	0.000000	0.000000	0.000000	11.815400	-7.333250	-5.777060	-12.091600	-1.363860	5.619970	0.000000	-0.000000	-0.000000	0.000000	0.000000	0.000000	-114.914001	-36.524601	-11.081700	-30.789200	-8.626750	-0.767441	0.000001	-0.000000	-0.000001	-0.254309	-1.310250	-0.005814	0.000000	-0.000000	-0.000002
0.992499	1.484740	10.729400	-5.648000	6.178940	0.609863	-0.350648	-7.803190	-0.812847	0.000000	0.000000	-0.000001	-0.288187	13.029900	0.064960	-2.600180	-23.764999	-1.161780	0.000000	0.000001	-0.000001	0.000000	0.000000	0.000067	0.000000	0.000000	0.000000	10.885100	-6.361570	-2.039240	-10.948100	-0.806963	5.599810	0.000000	-0.000000	0.000001	0.000000	0.000000	0.000000	-110.660004	-31.544100	-6.429930	-40.307701	-9.496550	-2.655840	-0.000001	0.000001	0.000001	-0.292188	-1.037450	-0.005288	0.000000	-0.000000	0.000000
1.350620	1.541510	10.825899	-6.157030	5.983800	0.644302	-0.507950	-6.622610	-0.768162	0.000000	-0.000000	0.000000	-0.885542	14.039200	0.214822	-2.345500	-25.929701	-1.402420	0.000000	0.000000	0.000000	-0.000002	0.000001	0.000091	0.000000	0.000000	0.000000	10.649900	-5.847780	0.200161	-10.534200	-0.425283	5.577970	0.000000	-0.000000	-0.000001	0.000000	0.000000	0.000000	-107.335999	-28.185200	-3.463370	-51.783001	-11.780000	-8.218370	0.000000	0.000000	-0.000000	-0.487146	-0.907357	-0.007713	-0.000000	-0.000000	-0.000000
1.757510	1.430680	10.723900	-7.127280	6.591920	0.822372	0.670198	-7.845290	-0.878509	0.000000	0.000000	-0.000000	-1.789790	15.353500	0.474013	-1.735320	-27.897499	-1.620980	0.000000	0.000000	0.000000	0.000002	-0.000000	-0.000011	0.000000	0.000000	0.000000	8.878960	-5.565880	1.499000	-8.222810	1.289110	5.748160	0.000000	-0.000000	0.000000	0.000000	0.000000	0.000000	-104.161003	-26.340900	-1.387770	-62.265202	-16.868799	-23.067499	-0.000001	0.000000	-0.000000	-1.091850	-0.524086	-0.009988	-0.000000	-0.000000	-0.000002
1.655440	1.097150	9.442550	-7.256510	7.068780	0.897715	0.628117	-7.634810	-0.877045	-0.000000	0.000000	0.000000	-1.732410	15.652400	0.467518	-1.992800	-27.697701	-1.703410	-0.000000	-0.000000	0.000000	-0.000002	0.000000	-0.000010	0.000000	0.000000	0.000000	8.803340	-5.311010	3.006940	-8.057210	1.529470	5.750490	-0.000000	-0.000000	-0.000001	0.000000	0.000000	0.000000	-103.123001	-26.544300	-0.890286	-71.449799	-27.625200	-53.327599	-0.000000	-0.000000	0.000000	-1.128090	-0.633252	-0.012469	-0.000000	-0.000000	-0.000001
1.367390	0.593830	5.671000	-6.678360	7.660430	0.894210	0.176035	-7.807780	-0.878838	0.000000	-0.000000	0.000000	-1.612610	14.954200	0.416213	-1.334480	-26.557699	-1.294070	-0.000000	-0.000000	-0.000000	0.000002	-0.000000	0.000013	0.000000	0.000000	0.000000	9.878650	-3.966150	9.941650	-8.734990	0.391497	5.424900	0.000000	0.000000	-0.000001	0.000000	0.000000	0.000000	-96.426399	-34.661701	1.064730	-86.741302	-42.211399	-89.789299	-0.000000	-0.000000	0.000000	-0.884633	-0.875056	-0.013509	-0.000000	-0.000000	-0.000001
0.832460	1.182380	3.129700	-5.867060	7.439420	0.762269	0.163959	-8.923770	-0.879759	-0.000000	-0.000000	0.000000	-1.198940	13.861200	0.287258	-0.489026	-26.550800	-0.739040	-0.000000	0.000000	0.000000	-0.000002	0.000000	0.000021	0.000000	0.000000	0.000000	10.681800	-3.986890	9.658670	-10.235200	-1.390350	5.249570	-0.000000	-0.000000	-0.000001	0.000000	0.000000	0.000000	-87.855598	-39.089401	5.928730	-112.658997	-52.928600	-123.299004	0.000000	-0.000000	-0.000000	-0.540466	-0.570452	-0.005380	-0.000000	-0.000000	0.000000
0.848257	1.304780	2.004359	-6.327050	7.866640	0.869433	1.280080	-10.512900	-0.912162	0.000000	0.000000	-0.000000	-1.427560	12.272600	0.303494	-0.206539	-23.851500	-0.647701	-0.000000	0.000000	0.000000	-0.000002	-0.000000	-0.000074	0.000000	0.000000	0.000000	11.289200	-5.278910	3.482370	-11.748600	-3.968770	4.941700	0.000000	0.000000	-0.000000	0.000000	0.000000	0.000000	-80.585899	-36.932400	10.473000	-147.251007	-58.515499	-156.539001	-0.000000	0.000001	0.000000	-0.154414	-0.739953	-0.001994	-0.000000	-0.000000	0.000000
0.922784	2.403591	2.379221	-6.728730	6.832540	0.804144	1.425870	-10.528400	-0.962786	-0.000000	-0.000000	0.000000	-2.010750	10.572800	0.369077	0.572107	-23.203600	-0.553442	-0.000000	-0.000000	-0.000000	-0.000000	-0.000000	0.000050	0.000000	0.000000	0.000000	12.234600	-7.653410	-6.728830	-13.171200	-7.080970	4.329910	-0.000000	-0.000000	0.000000	0.000000	0.000000	0.000000	-76.479301	-35.957600	12.853700	-173.826996	-56.902802	179.962997	0.000000	-0.000001	-0.000000	0.305084	-0.333496	0.001776	-0.000000	-0.000000	-0.000000
0.680356	2.018700	3.083001	-6.204570	6.033060	0.654642	1.832870	-8.169100	-0.617444	0.000000	-0.000000	-0.000000	-1.213410	11.204500	0.235802	0.125444	-23.729099	-0.428524	0.000000	0.000001	-0.000000	0.000000	0.000000	0.000100	0.000000	0.000000	0.000000	12.501700	-9.138070	-12.586400	-13.412900	-7.758480	4.146720	-0.000000	-0.000000	-0.000000	0.000000	0.000000	0.000000	-73.308403	-35.303699	14.651600	170.113998	-56.142399	166.554001	0.000000	-0.000001	0.000000	0.115019	-0.725324	0.001457	0.000000	-0.000000	-0.000000
0.608007	2.048240	3.354559	-5.458030	5.926210	0.565216	-0.004897	-7.532650	-0.714406	-0.000000	-0.000000	0.000000	-0.944770	12.430300	0.203370	-0.449572	-26.649599	-0.615546	-0.000000	-0.000000	0.000000	-0.000000	-0.000000	0.000058	0.000000	0.000000	0.000000	12.997600	-9.568430	-13.709300	-14.458700	-8.569440	3.795560	0.000000	-0.000000	0.000001	0.000000	0.000000	0.000000	-73.059898	-37.920799	15.213800	164.334000	-58.908001	161.307007	-0.000001	0.000001	0.000001	0.166338	-0.657676	0.001910	0.000000	0.000000	0.000000
0.927846	2.296000	2.474420	-6.054930	5.169040	0.547533	0.294017	-7.245750	-0.725860	-0.000000	0.000000	0.000000	-1.520570	10.480700	0.276649	0.021138	-23.558100	-0.589236	-0.000000	-0.000000	-0.000000	0.000002	-0.000000	0.000092	0.000000	0.000000	0.000000	11.444000	-8.769240	-12.191200	-11.682000	-7.813550	4.344920	-0.000000	0.000000	0.000000	0.000000	0.000000	0.000000	-77.260597	-43.768002	13.132700	166.541000	-67.104500	162.524994	-0.000000	0.000001	-0.000000	0.441378	-0.328773	0.002533	0.000000	-0.000000	0.000000
1.338970	1.580240	1.627480	-7.228160	7.106860	0.898962	1.946360	-9.090720	-0.827923	-0.000000	0.000000	0.000000	-2.614350	12.282500	0.556512	1.023020	-25.118500	-0.650187	0.000000	-0.000000	0.000000	-0.000000	-0.000000	0.000049	0.000000	0.000000	0.000000	10.585900	-6.802750	-3.839620	-13.160400	-6.397490	4.445050	0.000000	0.000000	0.000000	0.000000	0.000000	0.000000	-85.853104	-48.294800	7.094550	176.076004	-78.560600	171.498001	0.000000	0.000001	-0.000001	0.243699	-0.527173	0.002243	-0.000000	-0.000000	-0.000000
1.528790	1.004910	2.654730	-7.845970	8.341350	1.145220	2.753090	-10.383400	-0.905078	-0.000000	-0.000000	-0.000000	-2.632230	12.918900	0.588871	0.422764	-24.940300	-0.903881	-0.000000	-0.000001	0.000000	0.000002	-0.000000	0.000028	0.000000	0.000000	0.000000	10.395200	-6.520540	-2.576300	-11.895100	-3.481130	5.178940	0.000000	0.000001	-0.000000	0.000000	0.000000	0.000000	-97.875702	-52.056400	-2.592980	-33.438301	-83.586197	-37.092701	-0.000000	0.000001	-0.000000	-0.339545	-0.953976	-0.005652	-0.000000	0.000000	-0.000000
1.767520	1.381610	4.404270	-7.700920	7.649480	1.031190	1.961620	-8.974520	-0.887367	-0.000000	-0.000000	0.000000	-2.145530	13.063200	0.485147	-1.042020	-24.762899	-1.312930	0.000000	0.000000	-0.000000	-0.000002	0.000000	-0.000083	0.000000	0.000000	0.000000	10.750500	-7.038350	-4.930990	-11.780200	-1.445050	5.667860	0.000000	0.000000	0.000000	0.000000	0.000000	0.000000	-111.523003	-49.602200	-13.043500	-23.450899	-61.892200	-23.000000	0.000001	-0.000001	-0.000000	-0.423852	-0.985393	-0.007288	0.000000	-0.000000	-0.000000
1.622360	0.479695	6.264111	-6.960520	9.062650	1.101660	1.827430	-10.855900	-0.952686	0.000000	-0.000000	-0.000000	-1.170060	14.616900	0.295293	-2.249560	-25.690001	-1.467350	-0.000000	-0.000000	0.000000	-0.000002	0.000000	-0.000064	0.000000	0.000000	0.000000	10.573800	-6.731890	-3.711430	-11.081400	0.284192	5.947730	0.000000	-0.000000	-0.000000	0.000000	0.000000	0.000000	-114.933998	-46.965599	-15.029500	-26.986700	-40.732899	-18.400400	0.000000	0.000000	0.000000	-0.356408	-1.315100	-0.008177	-0.000000	0.000000	-0.000000
1.216420	0.858984	7.434139	-5.982210	8.570150	0.894641	0.823094	-9.856760	-0.873914	-0.000000	-0.000000	0.000000	-0.292764	15.340300	0.077434	-2.593390	-26.902399	-1.302030	0.000000	0.000000	0.000000	0.000000	0.000000	-0.000079	0.000000	0.000000	0.000000	10.545100	-6.348100	-1.957970	-9.956170	-0.141737	5.769980	-0.000000	0.000000	-0.000000	0.000000	0.000000	0.000000	-116.056999	-43.513302	-14.643000	-28.470699	-21.939899	-9.136250	-0.000001	0.000001	-0.000000	-0.619081	-1.184450	-0.012796	0.000000	0.000000	-0.000000
1.396890	1.558630	8.942548	-5.851210	9.187820	0.937437	0.032643	-13.730500	-1.367500	-0.000000	0.000000	-0.000001	0.023727	14.266000	-0.005863	-3.941110	-25.484800	-1.687970	-0.000000	0.000000	-0.000000	0.000002	-0.000000	-0.000077	0.000000	0.000000	0.000000	11.638600	-6.792420	-3.615180	-12.673400	-0.943302	5.663490	0.000000	-0.000000	0.000000	0.000000	0.000000	0.000000	-115.148003	-38.040401	-11.791500	-32.954800	-13.062200	-4.430300	-0.000000	0.000000	0.000000	-0.813486	-0.748379	-0.010625	-0.000000	-0.000000	-0.000000
1.504080	2.280310	9.431330	-7.619580	6.345120	0.847023	2.503280	-8.833740	-0.780468	-0.000000	0.000000	-0.000000	-0.778272	13.032300	0.175495	-3.314160	-24.968700	-1.721400	-0.000000	0.000000	0.000000	0.000002	-0.000000	0.000029	0.000000	0.000000	0.000000	11.329200	-7.022710	-4.696250	-13.342700	-1.763080	5.503540	0.000000	-0.000000	0.000000	0.000000	0.000000	0.000000	-113.796997	-32.031799	-8.347460	-36.961899	-10.601200	-2.877090	0.000000	0.000000	-0.000000	-1.039060	-0.461939	-0.008377	0.000000	-0.000000	-0.000001
1.904290	2.367430	8.865022	-7.600060	6.636020	0.883384	0.851825	-9.961720	-1.163650	0.000000	-0.000000	0.000000	-2.244690	14.256100	0.553015	-1.517530	-28.009100	-1.736150	0.000000	0.000000	0.000000	-0.000002	0.000001	-0.000025	0.000000	0.000000	0.000000	11.085400	-6.936780	-4.398470	-13.419500	-1.649080	5.535390	0.000000	0.000000	0.000000	0.000000	0.000000	0.000000	-111.297997	-30.480499	-6.241910	-42.949100	-10.963400	-4.438960	-0.000000	0.000000	-0.000001	-0.799746	-0.442231	-0.006173	-0.000000	-0.000000	0.000000
