-0.067658	1.733961	2.393680	-2.078200	7.632510	0.276143	3.368080	-11.678600	0.264873	0.000000	0.000000	0.000000	0.795192	13.359900	-0.183755	2.573050	-20.210501	1.157350	-0.000000	-0.000000	-0.000000	-0.000000	-0.000000	-0.000086	0.000000	0.000000	0.000000	12.456300	0.000192	24.252600	-17.975300	-1.993760	4.376960	0.000000	0.000001	-0.000002	0.000000	0.000000	0.000000	-14.583800	-53.123299	73.285797	-94.895203	-12.744700	-129.042007	0.000000	-0.000000	-0.000000	0.783279	-0.430828	0.005891	0.000000	-0.000000	-0.000000
0.266755	1.961959	2.254200	-2.760540	7.095490	0.341249	3.644840	-11.160900	0.175281	0.000000	0.000000	0.000000	0.508850	13.014700	-0.114600	1.972740	-20.109900	0.849200	0.000000	-0.000000	-0.000000	0.000002	-0.000000	0.000048	0.000000	0.000000	0.000000	12.096400	-0.514444	23.009899	-18.460899	-2.659750	4.239590	0.000000	0.000000	0.000000	0.000000	0.000000	0.000000	-14.261400	-53.389702	73.703598	-89.143799	-12.909200	-106.851997	0.000000	-0.000002	0.000000	0.760507	-0.516648	0.006858	-0.000000	0.000000	-0.000000
0.115706	1.745686	2.244830	-2.735820	7.583550	0.361320	4.031690	-11.982500	0.274061	-0.000000	0.000000	-0.000000	0.303076	12.741500	-0.066846	2.705300	-19.026100	0.979100	0.000000	-0.000000	-0.000000	0.000000	0.000000	0.000040	0.000000	0.000000	0.000000	12.378200	-0.765141	21.650000	-18.696600	-3.014260	4.192210	-0.000000	-0.000000	-0.000001	0.000000	0.000000	0.000000	-13.944400	-51.482800	73.751999	-81.140999	-13.418100	-69.619797	-0.000000	0.000001	-0.000000	0.768165	-0.542628	0.007275	-0.000000	0.000000	-0.000000
0.129943	1.221580	2.591820	-2.537650	8.016960	0.354142	3.666870	-11.839200	0.236801	-0.000000	0.000000	-0.000000	1.185120	13.873800	-0.284214	1.081320	-20.270800	0.773593	0.000000	-0.000000	0.000000	0.000000	-0.000000	0.000060	0.000000	0.000000	0.000000	12.483900	-1.154660	19.966499	-18.620701	-2.915170	4.298380	-0.000000	0.000000	0.000000	0.000000	0.000000	0.000000	-10.301600	-47.777199	77.386101	-65.243401	-12.531300	-28.191700	-0.000001	-0.000000	-0.000000	0.091276	-0.885710	0.001411	0.000000	-0.000000	0.000000
0.562128	1.044080	3.318209	-3.433140	7.681120	0.459411	4.582420	-10.615400	0.217429	-0.000000	-0.000000	-0.000000	-0.171795	13.351700	0.039669	2.957700	-18.633200	0.892240	0.000000	-0.000000	0.000000	0.000000	0.000000	0.000081	0.000000	0.000000	0.000000	12.399400	-1.636970	18.116600	-18.688299	-3.109720	4.292760	0.000000	0.000000	0.000000	0.000000	0.000000	0.000000	-7.672660	-44.501301	80.047897	-49.800400	-10.381300	-12.816600	0.000000	0.000000	0.000001	-0.500081	-0.955893	-0.008343	-0.000000	0.000000	0.000000
0.238809	0.149002	3.536870	-3.400100	8.957570	0.530012	5.024600	-10.244900	0.296392	-0.000000	-0.000000	0.000000	-0.586964	15.387800	0.155755	4.401960	-19.863899	1.305170	-0.000000	0.000000	0.000000	0.000000	0.000000	0.000068	0.000000	0.000000	0.000000	12.747500	-0.810756	20.606701	-18.875000	-3.024650	4.138890	-0.000000	-0.000000	0.000001	0.000000	0.000000	0.000000	-7.548520	-39.383900	79.376701	-36.125702	-11.696700	-8.681530	0.000000	-0.000000	-0.000000	-0.479837	-0.965032	-0.008081	0.000000	0.000000	-0.000000
-0.302919	-0.517188	3.666441	-1.709150	10.672400	0.316616	3.596450	-11.838900	0.393407	0.000000	-0.000000	-0.000000	1.977550	17.922701	-0.608776	1.465350	-22.719500	1.293890	-0.000000	0.000000	0.000000	0.000000	0.000000	-0.000020	0.000000	0.000000	0.000000	13.683900	-0.099073	21.750200	-19.237400	-2.346950	4.280360	-0.000000	-0.000000	0.000000	0.000000	0.000000	0.000000	-6.872930	-35.313599	79.560097	-24.002501	-11.243600	-4.953260	-0.000000	0.000000	-0.000000	0.150935	-1.133260	0.002985	0.000000	0.000000	0.000000
-0.559661	-0.363208	3.348790	-1.015110	10.665000	0.187880	3.319100	-12.461800	0.501221	-0.000000	-0.000000	-0.000000	3.149150	17.039700	-0.923661	-0.059832	-21.388399	1.077000	0.000000	-0.000000	-0.000000	0.000001	-0.000000	0.000001	0.000000	0.000000	0.000000	14.255300	0.444779	22.818600	-19.405800	-2.277370	4.260240	-0.000000	-0.000000	0.000000	0.000000	0.000000	0.000000	-5.856770	-33.300900	80.752899	-15.349100	-9.605770	-2.482590	0.000001	0.000000	-0.000000	0.321445	-1.273450	0.007144	0.000000	-0.000000	-0.000001
-0.549513	-0.296469	3.002991	-0.935656	10.924900	0.177342	3.164080	-13.185000	0.512409	-0.000000	-0.000000	-0.000000	2.362720	16.768801	-0.682027	1.710160	-20.942600	1.421840	-0.000000	0.000000	-0.000000	-0.000002	0.000000	0.000073	0.000000	0.000000	0.000000	14.304000	1.198030	25.122200	-19.530399	-1.555090	4.387080	0.000000	0.000000	-0.000001	0.000000	0.000000	0.000000	-5.272890	-32.241001	81.526001	-13.317900	-7.758630	-1.582500	0.000001	0.000000	0.000000	0.165927	-1.161240	0.003363	0.000000	0.000000	0.000000
-0.517524	-0.045253	2.351110	-0.549732	10.575700	0.100896	2.414210	-12.630500	0.409873	-0.000000	0.000000	-0.000000	2.538380	15.786300	-0.690988	1.579460	-19.552200	1.348000	-0.000000	0.000000	-0.000000	-0.000001	0.000000	0.000089	0.000000	0.000000	0.000000	14.708100	1.665950	26.058001	-19.584700	-0.179988	4.853870	-0.000000	0.000000	0.000000	0.000000	0.000000	0.000000	-4.792090	-32.589199	82.459198	-13.239900	-7.146620	-1.406120	0.000000	0.000000	-0.000000	0.159109	-1.276430	0.003544	-0.000000	-0.000000	-0.000000
-0.325367	0.113287	1.748810	-0.660974	9.966780	0.114403	1.718350	-11.479100	0.212440	-0.000000	0.000000	-0.000000	2.494910	15.656900	-0.673715	0.480000	-20.406099	1.005720	0.000000	-0.000000	0.000000	-0.000001	0.000000	-0.000009	0.000000	0.000000	0.000000	14.444400	1.944670	27.373501	-19.034700	-0.143268	4.803620	-0.000000	0.000000	-0.000002	0.000000	0.000000	0.000000	-5.390030	-33.142601	81.719803	-19.676001	-8.904030	-2.892520	0.000000	-0.000000	-0.000000	0.293636	-1.259590	0.006455	-0.000000	-0.000000	0.000000
0.187636	0.208275	1.843590	-1.371210	10.006200	0.238296	1.956980	-12.033600	0.126482	-0.000000	0.000000	-0.000000	1.713460	15.193500	-0.449194	0.938683	-19.895000	0.882671	0.000000	0.000000	-0.000000	-0.000001	0.000000	0.000008	0.000000	0.000000	0.000000	14.023800	1.459390	26.570900	-18.517200	0.420263	5.026710	0.000000	0.000000	-0.000000	0.000000	0.000000	0.000000	-6.750570	-35.038898	79.982201	-29.609600	-11.223800	-6.143240	0.000000	-0.000000	-0.000000	-0.039356	-1.318770	-0.000906	-0.000000	-0.000000	0.000000
0.547665	0.212447	2.401320	-2.274280	9.700080	0.383388	2.746390	-11.772100	0.102962	0.000000	-0.000000	0.000000	0.524324	15.456000	-0.139740	2.159600	-20.753700	0.944934	-0.000000	-0.000000	0.000000	0.000000	0.000000	0.000053	0.000000	0.000000	0.000000	13.566400	0.721807	24.875799	-18.574400	0.170001	5.027540	0.000000	0.000000	-0.000002	0.000000	0.000000	0.000000	-7.389640	-38.983700	79.703102	-40.403702	-10.390100	-8.789910	-0.000000	0.000000	0.000000	-0.191513	-1.319090	-0.004408	-0.000000	-0.000000	0.000000
0.984681	1.140281	1.663480	-2.834700	8.592220	0.423842	2.464450	-11.280400	-0.066192	0.000000	0.000000	-0.000000	-0.472814	14.386800	0.117476	2.464590	-20.868401	0.715061	0.000000	0.000000	-0.000000	0.000000	0.000000	0.000062	0.000000	0.000000	0.000000	12.811400	0.263562	24.716499	-19.011801	-1.099060	4.677080	0.000000	-0.000000	-0.000000	0.000000	0.000000	0.000000	-8.744360	-43.364399	78.742401	-52.981800	-12.568900	-16.936001	-0.000000	-0.000000	-0.000001	-0.027772	-0.764631	-0.000370	0.000000	0.000000	0.000000
0.577033	1.951528	2.148080	-2.957030	6.645530	0.342505	3.202970	-9.986400	0.046099	0.000000	-0.000000	0.000000	-0.069387	12.420300	0.014921	2.415970	-19.427601	0.781445	0.000000	-0.000000	-0.000000	0.000002	-0.000000	0.000072	0.000000	0.000000	0.000000	12.684700	-0.854642	20.945999	-19.254000	-3.154560	4.184820	-0.000000	-0.000000	0.000000	0.000000	0.000000	0.000000	-12.855300	-46.980301	74.226402	-68.051399	-15.376400	-37.178398	0.000001	-0.000000	-0.000001	0.576560	-0.756543	0.007613	0.000000	0.000000	0.000000
1.091490	1.723410	1.603040	-3.802230	8.300500	0.549693	3.931390	-13.218400	0.038664	-0.000000	0.000000	-0.000000	-1.351190	12.639400	0.295705	3.969650	-18.941999	0.861176	0.000000	0.000000	0.000000	-0.000003	0.000000	-0.000064	0.000000	0.000000	0.000000	12.143300	-0.164267	24.328899	-20.113001	-4.010420	3.658420	0.000000	0.000001	-0.000001	0.000000	0.000000	0.000000	-13.794700	-50.137600	73.770302	-78.049797	-15.065300	-60.651600	-0.000000	-0.000002	0.000002	0.308109	-0.501050	0.002695	0.000000	0.000000	-0.000000
1.315125	1.726374	1.558030	-4.846500	7.293120	0.616685	5.310920	-11.312000	0.098813	0.000000	0.000000	0.000000	-1.662870	12.586700	0.362459	3.656920	-18.869699	0.658092	0.000000	-0.000000	0.000000	0.000003	-0.000000	-0.000006	0.000000	0.000000	0.000000	11.093700	-0.174517	26.123501	-19.285500	-3.936780	3.606610	0.000000	0.000001	-0.000001	0.000000	0.000000	0.000000	-15.450800	-54.433498	72.616600	-85.779099	-13.193400	-91.374901	-0.000000	-0.000000	-0.000000	0.316939	-0.292976	0.001621	0.000000	-0.000000	-0.000000
0.330640	1.149520	1.910240	-3.302840	7.170510	0.412716	4.635390	-10.034300	0.236733	-0.000000	0.000000	-0.000000	0.168544	13.260700	-0.038665	2.374730	-19.480400	0.847142	0.000000	-0.000000	0.000000	0.000000	0.000000	0.000014	0.000000	0.000000	0.000000	11.682200	-0.001151	25.608601	-18.688999	-3.888100	3.657970	-0.000000	0.000000	-0.000001	0.000000	0.000000	0.000000	-16.414801	-55.632500	71.716202	-90.832397	-11.608400	-117.639999	0.000001	-0.000001	-0.000001	0.580816	-0.473980	0.004805	-0.000000	0.000000	-0.000000
0.031650	1.301044	1.822156	-3.100730	7.859360	0.424404	4.841100	-11.170700	0.342924	-0.000000	0.000000	-0.000000	0.431909	13.984900	-0.104383	2.562130	-20.528500	1.046270	-0.000000	0.000000	-0.000000	-0.000000	-0.000000	-0.000099	0.000000	0.000000	0.000000	11.677700	0.192475	26.348101	-18.114201	-3.023310	3.929880	0.000000	0.000000	0.000001	0.000000	0.000000	0.000000	-16.423401	-57.549999	72.006699	-91.852303	-9.822360	-127.021004	0.000001	-0.000002	-0.000001	0.558550	-0.392116	0.003823	-0.000000	-0.000000	-0.000000
-0.347033	1.655770	1.917320	-2.003520	7.490400	0.261283	3.630120	-11.719100	0.333948	-0.000000	0.000000	-0.000000	0.771251	13.140600	-0.175348	2.961040	-20.233400	1.285390	0.000000	-0.000000	-0.000000	-0.000000	0.000000	0.000080	0.000000	0.000000	0.000000	11.852700	0.060925	25.572201	-17.339899	-2.885940	4.050040	-0.000000	-0.000000	-0.000000	0.000000	0.000000	0.000000	-15.211600	-57.442402	73.295998	-91.294899	-8.904770	-127.135002	0.000000	-0.000002	0.000000	0.685432	-0.357992	0.004283	-0.000000	0.000000	-0.000000
-0.269157	0.812477	1.888890	-2.051360	9.769810	0.348240	3.458560	-14.303600	0.355085	0.000000	0.000000	-0.000000	0.761745	14.727700	-0.193667	2.918220	-21.072399	1.315680	-0.000000	-0.000000	0.000000	0.000000	-0.000000	0.000018	0.000000	0.000000	0.000000	11.790100	1.080450	29.199100	-16.955900	-1.295870	4.286660	-0.000000	0.000000	-0.000003	0.000000	0.000000	0.000000	-14.097500	-53.355801	73.930702	-85.749496	-10.887300	-91.344597	-0.000000	0.000001	-0.000000	0.438829	-0.794223	0.006083	0.000000	-0.000000	-0.000000
-0.043789	0.489077	1.991210	-2.477710	9.862200	0.424634	3.517110	-13.259000	0.246822	-0.000000	0.000000	-0.000000	0.435790	14.621600	-0.110013	2.543620	-20.090500	1.019400	-0.000000	0.000000	-0.000000	0.000002	-0.000000	0.000050	0.000000	0.000000	0.000000	11.845800	1.266970	29.670700	-16.487801	-0.002028	4.620070	-0.000000	0.000000	0.000000	0.000000	0.000000	0.000000	-10.807400	-49.667900	77.140198	-75.691902	-9.877710	-41.429798	-0.000000	0.000000	0.000000	0.154149	-0.828770	0.002230	0.000000	-0.000000	0.000000
-0.078585	0.483130	2.324780	-2.813750	9.640780	0.471588	4.495640	-12.788400	0.381201	-0.000000	0.000000	-0.000000	0.557733	15.127200	-0.145553	2.497650	-20.823500	1.080170	-0.000000	0.000000	0.000000	0.000000	-0.000000	0.000044	0.000000	0.000000	0.000000	12.728500	0.973023	27.047600	-16.740499	-0.012592	4.784100	-0.000000	-0.000000	-0.000002	0.000000	0.000000	0.000000	-9.317380	-47.957100	78.637398	-56.500702	-9.550280	-15.010400	0.000000	0.000000	0.000000	0.054338	-1.243690	0.001179	-0.000000	0.000000	0.000000
-0.192254	0.460040	3.403763	-1.757620	9.905810	0.302453	3.422300	-13.710700	0.400885	-0.000000	-0.000000	0.000000	1.495310	15.476400	-0.399094	1.801940	-21.469601	1.188070	-0.000000	0.000000	-0.000000	0.000002	-0.000000	0.000056	0.000000	0.000000	0.000000	13.190500	0.076837	23.161800	-17.516199	-0.279090	4.916300	-0.000000	0.000000	-0.000002	0.000000	0.000000	0.000000	-7.801800	-43.747898	79.779503	-42.671600	-8.671900	-8.130960	-0.000000	0.000000	-0.000000	-0.137566	-1.109200	-0.002663	0.000000	0.000000	0.000000
-0.846956	0.231913	4.171602	-0.369103	9.986910	0.064012	2.553910	-13.454000	0.509864	0.000000	-0.000000	0.000000	2.875810	16.080799	-0.797196	0.979719	-21.935600	1.399930	0.000000	-0.000001	0.000000	0.000000	-0.000000	0.000055	0.000000	0.000000	0.000000	13.640700	-0.623190	20.076900	-17.533199	-0.848796	4.887290	-0.000000	-0.000000	0.000000	0.000000	0.000000	0.000000	-7.376800	-40.112202	79.666801	-27.633600	-7.609710	-3.871510	-0.000001	-0.000000	-0.000000	0.049953	-1.059720	0.000924	0.000000	-0.000000	0.000000
-1.194880	-0.121168	4.498443	0.644040	11.235900	-0.125495	1.421040	-15.150700	0.536713	0.000000	0.000000	0.000000	3.919780	16.547600	-1.118000	0.224040	-21.862900	1.484620	0.000000	0.000000	-0.000000	-0.000001	0.000000	-0.000060	0.000000	0.000000	0.000000	14.024600	-0.454093	20.100500	-18.305500	-1.173290	4.765020	0.000000	-0.000000	0.000000	0.000000	0.000000	0.000000	-7.034470	-36.709000	79.486504	-16.264000	-7.637060	-2.036630	0.000001	-0.000000	-0.000000	-0.089794	-1.054140	-0.001652	0.000000	0.000000	-0.000000
-1.071560	-0.048112	4.705911	0.962874	10.141800	-0.169561	0.741963	-12.648500	0.370113	0.000000	-0.000000	-0.000000	3.981480	15.990500	-1.098440	-0.064317	-20.673000	1.330090	-0.000000	0.000000	-0.000000	0.000000	0.000000	0.000005	0.000000	0.000000	0.000000	13.644500	-0.478477	20.440500	-18.247101	-2.036440	4.445740	-0.000000	0.000000	0.000000	0.000000	0.000000	0.000000	-7.206340	-34.645302	78.770203	-10.644500	-7.435920	-1.115910	-0.000000	0.000000	0.000000	-0.142227	-0.891834	-0.002214	-0.000000	0.000000	-0.000001
-0.682054	0.088191	4.596240	0.091632	10.223900	-0.016264	1.441740	-13.433100	0.355959	-0.000000	-0.000000	0.000000	2.622560	15.783200	-0.713796	1.631360	-20.236700	1.439430	0.000000	0.000000	-0.000000	-0.000002	0.000000	0.000000	0.000000	0.000000	0.000000	13.675100	-0.343561	20.873301	-18.968901	-2.078890	4.404520	-0.000000	0.000000	0.000000	0.000000	0.000000	0.000000	-7.379380	-34.355999	78.457901	-10.779700	-7.797700	-1.187640	0.000000	0.000000	-0.000000	-0.119324	-1.024820	-0.002135	-0.000000	0.000000	0.000000
0.167801	0.395812	4.594280	-1.033380	10.070900	0.180721	1.640440	-14.124900	0.152040	0.000000	0.000000	0.000000	1.183470	14.981700	-0.305984	2.465010	-19.684900	1.216860	-0.000000	-0.000000	0.000000	-0.000002	0.000000	0.000046	0.000000	0.000000	0.000000	13.100700	-0.726076	20.313900	-18.273899	-1.738280	4.562270	0.000000	-0.000000	0.000000	0.000000	0.000000	0.000000	-8.304640	-35.477402	77.345802	-14.086400	-8.550500	-1.833110	0.000002	-0.000000	-0.000000	-0.158911	-0.846571	-0.002348	0.000000	-0.000000	0.000000
0.406894	-0.016527	4.034080	-2.201170	9.772500	0.373797	2.823290	-12.090000	0.137003	0.000000	0.000000	0.000000	0.598654	15.589500	-0.160892	2.540080	-19.560600	1.044410	0.000000	-0.000000	0.000000	-0.000000	0.000000	-0.000002	0.000000	0.000000	0.000000	12.966300	-0.224369	22.284000	-17.039600	-1.146580	4.645990	-0.000000	0.000000	-0.000001	0.000000	0.000000	0.000000	-7.923810	-37.276001	78.374496	-21.884001	-9.340930	-3.570470	0.000000	-0.000000	-0.000000	0.019182	-0.762818	0.000255	0.000000	0.000000	-0.000001
0.640204	0.273841	3.666231	-3.121770	8.508010	0.462304	3.662440	-9.794720	0.097834	0.000000	-0.000000	0.000000	-0.341018	15.377700	0.090428	3.233320	-19.576900	0.973966	-0.000000	0.000000	0.000000	0.000000	-0.000000	0.000033	0.000000	0.000000	0.000000	12.657700	-0.417883	22.136200	-16.074100	-1.834950	4.477200	0.000000	0.000000	0.000000	0.000000	0.000000	0.000000	-7.308850	-40.305500	79.833298	-33.031700	-8.436500	-5.446010	-0.000000	0.000000	0.000000	-0.388654	-0.916402	-0.006216	-0.000000	0.000000	-0.000000
1.283170	0.310382	3.674691	-4.109220	9.176990	0.656451	3.860660	-11.859100	-0.040249	0.000000	0.000000	-0.000000	-1.226500	15.630000	0.330488	2.989270	-20.660601	0.638162	-0.000000	0.000000	-0.000000	0.000000	0.000000	-0.000045	0.000000	0.000000	0.000000	11.620900	-0.641617	22.860500	-15.290700	-1.724550	4.465300	-0.000000	0.000000	-0.000001	0.000000	0.000000	0.000000	-9.431550	-41.653000	77.237297	-45.834801	-10.640900	-11.062200	-0.000000	-0.000000	0.000000	-0.673321	-1.081670	-0.012711	-0.000000	0.000000	-0.000000
1.670260	0.872939	3.652272	-5.177530	8.021270	0.724405	4.752690	-11.070900	-0.071820	0.000000	-0.000000	0.000000	-2.704370	14.275600	0.667316	4.481320	-19.839300	0.631637	-0.000000	0.000000	0.000000	-0.000003	0.000000	0.000027	0.000000	0.000000	0.000000	10.955800	-0.977220	22.666500	-14.934500	-1.934770	4.432530	-0.000000	0.000000	-0.000000	0.000000	0.000000	0.000000	-12.016800	-44.875801	74.591103	-57.706699	-13.088400	-21.113300	0.000001	0.000001	0.000001	-0.570223	-1.012070	-0.010072	0.000000	-0.000000	-0.000000
1.959440	0.696072	2.936540	-6.151080	8.712750	0.935276	5.260110	-12.114900	-0.172039	-0.000000	-0.000000	0.000000	-3.283430	14.574900	0.827098	4.241060	-19.679399	0.358158	0.000000	-0.000000	0.000000	-0.000000	-0.000000	0.000046	0.000000	0.000000	0.000000	10.483600	-0.376632	26.058300	-15.424400	-1.943600	4.240830	-0.000000	-0.000000	0.000000	0.000000	0.000000	0.000000	-13.440400	-49.375801	73.842400	-68.190002	-13.460700	-34.221100	0.000001	0.000000	0.000001	-0.339537	-0.987074	-0.005848	0.000000	-0.000000	-0.000000
1.517060	0.109979	2.599890	-5.603330	9.783380	0.955092	5.007960	-12.203800	-0.108572	0.000000	-0.000000	-0.000000	-2.542090	15.571100	0.682790	3.506640	-20.238400	0.366006	0.000000	-0.000000	0.000000	0.000000	0.000000	0.000007	0.000000	0.000000	0.000000	10.274000	0.094835	28.377501	-15.166100	-1.625570	4.184780	0.000000	0.000000	-0.000000	0.000000	0.000000	0.000000	-14.349100	-51.259300	73.174698	-79.261101	-13.158100	-62.109901	-0.000000	-0.000000	0.000001	-0.307601	-1.325380	-0.007114	0.000000	-0.000000	-0.000000
0.850367	-0.233708	1.856360	-5.392500	10.057200	0.944399	5.856120	-11.744300	0.111289	-0.000000	0.000000	0.000000	-2.437330	14.879100	0.626207	4.610800	-18.009701	0.697603	0.000000	-0.000000	0.000000	0.000000	0.000000	0.000042	0.000000	0.000000	0.000000	10.771500	1.034630	31.000999	-15.344100	-1.804750	3.996280	0.000000	-0.000000	-0.000001	0.000000	0.000000	0.000000	-14.491400	-53.882000	73.551598	-86.932098	-11.652100	-98.084198	-0.000000	-0.000001	0.000000	0.062856	-1.018370	0.001117	0.000000	0.000000	0.000000
0.063122	0.058773	2.190810	-3.376440	10.320000	0.605554	4.453580	-12.901500	0.252741	-0.000000	0.000000	-0.000000	-0.770677	15.014000	0.199656	4.179350	-18.875000	1.112430	0.000000	0.000000	-0.000000	-0.000002	0.000000	0.000033	0.000000	0.000000	0.000000	11.595600	0.959059	29.007999	-15.173700	-2.948420	3.812350	-0.000000	0.000000	-0.000001	0.000000	0.000000	0.000000	-14.729400	-57.245998	73.747299	-90.177803	-9.106150	-121.167000	0.000000	0.000000	-0.000000	0.402689	-1.128420	0.007931	0.000000	0.000000	0.000000
-0.309611	0.887520	2.107550	-2.501110	9.318020	0.405214	3.933330	-12.380800	0.314229	0.000000	-0.000000	0.000000	0.935092	14.931000	-0.240954	1.986380	-20.583500	1.016770	-0.000000	-0.000000	-0.000000	0.000000	0.000000	-0.000040	0.000000	0.000000	0.000000	12.241100	0.771159	27.270901	-15.455200	-3.617000	3.761120	0.000000	0.000000	0.000002	0.000000	0.000000	0.000000	-14.326400	-59.522999	74.487099	-91.255501	-7.913110	-130.893997	-0.000000	0.000000	0.000002	0.331812	-0.630822	0.003654	-0.000000	-0.000000	-0.000000
-0.670289	1.437891	2.352460	-1.495350	7.489650	0.194958	3.278520	-10.679400	0.332915	-0.000000	-0.000000	-0.000000	1.215960	13.198400	-0.277671	2.818900	-18.963499	1.302650	0.000000	0.000000	-0.000000	0.000002	-0.000000	-0.000051	0.000000	0.000000	0.000000	12.776800	0.433078	25.225401	-16.468201	-3.078480	4.009110	0.000000	-0.000000	0.000002	0.000000	0.000000	0.000000	-14.177100	-60.006500	74.681396	-91.446800	-7.181440	-134.701996	0.000000	0.000001	0.000001	0.587102	-0.123900	0.001269	0.000000	-0.000000	-0.000000
-0.442977	1.422350	2.458420	-1.501070	7.990580	0.208709	3.403530	-12.176200	0.404484	0.000000	-0.000000	0.000000	1.211980	13.355800	-0.280004	2.711690	-19.250601	1.284590	0.000000	-0.000000	-0.000000	-0.000002	0.000000	0.000092	0.000000	0.000000	0.000000	12.884500	0.706386	25.933500	-17.849400	-1.989230	4.260630	-0.000000	-0.000000	0.000002	0.000000	0.000000	0.000000	-14.001700	-56.943199	74.484299	-93.761803	-8.847690	-136.908997	-0.000001	0.000001	-0.000000	0.707407	-0.373947	0.004617	-0.000000	0.000000	-0.000000
-0.066045	1.832720	2.622440	-2.360250	7.399880	0.304153	3.917660	-11.598400	0.317152	-0.000000	-0.000000	-0.000000	1.149150	13.037000	-0.259260	1.655510	-19.644300	0.933560	0.000000	-0.000000	-0.000000	0.000002	-0.000000	-0.000069	0.000000	0.000000	0.000000	12.611200	0.396676	25.318199	-18.459299	-2.205600	4.217670	0.000000	0.000000	0.000000	0.000000	0.000000	0.000000	-13.939500	-56.169998	74.422997	-89.503197	-9.416750	-115.692001	-0.000001	0.000001	-0.000000	0.674581	-0.618393	0.007281	-0.000000	-0.000000	0.000000
-0.036068	2.062752	2.834921	-2.201930	7.420030	0.284499	3.309690	-12.358900	0.241080	0.000000	-0.000000	-0.000000	1.039770	13.003800	-0.233991	1.513280	-20.145800	0.870613	0.000000	-0.000000	0.000000	-0.000002	0.000000	0.000063	0.000000	0.000000	0.000000	12.711200	-0.123640	23.360001	-18.499901	-2.663530	4.185160	-0.000000	-0.000000	0.000001	0.000000	0.000000	0.000000	-12.280200	-51.741798	75.631302	-84.142303	-10.176000	-80.533600	0.000000	-0.000000	0.000000	0.454778	-0.518717	0.004117	-0.000000	0.000000	-0.000000
-0.045186	2.216580	3.131600	-2.371190	6.831920	0.282228	3.429660	-11.421000	0.212957	0.000000	-0.000000	-0.000000	0.797902	12.344600	-0.170596	2.110540	-19.129700	0.947790	0.000000	0.000000	-0.000000	-0.000002	-0.000000	-0.000039	0.000000	0.000000	0.000000	12.978200	-0.601087	21.278000	-18.802999	-2.860850	4.229920	-0.000000	-0.000000	-0.000000	0.000000	0.000000	0.000000	-11.733900	-50.567200	76.049301	-68.347000	-11.705900	-30.943399	0.000000	-0.000001	-0.000000	0.452988	-0.612157	0.004839	0.000000	-0.000000	-0.000000
-0.349603	0.618734	3.416070	-1.438920	9.510660	0.237802	2.724630	-13.953100	0.314842	0.000000	-0.000000	-0.000000	1.409980	14.739600	-0.358803	2.153830	-20.571600	1.237300	0.000000	-0.000001	0.000000	-0.000000	-0.000000	-0.000041	0.000000	0.000000	0.000000	13.144900	-0.162443	22.412001	-18.689199	-2.339510	4.293370	-0.000000	-0.000000	0.000001	0.000000	0.000000	0.000000	-8.516550	-46.346100	79.246498	-50.572899	-8.929750	-11.274400	-0.000000	-0.000000	-0.000001	0.075061	-1.269140	0.001662	-0.000000	-0.000000	-0.000000
0.027187	0.617861	4.262811	-1.666230	9.893340	0.286359	2.437420	-14.383800	0.197748	-0.000000	-0.000000	-0.000000	1.563920	14.911600	-0.402537	1.090840	-19.909500	0.886642	-0.000000	0.000000	-0.000000	0.000002	-0.000000	-0.000041	0.000000	0.000000	0.000000	12.920800	-0.775215	20.441299	-18.626699	-1.989100	4.488200	0.000000	0.000000	0.000000	0.000000	0.000000	0.000000	-8.109700	-40.158798	78.651497	-40.093800	-9.473970	-8.034140	-0.000000	0.000000	-0.000000	-0.491355	-1.093430	-0.009376	0.000000	-0.000000	0.000000
-0.796228	0.101638	4.743119	-0.515675	9.712900	0.087003	2.042100	-12.425500	0.330104	-0.000000	0.000000	-0.000000	2.398840	15.060000	-0.623628	1.489560	-18.737600	1.224220	0.000000	-0.000000	0.000000	0.000002	-0.000000	0.000009	0.000000	0.000000	0.000000	14.156200	-0.503055	19.741699	-18.483999	-2.282300	4.401660	0.000000	0.000000	0.000000	0.000000	0.000000	0.000000	-7.652730	-35.794800	78.359100	-29.791401	-10.000400	-5.629850	-0.000000	-0.000000	0.000000	-0.179871	-0.884996	-0.002778	-0.000000	0.000000	-0.000000
-0.936279	-0.169282	4.689250	0.653134	10.166700	-0.115290	0.731838	-12.571800	0.299280	0.000000	-0.000000	0.000000	3.039520	15.225700	-0.798940	1.446010	-18.440399	1.387510	0.000000	-0.000000	0.000000	-0.000000	-0.000000	0.000015	0.000000	0.000000	0.000000	14.579700	-0.081299	20.588400	-19.309999	-2.274760	4.340500	0.000000	-0.000000	0.000000	0.000000	0.000000	0.000000	-6.895990	-34.697399	79.246803	-19.700001	-9.446430	-3.266350	-0.000001	-0.000000	0.000000	0.057638	-1.053370	0.001060	0.000000	0.000000	0.000000
-0.943731	0.032821	4.744240	0.705817	10.966100	-0.134270	0.830349	-14.225100	0.374398	-0.000000	0.000000	0.000000	3.030980	15.627200	-0.817180	1.424150	-19.403601	1.445290	0.000000	0.000000	0.000000	-0.000000	0.000000	0.000010	0.000000	0.000000	0.000000	14.148900	-0.178607	20.796900	-18.093901	-2.146130	4.387350	-0.000000	-0.000000	-0.000001	0.000000	0.000000	0.000000	-6.703900	-32.998199	79.152100	-16.790001	-8.674100	-2.412530	0.000001	-0.000000	-0.000000	-0.101316	-0.964686	-0.001706	-0.000000	-0.000000	0.000001
-0.737586	0.418831	3.796820	-0.393873	9.169940	0.062769	2.145430	-11.940800	0.363549	0.000000	-0.000000	0.000000	2.120420	13.847000	-0.507699	2.325580	-17.305700	1.306540	0.000000	-0.000000	-0.000000	-0.000001	0.000000	0.000037	0.000000	0.000000	0.000000	14.285200	0.599057	23.252800	-18.164801	-2.144950	4.291820	-0.000000	-0.000000	0.000003	0.000000	0.000000	0.000000	-6.321640	-33.773499	80.058800	-17.688999	-8.115090	-2.343670	0.000001	-0.000000	-0.000000	-0.067496	-0.868741	-0.001023	-0.000000	0.000000	-0.000000
0.253573	-0.122660	3.444260	-1.494500	10.081700	0.261671	1.936790	-12.675600	0.102121	0.000000	0.000000	0.000000	0.934666	14.667700	-0.236692	2.204530	-17.924400	0.957603	-0.000000	0.000000	0.000000	-0.000002	0.000000	-0.000047	0.000000	0.000000	0.000000	13.386100	0.687021	24.818899	-16.450500	-0.766233	4.627350	-0.000000	0.000000	0.000000	0.000000	0.000000	0.000000	-7.102410	-33.722198	78.903999	-23.103001	-9.305800	-3.677440	0.000001	-0.000000	-0.000001	-0.268170	-1.171040	-0.005480	0.000000	0.000000	-0.000000
0.426195	-0.903529	3.375130	-2.601170	10.424800	0.470978	3.250830	-11.204100	0.134591	-0.000000	0.000000	-0.000000	0.668822	16.220501	-0.186839	1.645560	-18.728600	0.734919	-0.000000	0.000000	0.000000	-0.000002	0.000000	0.000082	0.000000	0.000000	0.000000	12.746800	0.923931	26.537001	-15.119200	0.009572	4.697380	0.000000	0.000000	0.000000	0.000000	0.000000	0.000000	-7.034910	-34.718102	79.221802	-31.578100	-8.714720	-5.102170	0.000001	0.000000	-0.000000	-0.497333	-1.030980	-0.008949	-0.000000	0.000000	0.000000
0.264680	0.069433	2.740840	-2.631000	9.675230	0.442474	3.475370	-11.549400	0.176567	0.000000	-0.000000	-0.000000	-0.016410	14.784100	0.004183	3.239400	-17.743999	0.983362	0.000000	-0.000000	0.000000	0.000000	-0.000000	-0.000004	0.000000	0.000000	0.000000	12.946400	0.841604	26.147800	-15.576800	-1.150630	4.468650	0.000000	0.000000	-0.000000	0.000000	0.000000	0.000000	-6.244350	-38.969398	81.222000	-41.375301	-7.456240	-6.483190	0.000000	0.000000	0.000000	-0.203373	-0.886102	-0.003145	0.000000	-0.000000	-0.000000
0.235787	0.339803	2.285090	-2.058850	8.793410	0.314872	2.426550	-10.889800	0.074042	-0.000000	0.000000	-0.000000	0.947299	14.015900	-0.229449	1.335710	-17.780500	0.688876	0.000000	0.000000	-0.000000	0.000002	-0.000000	-0.000067	0.000000	0.000000	0.000000	13.054600	0.806479	25.977600	-16.015499	-1.989430	4.274340	-0.000000	-0.000000	0.000000	0.000000	0.000000	0.000000	-7.057490	-42.103298	80.651604	-53.125599	-9.569170	-13.101500	-0.000000	0.000000	0.000000	-0.019025	-0.829660	-0.000275	-0.000000	0.000000	-0.000000
0.947810	0.397423	2.186970	-3.021990	9.127920	0.479835	2.658450	-11.560000	-0.065170	0.000000	-0.000000	-0.000000	-0.726198	14.429500	0.180962	3.126680	-18.821800	0.782276	0.000000	0.000000	0.000000	-0.000003	0.000000	-0.000051	0.000000	0.000000	0.000000	11.755800	0.684953	27.795300	-16.252600	-2.441720	4.018310	0.000000	0.000000	-0.000000	0.000000	0.000000	0.000000	-9.430920	-46.087399	78.218903	-65.123703	-11.583000	-25.992701	0.000001	0.000000	0.000002	0.190701	-0.661844	0.002203	-0.000000	0.000000	0.000000
1.373050	-0.286910	2.858680	-4.678350	9.698370	0.789822	4.354820	-11.305700	-0.050285	-0.000000	-0.000000	0.000000	-2.041760	14.933200	0.526349	4.012090	-18.125999	0.634697	0.000000	-0.000000	-0.000000	-0.000000	0.000000	0.000047	0.000000	0.000000	0.000000	10.562300	0.069655	27.630501	-15.493900	-2.431050	3.992430	0.000000	0.000000	0.000001	0.000000	0.000000	0.000000	-13.684700	-49.229900	73.547600	-73.934998	-14.706300	-48.613899	0.000000	-0.000000	-0.000000	0.089469	-1.271530	0.001986	-0.000000	-0.000000	-0.000000
1.054210	-0.686178	2.718720	-5.038460	9.816840	0.861205	5.185950	-10.844600	0.041671	-0.000000	-0.000000	-0.000000	-2.403000	15.044500	0.624079	4.714220	-17.546000	0.722002	0.000000	-0.000000	0.000000	0.000000	0.000000	-0.000041	0.000000	0.000000	0.000000	10.074000	0.374307	29.837700	-14.404200	-2.351940	3.887270	0.000000	0.000000	-0.000001	0.000000	0.000000	0.000000	-15.248700	-51.770100	72.227097	-83.020599	-13.169800	-78.300598	-0.000000	-0.000000	0.000000	0.130805	-1.229840	0.002808	-0.000000	0.000000	-0.000000
0.712836	-0.893226	2.980660	-4.425830	10.699300	0.823256	4.682680	-11.903200	0.068882	0.000000	0.000000	-0.000000	-1.708620	15.575400	0.458899	4.175220	-18.044399	0.783945	0.000000	-0.000000	0.000000	0.000000	-0.000000	-0.000065	0.000000	0.000000	0.000000	10.433100	0.458041	29.301100	-14.240900	-2.481400	3.876460	0.000000	0.000001	-0.000002	0.000000	0.000000	0.000000	-16.250999	-51.622700	71.038696	-91.352798	-12.944100	-116.660004	-0.000000	-0.000000	0.000000	0.152973	-1.255610	0.003353	0.000000	0.000000	-0.000000
0.056974	0.057008	2.104500	-3.833890	9.339770	0.623102	4.929440	-11.078500	0.220325	0.000000	0.000000	-0.000000	-1.171950	14.507100	0.293610	4.479990	-17.634899	1.014540	-0.000000	-0.000000	-0.000000	-0.000000	0.000000	0.000026	0.000000	0.000000	0.000000	11.442800	0.870040	29.055700	-14.619200	-3.121190	3.795960	0.000000	-0.000000	0.000002	0.000000	0.000000	0.000000	-15.580800	-55.914398	72.635101	-91.963997	-11.120600	-123.677002	-0.000000	0.000002	-0.000001	0.336895	-1.189570	0.006995	0.000000	0.000000	0.000000
-0.386938	0.043639	1.188910	-2.537810	8.797950	0.388407	4.013760	-10.392200	0.271690	0.000000	-0.000000	-0.000000	0.527965	14.083900	-0.128481	2.667280	-17.997000	0.983239	0.000000	-0.000000	0.000000	-0.000000	0.000000	-0.000041	0.000000	0.000000	0.000000	11.662600	1.769380	31.873800	-14.995700	-2.561300	3.798820	0.000000	-0.000000	-0.000001	0.000000	0.000000	0.000000	-14.225300	-55.932400	74.243301	-93.373901	-11.592900	-127.693001	0.000000	0.000000	0.000000	0.432570	-1.104990	0.008342	0.000000	-0.000000	0.000000
-0.862466	0.323416	0.623021	-1.785590	9.040100	0.280652	3.563640	-10.996100	0.343488	0.000000	0.000000	-0.000000	0.841434	13.767700	-0.200262	2.965140	-17.493099	1.138460	0.000000	0.000000	0.000000	-0.000000	0.000000	0.000024	0.000000	0.000000	0.000000	12.549100	2.227470	31.729900	-15.561000	-1.854210	4.037480	-0.000000	-0.000000	-0.000000	0.000000	0.000000	0.000000	-12.252100	-55.213100	76.413300	-89.682800	-11.456200	-112.515999	0.000000	-0.000002	-0.000001	0.379031	-0.929808	0.006151	0.000000	0.000000	0.000000
-0.839814	-0.268073	0.456316	-0.993447	10.073700	0.173785	2.447770	-12.603700	0.320752	-0.000000	-0.000000	-0.000000	1.006140	13.748300	-0.239141	3.561640	-16.689400	1.306020	0.000000	-0.000000	-0.000000	-0.000002	-0.000000	0.000042	0.000000	0.000000	0.000000	12.503300	2.804080	33.549099	-15.058200	-0.821830	4.189850	0.000000	0.000000	-0.000001	0.000000	0.000000	0.000000	-11.289900	-53.587200	77.310501	-82.426300	-11.182100	-73.378601	0.000000	-0.000000	0.000000	0.299948	-0.984756	0.005155	0.000000	0.000000	0.000000
-0.622340	0.408422	0.708649	-1.592410	9.062610	0.250890	2.852260	-11.644300	0.258337	-0.000000	-0.000000	-0.000000	0.818912	13.189300	-0.186863	3.130600	-16.953199	1.146980	0.000000	0.000000	0.000000	0.000002	-0.000000	0.000115	0.000000	0.000000	0.000000	12.804800	2.313760	31.501301	-16.010700	-1.446230	4.161860	0.000000	-0.000000	0.000003	0.000000	0.000000	0.000000	-8.471860	-53.361801	80.461502	-70.838699	-8.843650	-28.149200	0.000001	0.000000	-0.000000	0.324402	-0.767488	0.004345	0.000000	0.000000	0.000000
-0.756714	0.075219	2.617330	-1.000680	8.903080	0.154886	2.294270	-11.691000	0.264611	-0.000000	0.000000	0.000000	0.938444	12.940400	-0.210170	3.749710	-15.729200	1.267050	0.000000	-0.000000	-0.000000	-0.000000	-0.000000	-0.000034	0.000000	0.000000	0.000000	13.070300	0.892041	26.198601	-15.708200	-1.812120	4.302730	-0.000000	0.000000	0.000000	0.000000	0.000000	0.000000	-8.455070	-49.783798	79.864098	-53.160500	-6.964420	-9.615120	-0.000001	-0.000000	0.000000	-0.077000	-1.258120	-0.001690	0.000000	0.000000	-0.000000
-1.080060	-0.432404	4.100549	-0.034254	9.462870	0.005633	1.455230	-11.935400	0.294023	0.000000	-0.000000	0.000000	2.446890	14.708900	-0.621637	2.108420	-18.031601	1.387770	0.000000	0.000000	0.000000	0.000000	0.000000	0.000028	0.000000	0.000000	0.000000	13.102600	-0.027954	22.799900	-14.994300	-1.821730	4.433370	-0.000000	0.000000	0.000000	0.000000	0.000000	0.000000	-9.603490	-42.072498	77.067802	-42.880199	-9.446890	-8.776680	0.000000	-0.000000	0.000001	-0.401115	-1.081880	-0.007574	-0.000000	-0.000000	0.000001
-1.391325	-0.976973	4.171110	0.584267	9.563520	-0.097072	1.336440	-10.457100	0.347254	-0.000000	0.000000	-0.000000	3.496810	15.291600	-0.923282	0.870052	-17.648001	1.288450	-0.000000	0.000000	0.000000	0.000003	-0.000000	-0.000020	0.000000	0.000000	0.000000	13.873900	0.322471	22.840799	-15.214300	-1.686040	4.452720	0.000000	-0.000000	-0.000000	0.000000	0.000000	0.000000	-6.427730	-37.036301	80.453697	-29.164200	-7.446990	-4.054510	0.000000	0.000000	-0.000000	-0.103516	-0.992081	-0.001793	0.000000	0.000000	0.000000
-1.266490	-1.120920	3.717680	0.881041	10.787800	-0.164916	1.118680	-12.660100	0.435023	-0.000000	0.000000	0.000000	3.398310	14.906200	-0.875128	1.252960	-16.564199	1.295880	-0.000000	0.000000	-0.000000	0.000002	-0.000000	-0.000023	0.000000	0.000000	0.000000	14.498500	0.542683	22.775999	-15.841400	-1.792700	4.444190	0.000000	0.000000	-0.000001	0.000000	0.000000	0.000000	-3.991890	-33.702499	83.630997	-18.584200	-4.935380	-1.531010	0.000001	0.000000	-0.000000	0.037265	-0.995915	0.000647	-0.000000	0.000000	0.000000
-1.153250	-0.538544	3.464830	1.040520	9.721200	-0.175713	0.403426	-11.136500	0.276060	-0.000000	0.000000	-0.000000	3.966320	14.439900	-0.990542	-0.204405	-16.466700	1.032040	-0.000000	-0.000000	0.000000	-0.000001	0.000000	-0.000042	0.000000	0.000000	0.000000	14.605200	0.804710	23.508600	-16.172100	-2.407790	4.241100	0.000000	-0.000000	0.000000	0.000000	0.000000	0.000000	-4.118790	-30.151199	82.948097	-17.522200	-6.346110	-1.812950	0.000002	0.000000	-0.000000	0.218759	-0.417673	0.001595	0.000000	-0.000000	0.000000
-0.679434	-0.931589	3.406960	0.464055	9.551510	-0.077004	0.167682	-9.598080	0.104264	0.000000	0.000000	0.000000	3.416910	14.583200	-0.861286	-0.289453	-16.090401	0.836955	-0.000000	0.000000	0.000000	-0.000002	0.000000	-0.000017	0.000000	0.000000	0.000000	14.154200	0.762933	23.963301	-16.383200	-1.391710	4.499420	0.000000	-0.000000	0.000000	0.000000	0.000000	0.000000	-5.148880	-29.770901	81.164200	-16.896900	-6.976500	-1.800850	0.000000	0.000000	0.000000	0.334253	-0.492027	0.002870	0.000000	0.000000	0.000000
-0.528971	-0.823868	3.590030	-0.352614	9.491430	0.058146	1.422370	-9.975930	0.186176	-0.000000	-0.000000	0.000000	2.287170	15.425100	-0.608639	1.381860	-17.739100	1.094070	0.000000	0.000000	-0.000000	-0.000000	0.000000	0.000027	0.000000	0.000000	0.000000	13.440100	0.040162	22.615601	-15.990900	-0.964707	4.700690	-0.000000	-0.000000	0.000001	0.000000	0.000000	0.000000	-6.501260	-31.875900	79.393402	-19.532000	-8.062140	-2.511150	0.000002	0.000000	-0.000000	0.083535	-0.737574	0.001075	0.000000	0.000000	-0.000000
-0.520717	-0.851499	3.344810	-0.487889	9.936130	0.084187	1.415630	-11.174800	0.181233	0.000000	-0.000000	0.000000	1.982540	15.362500	-0.525421	1.854430	-17.879601	1.157770	0.000000	-0.000000	0.000000	-0.000002	0.000000	-0.000098	0.000000	0.000000	0.000000	13.386900	-0.091756	22.287201	-15.578500	-0.743041	4.792340	0.000000	-0.000000	-0.000000	0.000000	0.000000	0.000000	-6.667800	-35.093498	79.866203	-25.641199	-7.862580	-3.500960	0.000000	-0.000000	-0.000000	0.099447	-0.775017	0.001345	0.000000	-0.000000	-0.000000
-0.306188	-0.792266	3.293910	-0.943038	9.193760	0.150686	1.747930	-9.370900	0.133038	-0.000000	0.000000	0.000000	1.811000	15.566300	-0.486136	1.771420	-18.152100	1.096600	-0.000000	0.000000	-0.000000	0.000002	-0.000000	0.000010	0.000000	0.000000	0.000000	13.114000	-0.265917	22.085800	-14.842200	-1.347910	4.639410	0.000000	0.000000	-0.000000	0.000000	0.000000	0.000000	-6.326430	-38.640202	80.984703	-36.616501	-6.297060	-4.495490	-0.000000	0.000000	0.000000	0.046749	-0.837983	0.000684	0.000000	0.000000	0.000000
-0.134391	-0.594864	2.878530	-1.689090	8.973110	0.263522	2.867870	-9.907720	0.206412	-0.000000	0.000000	-0.000000	1.072620	14.026600	-0.260006	2.653780	-15.521500	0.989904	0.000000	0.000000	0.000000	-0.000002	0.000000	0.000097	0.000000	0.000000	0.000000	12.596300	-0.429657	22.337900	-15.066500	-1.872000	4.506230	0.000000	-0.000000	0.000001	0.000000	0.000000	0.000000	-6.962200	-43.143700	80.835701	-47.519798	-6.216410	-6.751960	-0.000000	-0.000000	-0.000000	-0.005829	-0.978014	-0.000100	0.000000	-0.000000	0.000000
0.172299	-0.503894	2.350440	-2.538670	8.957370	0.395521	3.061740	-10.159300	0.097730	0.000000	-0.000000	0.000000	-0.033726	13.679700	0.007973	3.288020	-15.474800	0.869418	0.000000	0.000000	-0.000000	0.000000	-0.000000	0.000020	0.000000	0.000000	0.000000	11.616700	0.112199	25.949301	-15.079800	-1.809320	4.320230	-0.000000	0.000000	0.000000	0.000000	0.000000	0.000000	-9.705270	-45.989700	77.846397	-63.772800	-9.763140	-20.716101	0.000000	0.000000	0.000000	0.233473	-0.928878	0.003785	-0.000000	-0.000000	-0.000000
0.677790	-0.720069	1.841060	-3.823190	9.585390	0.637544	3.877530	-10.589700	0.019814	0.000000	-0.000000	-0.000000	-1.289320	15.033500	0.334476	3.978300	-17.695200	0.831317	-0.000000	0.000000	-0.000000	-0.000000	0.000000	-0.000042	0.000000	0.000000	0.000000	11.149300	0.705377	29.055700	-15.278000	-1.599390	4.190750	0.000000	0.000000	0.000000	0.000000	0.000000	0.000000	-11.629700	-48.906399	76.050697	-77.165497	-11.745400	-51.246300	0.000000	-0.000001	0.000001	0.015364	-1.032780	0.000277	0.000000	0.000000	0.000000
0.564671	-1.176450	2.123070	-3.844370	10.125800	0.676862	3.829850	-9.955860	0.007861	0.000000	-0.000000	0.000000	-1.697960	15.006100	0.439755	4.813060	-16.113199	0.881466	0.000000	0.000000	0.000000	0.000000	-0.000000	-0.000023	0.000000	0.000000	0.000000	11.086100	1.305120	31.172001	-15.104900	-1.213290	4.119410	0.000000	0.000000	-0.000000	0.000000	0.000000	0.000000	-13.917800	-54.338902	74.228699	-85.335403	-9.905900	-89.981201	0.000000	0.000001	0.000000	0.119120	-1.108840	0.002306	0.000000	-0.000000	-0.000000
0.090020	-0.065648	1.955710	-3.031080	8.934470	0.471169	3.794870	-10.150600	0.141107	-0.000000	0.000000	-0.000000	-0.209597	13.652000	0.049468	3.172200	-15.874900	0.812680	-0.000000	-0.000000	0.000000	-0.000002	0.000000	0.000006	0.000000	0.000000	0.000000	11.932200	1.498790	30.244400	-16.075899	-2.350400	3.888910	0.000000	0.000000	-0.000000	0.000000	0.000000	0.000000	-14.748000	-56.696301	73.678703	-95.886002	-8.342360	-145.647995	0.000001	-0.000000	-0.000000	0.205142	-0.839396	0.003005	0.000000	-0.000000	0.000000
-0.128365	0.179091	2.220550	-2.162350	8.683260	0.326605	2.284970	-9.795640	0.025082	-0.000000	-0.000000	-0.000000	0.285592	13.815300	-0.068200	2.855210	-16.593500	0.895411	0.000000	0.000000	-0.000000	0.000002	-0.000000	0.000062	0.000000	0.000000	0.000000	12.096300	1.785110	30.796600	-16.149200	-2.521730	3.784120	0.000000	0.000000	0.000001	0.000000	0.000000	0.000000	-16.867100	-56.586899	71.321098	-103.228996	-8.466390	-158.457001	0.000000	-0.000000	0.000000	0.194508	-0.672420	0.002282	-0.000000	0.000000	0.000000
-0.197145	1.003021	2.320699	-1.810400	8.742430	0.275256	1.899360	-11.773200	0.022446	-0.000000	-0.000000	-0.000000	0.377838	12.783200	-0.083605	3.097150	-16.393999	0.979242	-0.000000	-0.000000	0.000000	0.000000	-0.000000	0.000015	0.000000	0.000000	0.000000	12.116400	1.268030	29.118900	-15.625900	-2.830110	3.840120	-0.000000	-0.000000	-0.000001	0.000000	0.000000	0.000000	-17.299900	-57.468601	70.977501	-105.415001	-7.788680	-162.425003	-0.000000	0.000000	0.000001	0.445027	-0.575375	0.004469	0.000000	0.000000	0.000000
-0.195419	0.578166	1.946421	-1.810680	8.852110	0.278725	2.013590	-11.704800	0.045543	0.000000	0.000000	0.000000	0.433818	13.108600	-0.098393	3.169070	-16.665600	1.031260	-0.000000	0.000000	0.000000	0.000000	-0.000000	-0.000119	0.000000	0.000000	0.000000	12.145400	1.885270	31.108801	-15.817300	-1.999320	3.943860	0.000000	-0.000000	0.000000	0.000000	0.000000	0.000000	-16.044600	-58.375999	72.503899	-101.823997	-7.898610	-158.153000	0.000001	-0.000000	-0.000000	0.445532	-0.975704	0.007587	-0.000000	-0.000000	-0.000001
0.029146	0.325506	1.929570	-2.479840	9.067410	0.391050	2.970560	-11.143600	0.100841	0.000000	0.000000	-0.000000	0.080457	13.630900	-0.018965	3.162690	-16.930099	0.944687	0.000000	-0.000000	-0.000000	-0.000002	0.000000	0.000057	0.000000	0.000000	0.000000	11.738100	1.860320	31.813900	-15.524100	-1.642840	3.990860	-0.000000	-0.000000	-0.000001	0.000000	0.000000	0.000000	-15.735900	-58.947399	72.907204	-94.359703	-8.148940	-142.244995	-0.000000	-0.000000	-0.000000	0.257273	-1.154030	0.005182	-0.000000	-0.000000	0.000000
0.434820	1.138421	1.621041	-2.988860	7.793540	0.405660	2.730610	-10.816200	-0.043274	0.000000	-0.000000	-0.000000	-0.095890	12.514500	0.020775	2.061530	-17.187401	0.581728	-0.000000	0.000000	0.000000	-0.000000	-0.000000	-0.000052	0.000000	0.000000	0.000000	11.536700	0.942416	29.290001	-15.759100	-1.968820	4.111840	-0.000000	-0.000000	0.000001	0.000000	0.000000	0.000000	-13.712300	-57.132702	74.901604	-87.391701	-9.761140	-103.191002	0.000000	-0.000001	-0.000000	0.483234	-0.765981	0.006460	-0.000000	-0.000000	0.000000
0.153591	0.762428	1.479092	-2.591030	8.427450	0.379986	2.631240	-11.501100	0.013602	0.000000	0.000000	-0.000000	-0.253696	12.671500	0.055650	3.080590	-16.589001	0.809465	-0.000000	0.000000	0.000000	0.000000	-0.000000	-0.000060	0.000000	0.000000	0.000000	11.538100	0.993722	29.475700	-15.492500	-2.369260	3.994650	0.000000	-0.000000	0.000002	0.000000	0.000000	0.000000	-12.129900	-54.424599	76.326797	-77.553200	-10.531000	-50.221001	0.000001	-0.000000	0.000000	0.542789	-0.901218	0.008537	-0.000000	-0.000000	0.000000
-0.069461	0.692275	1.516520	-2.619350	8.518600	0.388268	2.806200	-10.771700	0.040328	-0.000000	0.000000	0.000000	0.164350	13.610300	-0.038677	2.333930	-18.389999	0.787161	-0.000000	0.000000	-0.000000	0.000000	-0.000000	0.000000	0.000000	0.000000	0.000000	11.528800	1.005150	29.517401	-15.775000	-2.961290	3.813710	-0.000000	-0.000000	0.000002	0.000000	0.000000	0.000000	-9.717040	-52.362202	78.809998	-60.381401	-8.862380	-16.489100	-0.000000	-0.000000	0.000000	0.280235	-1.021690	0.004997	-0.000000	-0.000000	-0.000000
0.007088	0.662767	2.497690	-2.521200	9.563000	0.419113	2.869130	-14.324100	0.094759	-0.000000	-0.000000	-0.000000	0.534379	13.551300	-0.125219	1.765990	-18.156601	0.712540	0.000000	-0.000000	0.000000	0.000002	-0.000000	-0.000058	0.000000	0.000000	0.000000	11.776600	0.302466	26.366600	-15.727700	-3.416430	3.836890	0.000000	0.000000	-0.000000	0.000000	0.000000	0.000000	-8.007940	-47.939602	80.177299	-46.963600	-6.681910	-7.209780	-0.000000	-0.000000	0.000000	-0.163368	-0.870411	-0.002481	-0.000000	0.000000	0.000000
-0.552242	0.490158	2.844759	-1.409770	10.420400	0.255033	2.708800	-16.691500	0.379847	-0.000000	0.000000	0.000000	1.670130	13.803600	-0.398592	1.226540	-18.303801	0.895231	0.000000	-0.000000	0.000000	-0.000002	0.000000	-0.000013	0.000000	0.000000	0.000000	12.579900	0.352823	25.117500	-15.847200	-3.307420	3.925150	0.000000	0.000000	-0.000000	0.000000	0.000000	0.000000	-6.488650	-41.108799	81.183296	-38.112499	-7.756880	-6.062190	0.000000	-0.000000	-0.000000	-0.074013	-0.708924	-0.000916	0.000000	0.000000	-0.000000
-0.978027	0.234767	3.173260	-0.538205	10.736400	0.100265	2.373520	-17.033199	0.540542	-0.000000	0.000000	-0.000000	2.815110	13.844200	-0.674118	0.544299	-17.612700	0.992716	-0.000000	-0.000000	0.000000	-0.000002	0.000000	-0.000105	0.000000	0.000000	0.000000	13.484800	0.470780	24.068701	-16.078600	-3.041160	4.042830	0.000000	-0.000000	0.000000	0.000000	0.000000	0.000000	-5.530630	-37.482899	81.953102	-24.423401	-8.533660	-3.849860	-0.000000	0.000000	0.000000	0.017329	-0.555076	0.000168	-0.000000	0.000000	0.000000
-0.861962	0.230515	2.582400	-0.341994	11.086700	0.065764	2.235820	-18.103901	0.590669	0.000000	-0.000000	0.000000	3.070820	13.899400	-0.738335	0.192482	-17.400801	0.949874	-0.000000	0.000000	-0.000000	-0.000002	0.000000	0.000113	0.000000	0.000000	0.000000	13.448800	1.245730	26.689899	-16.613199	-2.436980	4.069470	-0.000000	-0.000000	-0.000000	0.000000	0.000000	0.000000	-3.914320	-34.323601	84.001099	-13.949300	-7.084320	-1.676010	0.000000	0.000000	0.000000	0.027138	-0.519709	0.000246	-0.000000	0.000000	0.000000
-0.984321	-0.362531	2.807675	-0.049038	11.673900	0.009924	1.711460	-17.536600	0.501345	0.000000	0.000000	-0.000000	2.969070	14.669800	-0.752540	0.622374	-17.783501	1.068520	-0.000000	-0.000000	0.000000	0.000000	0.000000	0.000012	0.000000	0.000000	0.000000	13.682200	1.879410	28.163601	-17.233500	-1.431610	4.242010	-0.000000	-0.000001	0.000001	0.000000	0.000000	0.000000	-4.418570	-30.884399	82.676903	-9.495740	-8.344820	-1.240310	0.000001	0.000000	-0.000000	-0.314144	-0.748572	-0.004104	0.000000	0.000000	-0.000000
-0.603537	0.099471	2.329010	-1.094880	11.568900	0.219600	3.322400	-18.675699	0.720734	-0.000000	-0.000000	-0.000000	1.744420	14.403400	-0.434043	2.219900	-17.694599	1.189930	0.000000	-0.000000	0.000000	0.000000	-0.000000	-0.000004	0.000000	0.000000	0.000000	13.356100	2.390870	30.329500	-17.463900	-0.822542	4.312840	0.000000	-0.000000	0.000001	0.000000	0.000000	0.000000	-6.258270	-29.585501	79.444298	-9.417650	-11.318700	-1.526200	0.000001	-0.000000	-0.000000	-0.400791	-0.662479	-0.004634	0.000000	0.000000	-0.000000
0.136296	-0.878991	1.301480	-4.293780	12.727300	0.947649	7.843280	-21.586500	1.346350	0.000000	-0.000000	0.000000	-1.725920	13.749300	0.410320	7.431120	-15.437600	1.536630	-0.000000	0.000000	-0.000000	0.000000	0.000000	0.000047	0.000000	0.000000	0.000000	10.864200	0.734779	29.963800	-13.986600	0.219612	4.647710	0.000000	0.000000	0.000000	0.000000	0.000000	0.000000	-15.319300	-54.605099	72.818398	-94.951500	-14.394700	-126.559998	0.000000	-0.000000	-0.000001	0.422517	-1.509180	0.011128	0.000000	-0.000000	0.000000
-0.061182	-0.821684	1.471691	-4.097010	12.553100	0.891908	8.019880	-21.444401	1.472150	0.000000	-0.000000	0.000000	-1.461970	13.380200	0.338386	7.646180	-14.893700	1.605610	0.000000	0.000000	0.000000	0.000000	0.000000	-0.000069	0.000000	0.000000	0.000000	11.054100	0.509914	28.717100	-14.346600	-0.520507	4.542250	-0.000000	-0.000000	0.000000	0.000000	0.000000	0.000000	-15.185600	-54.165001	72.878403	-86.032997	-16.187099	-92.635300	0.000000	-0.000002	0.000000	0.526935	-1.923250	0.017685	0.000000	-0.000000	0.000000
-0.201448	-1.097500	1.958500	-3.942800	13.346400	0.911507	8.275650	-22.488300	1.700990	0.000000	-0.000001	0.000000	-1.592280	13.584800	0.374093	8.644870	-14.591200	1.796530	-0.000000	0.000000	0.000000	-0.000000	-0.000000	0.000048	0.000000	0.000000	0.000000	10.845800	0.052026	27.285601	-13.525700	-0.907595	4.501160	-0.000000	-0.000000	0.000000	0.000000	0.000000	0.000000	-14.752900	-50.289600	72.639702	-73.098396	-18.354900	-53.224499	0.000000	-0.000000	0.000000	0.063215	-1.430070	0.001578	0.000000	0.000000	-0.000000
-0.097434	-1.100050	2.988270	-3.832170	12.838100	0.852705	7.733050	-21.765900	1.484160	-0.000000	-0.000000	-0.000000	-1.172150	13.974100	0.283090	7.778590	-15.257900	1.755040	0.000000	-0.000000	0.000000	-0.000000	-0.000000	0.000016	0.000000	0.000000	0.000000	10.922900	-1.042060	22.613400	-13.368400	-1.167260	4.676980	-0.000000	0.000000	-0.000001	0.000000	0.000000	0.000000	-11.782400	-48.953400	75.739403	-54.185600	-14.543300	-20.931601	0.000000	0.000000	0.000001	-0.038153	-1.564570	-0.001042	0.000000	0.000000	0.000000
-0.228409	-0.904250	4.346660	-2.926870	13.074000	0.662634	6.678310	-22.917700	1.492290	0.000000	0.000000	0.000000	-0.166640	13.978800	0.040254	6.564020	-15.487400	1.716220	-0.000000	-0.000000	0.000000	0.000000	-0.000000	0.000060	0.000000	0.000000	0.000000	11.173500	-1.790550	18.907200	-13.414700	-2.102180	4.601420	0.000000	-0.000000	0.000001	0.000000	0.000000	0.000000	-10.319800	-44.008701	76.463097	-45.030701	-12.026100	-12.421800	0.000000	0.000000	0.000001	-0.258995	-1.670790	-0.007552	0.000000	0.000000	-0.000000
0.526914	-1.144610	5.086809	-3.968350	12.760300	0.877834	6.782890	-21.898399	1.087130	-0.000000	-0.000000	0.000000	-1.866540	15.152200	0.488041	8.228700	-16.650499	1.848700	0.000000	-0.000000	0.000000	0.000000	0.000000	0.000023	0.000000	0.000000	0.000000	10.759700	-1.519500	20.433001	-13.795700	-1.700910	4.556070	0.000000	-0.000000	0.000000	0.000000	0.000000	0.000000	-9.954040	-37.767899	75.453697	-40.583900	-11.899200	-10.216400	-0.000000	0.000000	0.000000	-0.143288	-1.659090	-0.004148	0.000000	0.000000	0.000000
1.097850	-1.298150	5.667400	-5.002730	12.758800	1.107510	6.792710	-21.377001	0.697819	0.000000	-0.000000	-0.000000	-2.671580	15.623200	0.719960	7.711780	-17.249001	1.527580	-0.000000	-0.000000	0.000000	-0.000000	-0.000000	0.000010	0.000000	0.000000	0.000000	10.144100	-1.312020	22.130899	-13.081500	-0.909576	4.604960	-0.000000	-0.000000	-0.000001	0.000000	0.000000	0.000000	-10.373300	-34.188999	73.742996	-36.958599	-12.588000	-9.271180	0.000001	-0.000000	-0.000000	-0.322502	-1.091110	-0.006141	-0.000000	0.000000	-0.000001
1.333230	-1.381840	5.162320	-5.715520	12.941600	1.284070	7.121210	-20.970501	0.555332	0.000000	-0.000000	0.000000	-3.763650	15.670500	1.017930	8.567960	-16.786600	1.431240	-0.000000	-0.000000	-0.000000	-0.000003	0.000000	-0.000028	0.000000	0.000000	0.000000	9.861550	-0.638375	25.596800	-12.490500	-0.023537	4.600140	-0.000000	-0.000000	0.000000	0.000000	0.000000	0.000000	-10.660200	-34.071899	73.358597	-32.187599	-13.043600	-7.929930	-0.000001	0.000000	0.000001	-0.492177	-1.083050	-0.009303	0.000000	-0.000000	0.000001
0.915641	-1.108300	4.622320	-5.726150	13.157200	1.307540	7.627350	-22.181999	0.775021	-0.000000	0.000000	0.000000	-3.475250	15.340900	0.920463	8.513970	-17.073200	1.519500	0.000000	-0.000000	-0.000000	0.000002	-0.000000	-0.000097	0.000000	0.000000	0.000000	10.351800	-0.192611	26.603300	-12.789200	0.588025	4.715100	0.000000	0.000000	-0.000000	0.000000	0.000000	0.000000	-10.667800	-35.945301	74.014297	-31.406300	-12.852100	-7.613510	-0.000000	0.000000	0.000000	-0.527832	-1.267960	-0.011680	0.000000	-0.000000	0.000000
0.686837	-1.576950	4.416780	-4.878530	14.296000	1.207400	7.471640	-23.848801	1.110400	-0.000000	0.000000	-0.000000	-2.554840	15.316600	0.675281	8.162360	-16.060600	1.581280	0.000000	0.000000	-0.000000	-0.000002	-0.000000	-0.000062	0.000000	0.000000	0.000000	11.102300	0.235296	26.829901	-13.281800	1.542990	4.947050	0.000000	-0.000000	0.000002	0.000000	0.000000	0.000000	-10.398800	-36.816700	74.685303	-35.398102	-12.657000	-8.832160	-0.000001	-0.000000	-0.000000	-0.426161	-1.325300	-0.009857	-0.000000	0.000000	0.000001
0.268052	-1.202500	3.560581	-3.912630	13.415700	0.909124	6.826270	-22.533001	1.158450	0.000000	-0.000000	0.000000	-1.315170	14.573500	0.330979	6.821220	-15.698800	1.505640	0.000000	0.000000	-0.000000	0.000002	-0.000000	-0.000006	0.000000	0.000000	0.000000	11.975600	0.685755	27.099899	-13.778100	1.081060	4.902030	-0.000000	-0.000000	0.000000	0.000000	0.000000	0.000000	-9.489620	-41.702301	77.191101	-38.405102	-9.561640	-7.508760	-0.000001	0.000000	0.000000	-0.083182	-1.626350	-0.002361	0.000000	-0.000000	0.000000
0.530773	-1.165320	3.366719	-3.591660	14.049800	0.873005	5.448830	-24.218800	0.806250	-0.000000	0.000000	-0.000000	-1.338920	14.609400	0.337767	6.261680	-16.132099	1.383030	0.000000	0.000000	0.000000	0.000000	-0.000000	-0.000058	0.000000	0.000000	0.000000	11.430800	0.211034	26.449900	-13.504300	1.011110	4.934180	-0.000000	-0.000000	0.000000	0.000000	0.000000	0.000000	-10.943400	-44.332401	75.868896	-44.681000	-10.472500	-10.423700	-0.000000	0.000000	0.000000	-0.320507	-1.204240	-0.006736	-0.000000	0.000000	0.000000
0.266249	-1.175130	2.010090	-4.042160	13.305900	0.931769	6.828060	-22.426701	1.105090	-0.000000	-0.000000	0.000000	-1.877560	13.736200	0.445979	7.303230	-14.759700	1.399960	-0.000000	-0.000000	-0.000000	-0.000000	0.000000	0.000045	0.000000	0.000000	0.000000	11.492100	1.216120	30.179899	-14.279500	-0.301821	4.456360	0.000000	0.000000	-0.000000	0.000000	0.000000	0.000000	-11.724000	-46.874001	75.566200	-57.535900	-12.052900	-19.401100	-0.000000	-0.000000	0.000000	0.012528	-1.466250	0.000321	0.000000	-0.000000	0.000000
-0.079687	-0.836990	1.616880	-3.852590	13.348700	0.890743	7.381470	-23.196800	1.432670	-0.000000	0.000000	-0.000000	-1.467360	13.879700	0.352067	7.433560	-16.201599	1.682320	0.000000	0.000000	0.000000	-0.000000	-0.000000	-0.000094	0.000000	0.000000	0.000000	11.377900	1.054250	29.978100	-14.777300	-1.295210	4.248060	-0.000000	-0.000000	0.000002	0.000000	0.000000	0.000000	-14.094200	-50.365601	73.450897	-69.109802	-12.858300	-34.385201	0.000000	0.000000	-0.000000	-0.099828	-1.479650	-0.002578	-0.000000	-0.000000	0.000000
-0.351003	-0.962648	2.062510	-3.715360	13.778000	0.886022	7.661910	-24.096901	1.657310	0.000000	-0.000000	0.000000	-1.021020	13.775200	0.243146	7.163360	-15.697200	1.675780	-0.000001	0.000000	-0.000000	0.000002	-0.000000	0.000017	0.000000	0.000000	0.000000	11.087300	0.394376	28.094700	-14.059800	-2.032560	4.163470	0.000000	0.000000	-0.000000	0.000000	0.000000	0.000000	-15.258000	-51.355400	72.243896	-80.232101	-11.370900	-62.553101	-0.000000	-0.000000	-0.000000	0.111097	-1.088650	0.002111	-0.000000	0.000000	-0.000000
-0.404420	-1.194740	1.775290	-3.292590	13.491600	0.768971	7.245220	-22.957701	1.579430	0.000000	-0.000000	-0.000000	-0.495277	13.900900	0.118990	6.643320	-15.355800	1.637790	-0.000000	-0.000000	-0.000000	-0.000002	0.000000	0.000007	0.000000	0.000000	0.000000	11.148100	0.984754	30.148800	-14.086000	-2.277820	3.975240	-0.000000	-0.000000	0.000000	0.000000	0.000000	0.000000	-15.343800	-52.366100	72.369797	-89.792397	-10.194100	-116.003998	0.000000	-0.000000	-0.000001	0.372073	-0.917795	0.005960	0.000000	0.000000	0.000000
-0.412989	-1.315240	2.027680	-3.216440	12.816500	0.714213	7.330550	-20.904600	1.498930	0.000000	-0.000000	-0.000000	0.017081	13.755800	-0.004061	5.587630	-14.519300	1.409220	-0.000000	-0.000000	0.000000	0.000000	-0.000000	-0.000086	0.000000	0.000000	0.000000	11.612700	1.157130	29.748400	-15.669300	-1.161340	4.268720	0.000000	0.000000	0.000001	0.000000	0.000000	0.000000	-15.893800	-54.561199	72.101303	-94.903603	-8.508570	-142.826996	-0.000000	0.000000	-0.000001	0.358698	-1.020150	0.006386	0.000000	-0.000000	-0.000000
-0.507211	-1.183470	2.264380	-2.691370	13.216400	0.615759	6.975910	-21.682100	1.611990	0.000000	0.000000	-0.000000	0.321594	14.261500	-0.079224	5.607300	-15.621600	1.599160	0.000000	-0.000000	0.000000	0.000000	0.000000	0.000085	0.000000	0.000000	0.000000	11.530200	1.303470	30.355600	-16.174700	-0.708336	4.344590	-0.000000	-0.000000	-0.000000	0.000000	0.000000	0.000000	-17.087999	-54.426300	70.730003	-100.516998	-8.150390	-156.044006	0.000000	-0.000000	0.000002	0.442454	-1.187970	0.009173	-0.000000	0.000000	-0.000000
-0.509575	-0.730745	1.938620	-2.927950	12.091900	0.613859	7.043730	-20.407700	1.460110	0.000000	0.000000	0.000000	-0.066390	13.232400	0.015199	5.645380	-14.751300	1.425200	-0.000000	0.000000	0.000000	0.000002	-0.000000	-0.000025	0.000000	0.000000	0.000000	10.891000	1.844150	33.620602	-15.327100	-0.726957	4.123220	0.000000	-0.000000	0.000000	0.000000	0.000000	0.000000	-17.132601	-53.816601	70.609299	-104.789001	-8.560780	-160.266006	-0.000001	0.000001	0.000000	0.383665	-1.172310	0.007850	0.000000	-0.000000	-0.000000
-0.167905	-0.661171	2.181520	-3.582260	11.625200	0.722761	6.960910	-19.469900	1.151910	-0.000000	-0.000000	0.000000	-0.420949	12.948000	0.094322	4.914840	-14.794300	1.152470	0.000000	-0.000000	0.000000	0.000000	-0.000000	0.000115	0.000000	0.000000	0.000000	10.359200	1.982630	35.234600	-14.567100	0.115099	4.196870	-0.000000	-0.000000	0.000000	0.000000	0.000000	0.000000	-16.006399	-49.780998	71.068398	-106.917000	-10.194800	-158.520996	-0.000000	0.000000	0.000000	0.121309	-1.059860	0.002244	-0.000000	-0.000000	0.000000
-0.477342	-0.369627	2.183610	-3.583610	11.801000	0.733813	7.514900	-20.717300	1.419580	0.000000	-0.000000	0.000000	-0.586175	12.088600	0.122765	5.817380	-13.093500	1.191180	0.000000	-0.000000	0.000000	-0.000000	-0.000000	0.000036	0.000000	0.000000	0.000000	11.367400	2.252560	33.852600	-15.429100	0.136853	4.328450	-0.000000	0.000000	0.000000	0.000000	0.000000	0.000000	-14.800600	-49.113499	72.333603	-102.692001	-11.997800	-148.712006	0.000001	0.000000	-0.000002	0.188851	-0.832921	0.002745	0.000000	0.000000	0.000000
-0.809844	0.155228	1.741960	-2.913580	10.218900	0.517330	7.615940	-18.959101	1.545960	-0.000000	0.000000	0.000000	0.030419	11.547100	-0.006087	6.248610	-13.213600	1.440600	0.000000	0.000000	0.000000	-0.000002	0.000000	0.000062	0.000000	0.000000	0.000000	12.650700	2.646060	32.601002	-16.998301	-0.280969	4.373180	-0.000000	0.000000	0.000000	0.000000	0.000000	0.000000	-12.473000	-49.581200	75.210098	-92.210899	-14.309700	-116.621002	0.000000	-0.000000	-0.000001	0.380771	-0.699238	0.004647	0.000000	0.000000	0.000000
-0.690067	0.605795	2.304300	-2.498420	10.867500	0.471337	7.233950	-21.789900	1.778040	-0.000000	0.000001	-0.000000	0.554053	11.576900	-0.111191	5.859100	-14.717600	1.632790	-0.000000	0.000000	-0.000000	0.000000	0.000000	0.000027	0.000000	0.000000	0.000000	11.531300	1.248160	30.289000	-15.964800	-0.592873	4.410010	-0.000000	0.000000	-0.000001	0.000000	0.000000	0.000000	-11.957900	-48.902599	75.626404	-74.270798	-16.450701	-52.748501	-0.000000	-0.000000	-0.000000	-0.020715	-0.944341	-0.000342	-0.000000	-0.000000	0.000000
-0.444229	0.056610	3.422160	-3.161870	11.449400	0.628253	7.989380	-22.101900	1.843920	0.000000	-0.000000	0.000000	-0.116437	11.956600	0.024122	6.828420	-13.964700	1.627390	0.000000	0.000000	-0.000000	0.000002	-0.000000	0.000011	0.000000	0.000000	0.000000	10.837000	0.065543	27.118099	-14.214300	-0.193583	4.634680	-0.000000	0.000000	0.000000	0.000000	0.000000	0.000000	-10.217300	-46.434101	77.158798	-54.529598	-14.676900	-21.336500	-0.000000	-0.000000	-0.000001	-0.285328	-1.115580	-0.005555	0.000000	0.000000	0.000000
-0.284754	0.301963	3.884820	-3.235330	10.145900	0.570508	7.914830	-19.848700	1.609300	0.000000	-0.000000	-0.000000	-0.024208	12.131700	0.005086	6.437350	-14.697600	1.633660	-0.000000	0.000000	-0.000000	0.000000	-0.000000	0.000104	0.000000	0.000000	0.000000	11.229000	-0.452501	24.335501	-15.018000	-0.939780	4.608890	0.000000	-0.000000	0.000002	0.000000	0.000000	0.000000	-7.789890	-40.905499	79.260002	-44.634300	-12.730700	-13.002900	-0.000000	0.000000	0.000000	-0.389106	-1.257600	-0.008540	-0.000000	-0.000000	0.000000
-0.575817	0.208510	4.391991	-2.348660	11.141700	0.454091	6.785430	-21.962700	1.678870	-0.000000	0.000000	-0.000000	0.395702	12.785600	-0.087569	6.335060	-15.744100	1.831450	-0.000000	-0.000000	-0.000000	-0.000002	0.000000	-0.000098	0.000000	0.000000	0.000000	11.506700	-1.200910	20.885799	-15.143500	-1.296550	4.700880	0.000000	0.000000	-0.000000	0.000000	0.000000	0.000000	-6.268250	-36.531502	80.538902	-36.167801	-10.390300	-7.777190	-0.000001	0.000000	0.000000	-0.269751	-0.937092	-0.004412	0.000000	0.000000	0.000000
-1.086790	-0.332410	4.366230	-1.585200	11.791600	0.324021	6.776460	-21.819799	1.946620	-0.000000	0.000000	-0.000000	1.059530	14.094300	-0.258038	6.646550	-16.723400	2.220450	0.000000	0.000000	0.000000	0.000003	-0.000000	-0.000107	0.000000	0.000000	0.000000	12.136800	-0.825744	21.356501	-16.418800	-1.493040	4.604680	0.000000	0.000000	0.000001	0.000000	0.000000	0.000000	-6.530580	-34.430401	79.768997	-27.437099	-10.351700	-5.358650	-0.000000	0.000000	-0.000000	-0.267148	-0.988643	-0.004610	-0.000000	0.000000	-0.000000
-0.987407	-1.115350	3.753790	-1.009590	13.250500	0.231431	5.530580	-22.529400	1.745680	-0.000000	0.000000	0.000000	0.914961	14.657600	-0.231540	6.983730	-15.636600	2.133390	0.000000	0.000000	-0.000000	-0.000002	0.000000	0.000041	0.000000	0.000000	0.000000	12.360900	-0.060031	23.844101	-16.877800	-0.495422	4.769220	0.000000	-0.000000	0.000001	0.000000	0.000000	0.000000	-6.980230	-33.477699	78.988098	-23.243601	-11.398600	-4.777170	0.000000	0.000000	-0.000000	-0.142747	-1.337690	-0.003332	0.000000	0.000000	-0.000000
-0.759985	-1.084830	3.288160	-1.476930	12.605200	0.322382	5.578500	-20.765499	1.469040	-0.000000	0.000001	-0.000000	1.226970	14.288800	-0.302872	5.332340	-15.377500	1.736290	0.000000	-0.000000	0.000000	0.000002	-0.000000	-0.000029	0.000000	0.000000	0.000000	12.414300	-0.039705	23.927601	-15.920300	0.479678	5.054210	0.000000	0.000000	0.000000	0.000000	0.000000	0.000000	-6.828540	-35.169399	79.652397	-23.421101	-11.594900	-4.966480	0.000000	0.000000	0.000000	-0.303027	-1.270950	-0.006722	-0.000000	0.000000	-0.000000
-0.778808	-0.826323	3.107510	-1.708690	11.708200	0.346839	6.485750	-19.306900	1.594530	-0.000000	0.000000	-0.000000	1.468300	14.378500	-0.364690	5.042400	-15.554200	1.740370	0.000000	0.000000	-0.000000	-0.000002	0.000000	-0.000050	0.000000	0.000000	0.000000	12.325900	-0.125244	23.820000	-15.540400	0.778323	5.146360	0.000000	0.000000	0.000002	0.000000	0.000000	0.000000	-7.027320	-36.174999	79.589996	-30.483299	-11.798000	-6.922870	0.000001	-0.000000	-0.000001	-0.373085	-1.061320	-0.006911	0.000000	0.000000	-0.000000
-0.289783	-0.781136	3.119620	-2.573610	11.427400	0.510227	6.491820	-19.235600	1.309550	0.000000	-0.000000	0.000000	0.612806	14.099000	-0.149284	5.306760	-16.151199	1.646900	-0.000000	0.000000	0.000000	0.000000	0.000000	0.000009	0.000000	0.000000	0.000000	12.002500	-0.195544	24.074800	-15.424300	1.166130	5.230770	-0.000000	0.000000	-0.000002	0.000000	0.000000	0.000000	-6.117340	-40.411598	81.549202	-36.506100	-8.921370	-6.743110	-0.000000	0.000000	-0.000000	-0.148881	-1.230570	-0.003198	-0.000000	-0.000000	0.000000
0.184161	0.074915	2.980860	-3.126500	10.545800	0.572764	6.335280	-19.314899	1.079860	-0.000000	0.000000	-0.000000	-0.288036	13.036400	0.064971	5.770720	-15.424800	1.464400	0.000000	0.000000	0.000000	0.000002	-0.000000	-0.000040	0.000000	0.000000	0.000000	11.827300	-0.308987	24.033001	-16.197901	-0.005187	4.950720	-0.000000	-0.000000	0.000001	0.000000	0.000000	0.000000	-7.783860	-46.438000	80.209801	-43.235600	-10.055400	-9.858690	-0.000000	-0.000000	-0.000000	-0.149447	-1.197620	-0.003123	-0.000000	-0.000000	-0.000000
0.340547	-0.703629	3.552129	-3.427760	12.851900	0.763302	6.405690	-22.686399	1.182670	0.000000	0.000000	0.000000	-1.049950	14.193400	0.257469	6.694070	-16.559000	1.622610	-0.000000	0.000000	-0.000000	0.000000	0.000000	-0.000041	0.000000	0.000000	0.000000	11.046200	-0.615589	23.976999	-15.286400	0.989254	5.154330	0.000000	-0.000000	0.000001	0.000000	0.000000	0.000000	-11.840400	-47.744301	75.389603	-58.447300	-13.938300	-23.487801	0.000001	0.000000	-0.000001	-0.165544	-1.522660	-0.004399	0.000000	-0.000000	0.000000
0.133156	-0.083717	2.807811	-4.007190	11.877800	0.826071	7.557000	-21.886900	1.356890	-0.000000	-0.000000	-0.000000	-0.754553	13.812900	0.180160	5.825200	-16.534201	1.452770	0.000000	-0.000000	0.000000	0.000002	-0.000000	-0.000070	0.000000	0.000000	0.000000	10.910300	-0.386933	25.330299	-15.480400	0.085639	4.878020	-0.000000	-0.000000	-0.000001	0.000000	0.000000	0.000000	-13.250700	-49.617500	74.150002	-73.126198	-15.236700	-47.855900	-0.000001	-0.000001	-0.000000	0.127743	-1.272620	0.002837	-0.000000	0.000000	-0.000000
0.110067	0.036219	2.478300	-3.957090	12.017600	0.825163	7.616290	-22.399599	1.429230	0.000000	0.000000	0.000000	-1.207500	12.422500	0.259788	6.850110	-14.433100	1.417810	0.000000	0.000000	-0.000000	-0.000000	-0.000000	0.000031	0.000000	0.000000	0.000000	10.771900	0.014074	27.217400	-15.874300	-0.513006	4.611720	0.000000	0.000001	-0.000002	0.000000	0.000000	0.000000	-14.075600	-50.331902	73.360603	-86.244003	-14.957900	-92.644699	-0.000000	-0.000001	0.000000	0.377318	-1.220190	0.008035	-0.000000	0.000000	0.000000
0.004580	0.203796	2.042280	-4.159360	11.080200	0.800716	8.048070	-20.687799	1.403180	-0.000000	0.000000	-0.000000	-0.628512	12.737800	0.138585	5.603660	-15.600100	1.345240	0.000000	0.000000	0.000000	0.000000	0.000000	0.000020	0.000000	0.000000	0.000000	11.205300	0.731424	29.127600	-16.985399	-1.048050	4.364210	-0.000000	-0.000000	0.000000	0.000000	0.000000	0.000000	-14.162300	-51.968201	73.602798	-96.105797	-13.250500	-131.576004	-0.000000	0.000000	0.000000	0.501110	-1.157610	0.010124	0.000000	-0.000000	0.000000
-0.396491	0.201479	1.967589	-3.688340	10.769200	0.690097	8.163110	-20.177601	1.568810	0.000000	0.000000	-0.000000	-0.581640	12.834500	0.129208	6.544710	-16.143999	1.667670	-0.000000	-0.000000	-0.000000	-0.000002	0.000000	-0.000046	0.000000	0.000000	0.000000	11.421300	0.668174	28.501400	-16.301399	-0.593757	4.542540	-0.000000	-0.000000	-0.000001	0.000000	0.000000	0.000000	-14.136200	-52.176300	73.680000	-103.070999	-11.521200	-150.307007	-0.000000	-0.000000	0.000001	0.521148	-1.347550	0.012256	0.000000	0.000000	0.000000
-0.637999	0.153213	2.340120	-2.917880	12.303800	0.622302	7.460940	-23.358500	1.831170	-0.000000	0.000000	-0.000000	0.012861	12.641700	-0.002814	6.118110	-15.595600	1.654060	0.000000	-0.000000	0.000000	0.000000	-0.000000	0.000074	0.000000	0.000000	0.000000	11.092100	0.675806	29.084499	-15.619300	0.252548	4.705230	-0.000000	-0.000000	0.000001	0.000000	0.000000	0.000000	-14.263600	-49.236301	72.961098	-109.167999	-10.628600	-159.436005	-0.000000	-0.000000	-0.000000	0.280478	-1.286790	0.006299	-0.000000	-0.000000	-0.000000
-0.321815	-0.049269	2.167280	-3.157800	12.218500	0.668964	7.057080	-22.947399	1.550300	0.000000	-0.000000	-0.000000	-0.484306	12.337000	0.103480	6.482790	-14.367100	1.496350	-0.000000	-0.000000	0.000000	0.000002	-0.000000	-0.000025	0.000000	0.000000	0.000000	11.056800	0.851308	29.811100	-15.226400	0.559781	4.734560	0.000000	0.000000	-0.000001	0.000000	0.000000	0.000000	-13.150200	-48.180199	74.091904	-111.023003	-10.637000	-160.910004	0.000000	0.000001	-0.000001	0.389512	-1.164730	0.007918	-0.000000	-0.000000	-0.000000
-0.461277	0.211516	2.190890	-2.757750	11.131100	0.532791	6.397440	-20.916901	1.319550	0.000000	0.000000	-0.000000	-0.295001	12.339700	0.063043	6.013880	-14.876900	1.474620	0.000000	0.000000	0.000000	-0.000000	-0.000000	-0.000019	0.000000	0.000000	0.000000	11.436100	0.753790	28.727800	-15.263200	0.465670	4.788500	0.000000	-0.000000	0.000001	0.000000	0.000000	0.000000	-12.554000	-47.965599	74.760300	-107.040001	-10.908100	-156.475006	0.000001	-0.000000	-0.000000	0.285478	-1.209120	0.006024	-0.000000	-0.000000	-0.000000
-0.012031	0.999703	1.286650	-3.555710	10.920200	0.674432	7.108500	-22.487700	1.385120	0.000000	-0.000001	0.000000	-1.476370	11.671000	0.298719	7.646610	-15.297000	1.641880	-0.000000	-0.000000	0.000000	0.000000	0.000000	-0.000062	0.000000	0.000000	0.000000	10.950900	0.755720	29.980499	-14.706500	-0.578760	4.482400	-0.000000	0.000000	-0.000000	0.000000	0.000000	0.000000	-12.621200	-50.000599	75.143402	-98.976700	-13.565000	-137.619995	0.000001	-0.000001	-0.000000	0.321473	-0.567171	0.003182	0.000000	0.000000	0.000000
-0.373329	0.484022	1.280720	-3.410920	11.417700	0.675990	7.352960	-22.345301	1.526540	-0.000000	0.000000	-0.000000	-0.966974	11.633700	0.195010	7.015490	-14.485300	1.523240	0.000000	-0.000000	0.000000	-0.000002	0.000000	-0.000016	0.000000	0.000000	0.000000	11.614400	0.801116	28.785200	-14.299100	-1.059220	4.431410	0.000000	-0.000000	0.000000	0.000000	0.000000	0.000000	-12.433800	-49.215302	75.236702	-86.475601	-15.321000	-93.105202	-0.000000	0.000000	0.000000	0.267196	-1.363420	0.006358	-0.000000	0.000000	0.000000
-0.072030	0.388764	2.519510	-3.362680	11.698500	0.682572	6.634750	-22.585300	1.284770	0.000000	0.000001	-0.000000	-1.066650	11.416200	0.211149	6.903860	-13.758100	1.397850	0.000000	-0.000000	0.000000	0.000002	-0.000000	0.000095	0.000000	0.000000	0.000000	10.996000	-0.395661	25.240700	-13.506400	-1.167980	4.559450	-0.000000	-0.000000	-0.000000	0.000000	0.000000	0.000000	-11.448500	-49.099800	76.209396	-69.363800	-12.907500	-35.291901	0.000001	0.000000	0.000002	0.077469	-1.463450	0.001978	-0.000000	-0.000000	0.000000
0.248221	0.287898	4.007960	-4.310240	11.391800	0.852890	7.317740	-21.900499	1.154490	-0.000000	0.000000	-0.000000	-1.636900	11.813200	0.335195	7.166490	-13.631100	1.315240	0.000000	0.000000	0.000000	-0.000000	-0.000000	0.000055	0.000000	0.000000	0.000000	10.394700	-1.465490	21.568800	-13.446200	-1.532700	4.611330	-0.000000	-0.000000	-0.000000	0.000000	0.000000	0.000000	-13.156600	-47.851501	73.758904	-52.697800	-14.368500	-19.430300	0.000000	0.000001	0.000000	-0.102454	-1.609990	-0.002878	-0.000000	0.000000	0.000000
0.549293	0.518879	5.071320	-4.163610	11.272700	0.815272	6.066740	-22.466101	0.758268	0.000000	-0.000000	-0.000000	-1.880640	12.718300	0.414174	6.724170	-15.692000	1.325490	-0.000000	0.000000	-0.000000	0.000000	0.000000	-0.000070	0.000000	0.000000	0.000000	10.410800	-2.127270	18.456900	-14.080300	-2.345320	4.532940	0.000000	-0.000000	-0.000000	0.000000	0.000000	0.000000	-10.731800	-42.715599	75.560204	-45.181900	-11.326700	-11.649800	0.000000	-0.000000	-0.000001	-0.139431	-1.666260	-0.004054	-0.000000	0.000000	-0.000001
0.388947	0.047571	5.406459	-3.615950	11.624200	0.729509	5.546810	-22.054800	0.753180	-0.000000	0.000000	0.000000	-1.089100	13.955100	0.262674	5.712390	-17.146400	1.375260	-0.000000	0.000000	0.000000	-0.000002	0.000000	0.000048	0.000000	0.000000	0.000000	10.716800	-1.973040	18.583099	-14.202500	-2.131290	4.552100	0.000000	0.000000	-0.000001	0.000000	0.000000	0.000000	-8.621030	-38.480400	77.412903	-37.603298	-9.789880	-7.611310	-0.000000	-0.000000	-0.000000	-0.097513	-1.166960	-0.001986	0.000000	-0.000000	0.000000
0.405311	-0.686445	5.193070	-3.795790	12.113000	0.797622	6.292150	-21.195000	0.933694	0.000000	-0.000001	-0.000000	-1.195010	14.500400	0.299251	6.296800	-16.254101	1.442210	0.000000	-0.000000	0.000000	-0.000002	0.000000	0.000022	0.000000	0.000000	0.000000	11.126700	-1.066270	21.675699	-14.420900	-1.392420	4.548390	0.000000	0.000000	0.000001	0.000000	0.000000	0.000000	-8.195200	-35.756199	77.432297	-32.519699	-10.808700	-6.887760	-0.000001	-0.000000	-0.000000	-0.363975	-1.542830	-0.009800	0.000000	0.000000	0.000000
0.831783	-0.201105	5.349022	-4.553410	11.839100	0.936077	6.686130	-20.927601	0.796809	-0.000000	0.000000	-0.000000	-2.178710	13.920600	0.524382	7.276770	-15.401400	1.374410	-0.000000	-0.000000	-0.000000	-0.000000	0.000000	-0.000033	0.000000	0.000000	0.000000	10.581400	-1.481850	20.834900	-13.873900	-1.074780	4.681240	0.000000	0.000000	-0.000001	0.000000	0.000000	0.000000	-8.766160	-34.505402	76.246696	-32.068001	-11.985200	-7.438440	0.000000	-0.000000	0.000000	-0.264775	-1.209250	-0.005588	0.000000	0.000000	-0.000000
0.965286	-0.009730	5.318181	-5.026880	11.457300	1.000990	6.860200	-20.660801	0.682528	0.000000	-0.000000	-0.000000	-2.358300	13.909300	0.567198	6.918860	-16.153799	1.290670	0.000000	0.000000	-0.000000	0.000000	-0.000000	-0.000023	0.000000	0.000000	0.000000	10.592800	-1.256610	21.767401	-13.767300	-0.777867	4.699330	0.000000	-0.000000	0.000001	0.000000	0.000000	0.000000	-8.819230	-34.936199	76.284698	-33.864498	-11.429600	-7.586500	0.000000	-0.000000	-0.000000	-0.450362	-1.308630	-0.010285	-0.000000	0.000000	0.000000
0.868880	-0.120935	5.154959	-5.060630	11.868100	1.043360	6.970370	-21.834700	0.750897	0.000000	0.000000	0.000000	-2.533670	14.207500	0.622226	7.290030	-16.997200	1.416150	0.000000	0.000000	0.000000	-0.000000	0.000000	-0.000019	0.000000	0.000000	0.000000	10.673100	-1.349640	21.278299	-13.485200	0.175508	4.964770	0.000000	0.000000	-0.000001	0.000000	0.000000	0.000000	-8.947850	-36.023602	76.403198	-39.001099	-11.861100	-9.616760	0.000000	0.000000	-0.000000	-0.475120	-1.205180	-0.009993	-0.000000	-0.000000	0.000001
0.827480	-0.170747	5.075520	-4.518550	13.149900	1.029980	5.962890	-23.756100	0.629807	0.000000	0.000000	0.000000	-2.450010	14.413300	0.610186	7.296270	-16.817900	1.427720	0.000000	-0.000000	-0.000000	0.000000	0.000000	-0.000013	0.000000	0.000000	0.000000	11.117200	-1.439420	20.254700	-13.789400	0.147027	5.033840	0.000000	-0.000000	-0.000001	0.000000	0.000000	0.000000	-9.416950	-40.270500	76.754997	-40.753899	-11.229300	-9.876730	0.000000	-0.000000	0.000000	-0.222142	-1.434500	-0.005561	0.000000	0.000000	-0.000000
1.594730	0.087037	5.006701	-5.827930	12.501900	1.265740	6.732650	-22.972200	0.407259	0.000000	0.000000	0.000000	-3.329960	14.384100	0.828102	7.050080	-17.337799	1.141300	-0.000000	0.000000	0.000000	0.000000	-0.000000	-0.000054	0.000000	0.000000	0.000000	9.617570	-1.762270	21.278999	-13.728500	0.051509	4.948380	0.000000	-0.000000	0.000000	0.000000	0.000000	0.000000	-11.741000	-44.295399	74.604698	-45.717999	-12.762500	-13.481100	0.000000	-0.000000	-0.000000	-0.495516	-1.028060	-0.008891	0.000000	-0.000000	-0.000000
1.875711	-0.386998	4.483581	-7.374740	11.430300	1.469290	8.404960	-19.921499	0.401198	0.000000	-0.000000	0.000000	-4.615020	14.217200	1.135750	8.093160	-16.114300	1.005930	0.000000	-0.000000	0.000000	-0.000000	0.000000	-0.000086	0.000000	0.000000	0.000000	10.354200	-2.119740	18.574100	-15.742400	0.838670	5.404230	-0.000000	0.000000	-0.000000	0.000000	0.000000	0.000000	-15.093800	-46.622398	71.098503	-53.418098	-17.013700	-23.219200	0.000000	-0.000000	-0.000000	-0.565593	-1.140010	-0.011252	0.000000	0.000000	-0.000000
1.996550	-1.172890	3.105850	-7.970600	12.127400	1.684910	9.027420	-19.447901	0.411536	0.000000	0.000000	0.000000	-5.354670	15.114600	1.400020	8.610260	-16.395201	0.972444	-0.000000	0.000000	-0.000000	0.000000	-0.000000	0.000050	0.000000	0.000000	0.000000	10.745200	-1.158350	22.290701	-16.938700	1.246470	5.411470	-0.000000	-0.000000	0.000001	0.000000	0.000000	0.000000	-15.966300	-47.709702	70.496399	-65.812500	-18.974300	-40.062599	0.000000	0.000000	0.000001	-0.369400	-1.432480	-0.009234	0.000000	-0.000000	-0.000000
1.735590	-0.214715	1.997480	-8.181720	11.191100	1.598380	10.241100	-19.817101	0.751596	-0.000000	-0.000000	0.000000	-5.121080	12.918900	1.147820	8.722140	-14.576700	0.940262	-0.000000	0.000000	-0.000000	-0.000002	0.000000	0.000099	0.000000	0.000000	0.000000	11.667000	-0.446399	23.889099	-18.040001	-0.674217	4.821280	-0.000000	0.000000	-0.000001	0.000000	0.000000	0.000000	-15.451600	-50.848099	71.901299	-77.571404	-17.956699	-64.055000	-0.000000	0.000000	0.000000	-0.039276	-1.069010	-0.000732	0.000000	0.000000	0.000000
1.032460	-0.544873	2.024420	-6.289040	11.315100	1.238720	9.007120	-19.061300	0.928436	-0.000000	0.000000	0.000000	-3.683630	12.783200	0.816112	8.543850	-13.501100	1.158770	0.000000	-0.000000	0.000000	-0.000002	0.000000	0.000053	0.000000	0.000000	0.000000	11.996800	-0.339164	23.731899	-16.853600	-0.621232	4.825980	0.000000	0.000000	0.000000	0.000000	0.000000	0.000000	-14.898700	-55.248299	73.276100	-85.104797	-14.702000	-89.155296	-0.000000	-0.000001	0.000000	0.423204	-1.043090	0.007705	0.000000	0.000000	-0.000000
0.567275	0.324242	1.610740	-4.823970	10.018100	0.841097	7.650920	-18.393999	0.916013	0.000000	0.000000	-0.000000	-2.333540	11.613900	0.470025	7.633500	-13.606000	1.261490	0.000000	0.000000	0.000000	-0.000002	0.000000	0.000029	0.000000	0.000000	0.000000	11.490000	-0.370990	24.625799	-15.060900	-1.934340	4.434860	-0.000000	0.000000	0.000000	0.000000	0.000000	0.000000	-13.734700	-56.550201	74.801598	-92.527199	-12.522800	-122.366997	-0.000000	-0.000000	-0.000001	0.599778	-0.873738	0.009147	-0.000000	0.000000	-0.000000
0.087468	0.250378	2.016270	-3.957650	11.558300	0.794186	7.108030	-21.457600	1.182940	-0.000000	-0.000000	-0.000000	-1.181550	12.045900	0.246616	6.605960	-14.057200	1.327630	-0.000000	0.000000	-0.000000	-0.000002	0.000000	-0.000089	0.000000	0.000000	0.000000	10.936500	-0.307858	25.765800	-14.168400	-1.632430	4.427700	-0.000000	-0.000000	0.000000	0.000000	0.000000	0.000000	-15.716500	-54.646801	72.294601	-99.082703	-12.366800	-141.350006	-0.000000	-0.000001	0.000001	0.509303	-1.330780	0.011829	0.000000	0.000000	0.000000
-0.160299	-0.358041	2.238460	-3.247440	13.001000	0.731312	6.579150	-22.882200	1.329240	0.000000	0.000001	-0.000000	-0.603368	13.635600	0.142245	6.212090	-16.096300	1.564400	-0.000000	-0.000000	0.000000	-0.000000	-0.000000	0.000029	0.000000	0.000000	0.000000	10.795800	0.074180	27.401100	-13.415000	0.069241	4.711390	-0.000000	0.000000	-0.000001	0.000000	0.000000	0.000000	-15.559300	-52.660900	72.113297	-101.825996	-12.262100	-146.794998	0.000000	0.000000	0.000000	0.504646	-1.351280	0.011901	-0.000000	0.000000	-0.000000
-0.461372	0.035605	0.985363	-3.387040	12.207500	0.716999	7.679060	-22.110100	1.647060	-0.000000	0.000000	-0.000000	-0.867428	11.897400	0.178842	7.176690	-13.295300	1.460850	0.000000	0.000000	-0.000000	0.000000	-0.000000	0.000077	0.000000	0.000000	0.000000	11.171500	0.942088	30.163200	-13.695300	0.629835	4.749370	0.000000	-0.000000	-0.000001	0.000000	0.000000	0.000000	-13.253500	-54.183601	75.102303	-99.342102	-11.819700	-143.095993	0.000000	-0.000001	0.000000	0.378383	-1.112390	0.007346	0.000000	0.000000	-0.000000
-0.426650	0.219866	0.308424	-3.416710	11.562500	0.685613	8.060570	-21.153299	1.704200	-0.000000	0.000001	-0.000000	-0.859945	11.466500	0.170964	7.367600	-12.943600	1.467540	-0.000000	0.000000	0.000000	-0.000002	0.000000	-0.000000	0.000000	0.000000	0.000000	10.905100	1.054140	31.305401	-13.678100	1.277340	4.871300	-0.000000	-0.000000	0.000001	0.000000	0.000000	0.000000	-12.035800	-54.397400	76.575699	-92.421600	-12.760100	-121.160004	0.000000	0.000001	-0.000000	0.332843	-1.125930	0.006540	-0.000000	0.000000	0.000000
0.085888	0.452732	-0.106597	-3.967670	11.234200	0.774173	7.667940	-21.373501	1.378030	-0.000000	0.000000	-0.000000	-1.419280	10.974400	0.270240	7.376440	-12.708600	1.320820	-0.000000	-0.000000	0.000000	-0.000000	-0.000000	-0.000058	0.000000	0.000000	0.000000	10.697800	1.317520	32.804298	-15.199600	0.738588	4.715140	-0.000000	-0.000000	0.000002	0.000000	0.000000	0.000000	-10.988900	-54.744701	77.837303	-80.829201	-14.137400	-70.572502	0.000000	-0.000000	0.000000	0.428685	-0.949630	0.007105	-0.000000	0.000000	-0.000000
0.110753	0.019538	0.632172	-4.318720	12.276700	0.919969	8.092700	-22.318100	1.472660	-0.000000	-0.000000	0.000000	-1.957080	11.985200	0.406557	8.320310	-13.829200	1.537240	0.000000	0.000000	-0.000000	0.000002	-0.000000	-0.000007	0.000000	0.000000	0.000000	11.023300	1.114720	31.151300	-15.926600	0.899105	4.847860	-0.000000	0.000000	-0.000001	0.000000	0.000000	0.000000	-8.960770	-52.949200	79.852798	-65.052200	-13.328100	-30.092300	-0.000000	-0.000000	-0.000000	0.024564	-1.326240	0.000569	-0.000000	0.000000	0.000000
0.411918	-0.319879	3.303680	-4.293820	12.941900	0.963365	7.538040	-23.232800	1.324130	0.000000	-0.000000	-0.000000	-1.426900	13.698300	0.337965	6.972580	-15.788900	1.524470	-0.000000	0.000000	0.000000	-0.000002	0.000000	-0.000085	0.000000	0.000000	0.000000	10.143000	-0.984578	24.137400	-15.242900	0.865398	5.118820	0.000000	-0.000000	0.000001	0.000000	0.000000	0.000000	-10.519800	-48.590599	77.123001	-50.469700	-12.814500	-16.267401	-0.000000	0.000000	0.000000	0.154188	-1.159840	0.003121	0.000000	0.000000	0.000000
1.257430	-0.600552	5.107509	-5.240650	13.352300	1.213470	6.871220	-22.987600	0.692459	0.000000	0.000000	-0.000000	-2.584240	14.240200	0.636090	6.926650	-15.397300	1.176230	0.000000	0.000000	0.000000	0.000002	-0.000000	-0.000016	0.000000	0.000000	0.000000	8.997260	-2.124550	20.545799	-13.960100	0.281888	5.035750	0.000000	0.000000	-0.000001	0.000000	0.000000	0.000000	-8.771880	-41.967701	77.923798	-42.448101	-9.235930	-8.717450	0.000000	-0.000000	-0.000001	-0.198317	-0.957678	-0.003314	-0.000000	0.000000	-0.000000
1.716540	-0.711587	5.687440	-5.807710	12.669800	1.277980	6.209190	-20.901100	0.193866	0.000000	0.000000	-0.000000	-3.706700	15.538500	0.994252	7.419270	-17.255600	1.143100	-0.000000	0.000000	-0.000000	-0.000003	0.000000	-0.000075	0.000000	0.000000	0.000000	10.642300	-2.435340	16.471901	-16.686501	0.201069	5.298330	-0.000000	0.000000	0.000000	0.000000	0.000000	0.000000	-9.666340	-37.090099	75.558098	-35.766201	-10.535700	-7.545840	-0.000000	0.000000	0.000000	-0.503248	-1.033850	-0.009079	0.000000	-0.000000	0.000000
1.464190	-1.024010	5.604241	-6.124550	13.345200	1.418770	7.156680	-21.458799	0.438373	0.000000	0.000000	-0.000000	-3.599440	15.266900	0.948944	7.491450	-15.759600	1.093290	0.000000	0.000000	0.000000	0.000002	-0.000000	0.000099	0.000000	0.000000	0.000000	11.933900	-1.872120	17.218901	-18.112301	-0.075204	5.207930	-0.000000	-0.000000	0.000001	0.000000	0.000000	0.000000	-8.769350	-34.955299	76.302299	-30.653099	-9.340090	-5.367920	-0.000001	-0.000000	0.000000	-0.442528	-0.931948	-0.007198	0.000000	0.000000	0.000000
1.365630	-1.224730	5.475840	-5.605850	13.899000	1.350640	6.635860	-21.942900	0.446482	0.000000	0.000000	0.000000	-3.243270	15.849900	0.886665	7.321390	-16.310200	1.181910	0.000000	0.000000	-0.000000	-0.000000	-0.000000	0.000030	0.000000	0.000000	0.000000	11.712400	-1.615520	18.492100	-17.352900	0.266535	5.218870	-0.000000	-0.000000	0.000000	0.000000	0.000000	0.000000	-8.134550	-33.334000	76.833298	-30.634001	-8.866480	-5.038680	0.000000	0.000000	-0.000000	-0.024832	-1.037100	-0.000448	0.000000	-0.000000	-0.000000
0.978864	-1.348160	5.008701	-4.817160	14.891100	1.240650	6.199750	-23.530600	0.616851	0.000000	-0.000000	0.000000	-2.519870	15.797700	0.686416	6.925880	-15.683700	1.219140	0.000000	-0.000000	0.000000	0.000003	-0.000000	0.000045	0.000000	0.000000	0.000000	11.359700	-1.374800	20.011600	-14.797300	0.717595	5.194450	-0.000000	-0.000000	0.000000	0.000000	0.000000	0.000000	-7.579540	-34.397499	78.027901	-31.166901	-8.115860	-4.721280	0.000000	-0.000000	0.000000	0.001109	-0.998999	0.000019	0.000000	0.000000	0.000000
1.081720	-1.117010	4.284320	-4.572270	14.276100	1.129750	6.111100	-22.406700	0.640662	0.000000	-0.000000	-0.000000	-2.084460	15.580700	0.560102	6.362580	-15.773700	1.185900	-0.000000	-0.000000	-0.000000	0.000002	0.000000	-0.000098	0.000000	0.000000	0.000000	10.467200	-0.836286	23.791201	-13.035300	0.975282	5.000960	0.000000	-0.000000	0.000001	0.000000	0.000000	0.000000	-7.357720	-36.739201	78.982903	-37.049099	-8.323210	-6.201230	0.000000	0.000000	0.000000	-0.258493	-1.146270	-0.005171	0.000000	-0.000000	-0.000000
1.194670	-0.734592	4.417449	-5.149460	13.305400	1.188130	6.340050	-21.675900	0.491020	0.000000	-0.000000	0.000000	-2.977500	14.467400	0.744488	7.334160	-14.544700	1.119960	0.000000	-0.000000	0.000000	-0.000000	-0.000000	0.000039	0.000000	0.000000	0.000000	9.514020	-1.113000	24.392401	-12.074200	0.731252	4.870410	0.000000	-0.000000	0.000002	0.000000	0.000000	0.000000	-10.178800	-40.224098	75.810799	-41.451302	-11.277800	-10.006000	-0.000000	0.000000	0.000000	-0.290700	-1.406660	-0.007136	-0.000000	-0.000000	-0.000000
1.647010	-1.083380	4.141710	-6.298350	13.648400	1.491850	6.847800	-21.225500	0.263590	-0.000000	0.000001	0.000000	-4.356350	14.934400	1.124700	8.442770	-14.618100	1.070350	-0.000000	-0.000000	0.000000	-0.000002	0.000000	0.000033	0.000000	0.000000	0.000000	10.379100	-1.252550	22.221600	-15.328600	1.631730	5.373810	0.000000	-0.000000	0.000000	0.000000	0.000000	0.000000	-11.736200	-42.708000	74.372902	-50.931900	-13.056600	-16.378000	0.000000	0.000000	-0.000001	-0.442385	-1.332380	-0.010286	-0.000000	-0.000000	0.000000
1.598090	-0.643861	3.374110	-6.485980	11.955300	1.349080	7.110690	-19.391300	0.254346	-0.000000	-0.000000	0.000000	-4.574660	14.155000	1.120940	8.677330	-14.877800	1.091000	0.000000	0.000000	-0.000000	-0.000000	0.000000	0.000031	0.000000	0.000000	0.000000	11.148100	-1.244450	21.226101	-17.176901	0.723257	5.309530	-0.000000	0.000000	-0.000000	0.000000	0.000000	0.000000	-14.563000	-47.233002	72.012703	-61.063301	-15.546300	-28.305300	-0.000000	0.000000	-0.000000	-0.105630	-1.268250	-0.002337	0.000000	0.000000	0.000000
1.743410	0.099633	3.300421	-7.242520	11.565500	1.459500	8.348700	-19.732000	0.423448	0.000000	0.000000	0.000000	-5.054080	13.500100	1.182760	9.045900	-14.966100	1.068770	-0.000000	-0.000000	-0.000000	-0.000000	0.000000	0.000010	0.000000	0.000000	0.000000	11.131900	-1.787820	19.102800	-18.217100	-0.686338	5.032510	0.000000	0.000000	-0.000000	0.000000	0.000000	0.000000	-16.338499	-49.778702	70.490898	-73.462303	-15.891900	-49.635700	-0.000001	-0.000001	-0.000001	0.218092	-0.853737	0.003250	-0.000000	0.000000	-0.000000
1.303000	0.181505	2.068880	-7.063730	11.455200	1.409730	8.251360	-20.160601	0.458136	0.000000	0.000000	-0.000000	-4.863000	12.748700	1.075600	8.900070	-13.982600	1.006170	-0.000000	0.000000	0.000000	-0.000000	-0.000000	0.000031	0.000000	0.000000	0.000000	12.181700	-0.275788	23.630699	-19.879200	-1.315210	4.623270	0.000000	0.000000	-0.000001	0.000000	0.000000	0.000000	-16.018101	-52.066502	71.470398	-83.633797	-15.341100	-82.268097	0.000000	-0.000001	0.000000	0.211050	-0.934184	0.003442	-0.000000	-0.000000	0.000000
0.226075	-0.044643	1.539090	-4.848830	12.108800	1.019460	7.427880	-20.767300	0.953415	-0.000000	0.000000	0.000000	-2.746810	13.668100	0.649532	8.509390	-15.757000	1.591120	0.000000	-0.000000	0.000000	0.000002	-0.000000	-0.000018	0.000000	0.000000	0.000000	12.728100	0.768740	26.457100	-19.018600	-1.201840	4.502250	0.000000	0.000000	-0.000000	0.000000	0.000000	0.000000	-15.282000	-53.961201	72.708603	-91.175201	-13.454400	-115.234001	-0.000001	0.000001	0.000000	0.087744	-0.987568	0.001512	0.000000	0.000000	0.000000
-0.029879	0.374024	1.331860	-4.241730	12.471600	0.917621	7.648850	-22.466900	1.341780	0.000000	-0.000001	-0.000000	-1.562710	12.830400	0.347103	7.223600	-14.585500	1.439840	-0.000000	-0.000000	-0.000000	-0.000002	0.000000	-0.000109	0.000000	0.000000	0.000000	12.380200	1.023270	27.971300	-18.712999	-0.943679	4.506570	-0.000000	-0.000000	0.000001	0.000000	0.000000	0.000000	-15.405400	-54.508701	72.689598	-97.375000	-12.532100	-137.022995	0.000000	-0.000000	0.000001	0.032448	-1.138740	0.000645	-0.000000	-0.000000	0.000000
-0.139190	0.682307	1.633100	-3.684110	12.852400	0.820565	6.911140	-24.090000	1.356170	0.000000	0.000001	-0.000000	-1.688170	13.197600	0.385531	7.972980	-16.383499	1.792030	-0.000001	0.000000	0.000000	-0.000002	0.000000	-0.000073	0.000000	0.000000	0.000000	11.003700	0.623905	29.162500	-16.286200	-0.808161	4.436020	0.000000	0.000000	0.000001	0.000000	0.000000	0.000000	-16.271601	-53.248501	71.479797	-103.112999	-12.205800	-149.104004	0.000000	-0.000000	-0.000001	-0.079772	-1.230010	-0.001712	-0.000000	-0.000000	-0.000000
0.062586	1.430040	1.721351	-4.177880	11.561900	0.838783	7.242330	-22.695999	1.216200	0.000000	0.000000	-0.000000	-2.152440	12.362700	0.461041	8.298940	-16.124300	1.727100	-0.000000	0.000000	-0.000000	-0.000000	-0.000000	0.000105	0.000000	0.000000	0.000000	10.564700	0.199556	28.517200	-16.219900	-0.564785	4.557430	-0.000000	0.000000	0.000000	0.000000	0.000000	0.000000	-16.282900	-52.957001	71.404503	-106.112000	-12.039700	-153.529999	-0.000000	0.000000	0.000002	0.212523	-0.876398	0.003251	-0.000000	-0.000000	-0.000000
0.134654	0.683289	1.388330	-3.936760	12.232100	0.835345	7.068330	-23.062500	1.262940	0.000000	0.000000	0.000000	-1.913070	12.648200	0.419039	8.150960	-15.560600	1.692120	0.000000	-0.000000	0.000000	0.000000	0.000000	0.000118	0.000000	0.000000	0.000000	10.476000	0.858888	31.208401	-15.887000	0.294807	4.618030	0.000000	-0.000000	0.000001	0.000000	0.000000	0.000000	-15.084700	-52.764702	72.757896	-103.742996	-12.347400	-149.615005	-0.000001	0.000001	-0.000000	0.437624	-0.955853	0.007301	0.000000	0.000000	0.000000
-0.232942	-0.193780	1.784410	-3.519630	12.655800	0.772053	6.719430	-21.656500	1.213600	0.000000	0.000000	-0.000000	-0.897105	13.205200	0.204948	6.503120	-14.295700	1.394350	-0.000000	0.000000	-0.000000	0.000000	0.000000	0.000073	0.000000	0.000000	0.000000	10.049800	0.769374	31.682899	-14.320700	0.104773	4.458620	0.000000	0.000000	0.000000	0.000000	0.000000	0.000000	-14.693400	-50.680599	72.784798	-101.225998	-12.552400	-144.884003	-0.000001	-0.000001	0.000001	0.279533	-0.914297	0.004460	0.000000	-0.000000	-0.000000
-0.266241	-0.043404	-0.177750	-3.914540	12.050700	0.818486	7.862390	-20.924900	1.442890	0.000000	-0.000000	-0.000000	-1.422160	12.374900	0.304839	7.461360	-13.000100	1.370840	0.000000	-0.000000	0.000000	0.000002	0.000000	-0.000016	0.000000	0.000000	0.000000	10.253800	1.818060	35.521801	-14.037900	-0.806987	4.083470	0.000000	0.000000	0.000000	0.000000	0.000000	0.000000	-11.737900	-51.176201	76.527199	-93.286003	-13.940500	-121.334999	0.000000	-0.000001	0.000001	0.476757	-0.955190	0.007948	-0.000000	-0.000000	-0.000000
-0.272329	0.823543	-0.331916	-3.551680	11.280900	0.695634	7.321920	-20.754101	1.362140	0.000000	-0.000000	-0.000000	-0.808705	11.718600	0.164262	6.561300	-14.198800	1.419680	0.000000	-0.000000	-0.000000	0.000000	-0.000000	-0.000087	0.000000	0.000000	0.000000	10.821600	1.638440	33.669102	-15.053900	-2.379780	3.827890	0.000000	0.000000	0.000000	0.000000	0.000000	0.000000	-10.943400	-51.735298	77.547096	-80.919502	-14.924600	-71.056396	-0.000000	-0.000001	0.000000	0.410610	-1.037980	0.007438	0.000000	0.000000	-0.000000
-0.385927	0.082407	1.225950	-2.871230	12.373800	0.615765	6.264780	-21.601801	1.275260	-0.000000	-0.000000	0.000000	-0.161096	12.889300	0.035935	5.824640	-15.062900	1.477390	0.000000	0.000000	0.000000	-0.000002	0.000000	-0.000031	0.000000	0.000000	0.000000	10.936600	0.799663	30.032900	-14.691300	-2.253310	4.010000	-0.000000	0.000000	-0.000001	0.000000	0.000000	0.000000	-9.645470	-49.431301	78.566498	-66.557701	-12.929600	-30.946699	0.000001	0.000001	0.000000	-0.093145	-1.399160	-0.002274	-0.000000	-0.000000	0.000000
-0.327826	-0.362124	3.091210	-2.581780	13.424000	0.599759	5.936540	-22.636999	1.319720	0.000000	-0.000000	0.000000	-0.180480	14.047700	0.043808	6.209130	-15.731400	1.641620	-0.000000	-0.000000	-0.000000	0.000000	0.000000	-0.000066	0.000000	0.000000	0.000000	10.489800	-0.564613	25.233101	-13.526300	-2.006160	4.291420	-0.000000	-0.000000	0.000001	0.000000	0.000000	0.000000	-8.551050	-45.632900	79.115997	-51.356602	-9.475390	-12.319100	0.000000	-0.000000	-0.000000	-0.037474	-1.549200	-0.001014	0.000000	0.000000	0.000000
0.265207	-0.150749	4.652710	-3.930600	12.049700	0.821781	6.546240	-20.720100	0.956733	0.000000	-0.000000	-0.000000	-1.563810	13.238800	0.358212	7.335170	-14.024300	1.413240	0.000000	-0.000000	-0.000000	-0.000000	0.000000	0.000010	0.000000	0.000000	0.000000	10.173800	-1.428050	21.817499	-13.646400	-2.218110	4.361750	0.000000	0.000000	-0.000001	0.000000	0.000000	0.000000	-9.464280	-39.945599	76.688797	-41.722698	-9.746870	-8.690580	0.000001	0.000000	0.000000	0.057073	-0.636065	0.000633	0.000000	0.000000	0.000000
0.531457	0.453951	5.158571	-3.770020	12.957000	0.846468	5.597750	-23.152800	0.756679	0.000000	-0.000000	0.000000	-1.787700	13.751700	0.425088	6.909260	-15.571400	1.392100	-0.000000	-0.000000	-0.000000	0.000000	0.000000	-0.000020	0.000000	0.000000	0.000000	9.833190	-2.067790	19.461399	-13.493600	-2.578040	4.401390	0.000000	0.000000	0.000000	0.000000	0.000000	0.000000	-9.376650	-36.284302	75.858902	-32.806000	-8.434180	-5.127290	0.000001	0.000000	0.000000	-0.144380	-0.498415	-0.001256	-0.000000	-0.000000	0.000000
1.060560	0.748672	5.428410	-5.095240	11.536400	1.021580	6.400440	-21.980801	0.527261	0.000000	0.000000	0.000000	-2.833190	13.415800	0.657849	7.261010	-16.183599	1.258070	0.000000	-0.000000	0.000000	-0.000000	-0.000000	-0.000007	0.000000	0.000000	0.000000	9.554490	-2.280740	18.866301	-12.936700	-2.188070	4.531840	-0.000000	-0.000000	-0.000001	0.000000	0.000000	0.000000	-10.755200	-34.511600	73.316299	-23.783300	-10.478000	-4.188650	-0.000000	-0.000000	0.000000	-0.356994	-0.653276	-0.004071	-0.000000	0.000000	0.000000
0.976642	0.693769	5.392690	-5.163460	11.341600	1.018080	6.621610	-21.499100	0.571576	-0.000000	-0.000000	0.000000	-2.049930	13.007300	0.461566	5.630220	-15.330200	0.961681	-0.000000	0.000000	-0.000000	0.000000	-0.000000	0.000060	0.000000	0.000000	0.000000	10.156200	-2.333310	17.728901	-14.347100	-0.940103	4.897050	0.000000	-0.000000	0.000000	0.000000	0.000000	0.000000	-11.657100	-32.846802	71.428596	-19.491699	-11.741200	-3.589260	0.000002	0.000000	-0.000000	-0.365985	-0.820882	-0.005243	0.000000	0.000000	-0.000000
1.148481	0.607313	5.203272	-5.489170	11.521300	1.099590	6.793260	-21.677799	0.522790	0.000000	-0.000000	-0.000000	-2.860180	13.187700	0.653036	6.736110	-15.365800	1.048600	-0.000000	0.000000	-0.000000	0.000000	0.000000	0.000010	0.000000	0.000000	0.000000	11.012600	-2.293930	16.803600	-15.669000	0.224478	5.296550	-0.000000	-0.000000	-0.000000	0.000000	0.000000	0.000000	-11.860600	-33.132999	71.268501	-19.168400	-12.126100	-3.646000	0.000000	0.000000	0.000000	-0.280354	-0.919188	-0.004497	-0.000000	-0.000000	-0.000000
