0.136296	-0.878991	1.301480	-4.293780	12.727300	0.947649	7.843280	-21.586500	1.346350	0.000000	-0.000000	0.000000	-1.725920	13.749300	0.410320	7.431120	-15.437600	1.536630	-0.000000	0.000000	-0.000000	0.000000	0.000000	0.000047	0.000000	0.000000	0.000000	10.864200	0.734779	29.963800	-13.986600	0.219612	4.647710	0.000000	0.000000	0.000000	0.000000	0.000000	0.000000	-15.319300	-54.605099	72.818398	-94.951500	-14.394700	-126.559998	0.000000	-0.000000	-0.000001	0.422517	-1.509180	0.011128	0.000000	-0.000000	0.000000
-0.061182	-0.821684	1.471691	-4.097010	12.553100	0.891908	8.019880	-21.444401	1.472150	0.000000	-0.000000	0.000000	-1.461970	13.380200	0.338386	7.646180	-14.893700	1.605610	0.000000	0.000000	0.000000	0.000000	0.000000	-0.000069	0.000000	0.000000	0.000000	11.054100	0.509914	28.717100	-14.346600	-0.520507	4.542250	-0.000000	-0.000000	0.000000	0.000000	0.000000	0.000000	-15.185600	-54.165001	72.878403	-86.032997	-16.187099	-92.635300	0.000000	-0.000002	0.000000	0.526935	-1.923250	0.017685	0.000000	-0.000000	0.000000
-0.201448	-1.097500	1.958500	-3.942800	13.346400	0.911507	8.275650	-22.488300	1.700990	0.000000	-0.000001	0.000000	-1.592280	13.584800	0.374093	8.644870	-14.591200	1.796530	-0.000000	0.000000	0.000000	-0.000000	-0.000000	0.000048	0.000000	0.000000	0.000000	10.845800	0.052026	27.285601	-13.525700	-0.907595	4.501160	-0.000000	-0.000000	0.000000	0.000000	0.000000	0.000000	-14.752900	-50.289600	72.639702	-73.098396	-18.354900	-53.224499	0.000000	-0.000000	0.000000	0.063215	-1.430070	0.001578	0.000000	0.000000	-0.000000
-0.097434	-1.100050	2.988270	-3.832170	12.838100	0.852705	7.733050	-21.765900	1.484160	-0.000000	-0.000000	-0.000000	-1.172150	13.974100	0.283090	7.778590	-15.257900	1.755040	0.000000	-0.000000	0.000000	-0.000000	-0.000000	0.000016	0.000000	0.000000	0.000000	10.922900	-1.042060	22.613400	-13.368400	-1.167260	4.676980	-0.000000	0.000000	-0.000001	0.000000	0.000000	0.000000	-11.782400	-48.953400	75.739403	-54.185600	-14.543300	-20.931601	0.000000	0.000000	0.000001	-0.038153	-1.564570	-0.001042	0.000000	0.000000	0.000000
-0.228409	-0.904250	4.346660	-2.926870	13.074000	0.662634	6.678310	-22.917700	1.492290	0.000000	0.000000	0.000000	-0.166640	13.978800	0.040254	6.564020	-15.487400	1.716220	-0.000000	-0.000000	0.000000	0.000000	-0.000000	0.000060	0.000000	0.000000	0.000000	11.173500	-1.790550	18.907200	-13.414700	-2.102180	4.601420	0.000000	-0.000000	0.000001	0.000000	0.000000	0.000000	-10.319800	-44.008701	76.463097	-45.030701	-12.026100	-12.421800	0.000000	0.000000	0.000001	-0.258995	-1.670790	-0.007552	0.000000	0.000000	-0.000000
0.526914	-1.144610	5.086809	-3.968350	12.760300	0.877834	6.782890	-21.898399	1.087130	-0.000000	-0.000000	0.000000	-1.866540	15.152200	0.488041	8.228700	-16.650499	1.848700	0.000000	-0.000000	0.000000	0.000000	0.000000	0.000023	0.000000	0.000000	0.000000	10.759700	-1.519500	20.433001	-13.795700	-1.700910	4.556070	0.000000	-0.000000	0.000000	0.000000	0.000000	0.000000	-9.954040	-37.767899	75.453697	-40.583900	-11.899200	-10.216400	-0.000000	0.000000	0.000000	-0.143288	-1.659090	-0.004148	0.000000	0.000000	0.000000
1.097850	-1.298150	5.667400	-5.002730	12.758800	1.107510	6.792710	-21.377001	0.697819	0.000000	-0.000000	-0.000000	-2.671580	15.623200	0.719960	7.711780	-17.249001	1.527580	-0.000000	-0.000000	0.000000	-0.000000	-0.000000	0.000010	0.000000	0.000000	0.000000	10.144100	-1.312020	22.130899	-13.081500	-0.909576	4.604960	-0.000000	-0.000000	-0.000001	0.000000	0.000000	0.000000	-10.373300	-34.188999	73.742996	-36.958599	-12.588000	-9.271180	0.000001	-0.000000	-0.000000	-0.322502	-1.091110	-0.006141	-0.000000	0.000000	-0.000001
1.333230	-1.381840	5.162320	-5.715520	12.941600	1.284070	7.121210	-20.970501	0.555332	0.000000	-0.000000	0.000000	-3.763650	15.670500	1.017930	8.567960	-16.786600	1.431240	-0.000000	-0.000000	-0.000000	-0.000003	0.000000	-0.000028	0.000000	0.000000	0.000000	9.861550	-0.638375	25.596800	-12.490500	-0.023537	4.600140	-0.000000	-0.000000	0.000000	0.000000	0.000000	0.000000	-10.660200	-34.071899	73.358597	-32.187599	-13.043600	-7.929930	-0.000001	0.000000	0.000001	-0.492177	-1.083050	-0.009303	0.000000	-0.000000	0.000001
0.915641	-1.108300	4.622320	-5.726150	13.157200	1.307540	7.627350	-22.181999	0.775021	-0.000000	0.000000	0.000000	-3.475250	15.340900	0.920463	8.513970	-17.073200	1.519500	0.000000	-0.000000	-0.000000	0.000002	-0.000000	-0.000097	0.000000	0.000000	0.000000	10.351800	-0.192611	26.603300	-12.789200	0.588025	4.715100	0.000000	0.000000	-0.000000	0.000000	0.000000	0.000000	-10.667800	-35.945301	74.014297	-31.406300	-12.852100	-7.613510	-0.000000	0.000000	0.000000	-0.527832	-1.267960	-0.011680	0.000000	-0.000000	0.000000
0.686837	-1.576950	4.416780	-4.878530	14.296000	1.207400	7.471640	-23.848801	1.110400	-0.000000	0.000000	-0.000000	-2.554840	15.316600	0.675281	8.162360	-16.060600	1.581280	0.000000	0.000000	-0.000000	-0.000002	-0.000000	-0.000062	0.000000	0.000000	0.000000	11.102300	0.235296	26.829901	-13.281800	1.542990	4.947050	0.000000	-0.000000	0.000002	0.000000	0.000000	0.000000	-10.398800	-36.816700	74.685303	-35.398102	-12.657000	-8.832160	-0.000001	-0.000000	-0.000000	-0.426161	-1.325300	-0.009857	-0.000000	0.000000	0.000001
0.268052	-1.202500	3.560581	-3.912630	13.415700	0.909124	6.826270	-22.533001	1.158450	0.000000	-0.000000	0.000000	-1.315170	14.573500	0.330979	6.821220	-15.698800	1.505640	0.000000	0.000000	-0.000000	0.000002	-0.000000	-0.000006	0.000000	0.000000	0.000000	11.975600	0.685755	27.099899	-13.778100	1.081060	4.902030	-0.000000	-0.000000	0.000000	0.000000	0.000000	0.000000	-9.489620	-41.702301	77.191101	-38.405102	-9.561640	-7.508760	-0.000001	0.000000	0.000000	-0.083182	-1.626350	-0.002361	0.000000	-0.000000	0.000000
0.530773	-1.165320	3.366719	-3.591660	14.049800	0.873005	5.448830	-24.218800	0.806250	-0.000000	0.000000	-0.000000	-1.338920	14.609400	0.337767	6.261680	-16.132099	1.383030	0.000000	0.000000	0.000000	0.000000	-0.000000	-0.000058	0.000000	0.000000	0.000000	11.430800	0.211034	26.449900	-13.504300	1.011110	4.934180	-0.000000	-0.000000	0.000000	0.000000	0.000000	0.000000	-10.943400	-44.332401	75.868896	-44.681000	-10.472500	-10.423700	-0.000000	0.000000	0.000000	-0.320507	-1.204240	-0.006736	-0.000000	0.000000	0.000000
0.266249	-1.175130	2.010090	-4.042160	13.305900	0.931769	6.828060	-22.426701	1.105090	-0.000000	-0.000000	0.000000	-1.877560	13.736200	0.445979	7.303230	-14.759700	1.399960	-0.000000	-0.000000	-0.000000	-0.000000	0.000000	0.000045	0.000000	0.000000	0.000000	11.492100	1.216120	30.179899	-14.279500	-0.301821	4.456360	0.000000	0.000000	-0.000000	0.000000	0.000000	0.000000	-11.724000	-46.874001	75.566200	-57.535900	-12.052900	-19.401100	-0.000000	-0.000000	0.000000	0.012528	-1.466250	0.000321	0.000000	-0.000000	0.000000
-0.079687	-0.836990	1.616880	-3.852590	13.348700	0.890743	7.381470	-23.196800	1.432670	-0.000000	0.000000	-0.000000	-1.467360	13.879700	0.352067	7.433560	-16.201599	1.682320	0.000000	0.000000	0.000000	-0.000000	-0.000000	-0.000094	0.000000	0.000000	0.000000	11.377900	1.054250	29.978100	-14.777300	-1.295210	4.248060	-0.000000	-0.000000	0.000002	0.000000	0.000000	0.000000	-14.094200	-50.365601	73.450897	-69.109802	-12.858300	-34.385201	0.000000	0.000000	-0.000000	-0.099828	-1.479650	-0.002578	-0.000000	-0.000000	0.000000
-0.351003	-0.962648	2.062510	-3.715360	13.778000	0.886022	7.661910	-24.096901	1.657310	0.000000	-0.000000	0.000000	-1.021020	13.775200	0.243146	7.163360	-15.697200	1.675780	-0.000001	0.000000	-0.000000	0.000002	-0.000000	0.000017	0.000000	0.000000	0.000000	11.087300	0.394376	28.094700	-14.059800	-2.032560	4.163470	0.000000	0.000000	-0.000000	0.000000	0.000000	0.000000	-15.258000	-51.355400	72.243896	-80.232101	-11.370900	-62.553101	-0.000000	-0.000000	-0.000000	0.111097	-1.088650	0.002111	-0.000000	0.000000	-0.000000
-0.404420	-1.194740	1.775290	-3.292590	13.491600	0.768971	7.245220	-22.957701	1.579430	0.000000	-0.000000	-0.000000	-0.495277	13.900900	0.118990	6.643320	-15.355800	1.637790	-0.000000	-0.000000	-0.000000	-0.000002	0.000000	0.000007	0.000000	0.000000	0.000000	11.148100	0.984754	30.148800	-14.086000	-2.277820	3.975240	-0.000000	-0.000000	0.000000	0.000000	0.000000	0.000000	-15.343800	-52.366100	72.369797	-89.792397	-10.194100	-116.003998	0.000000	-0.000000	-0.000001	0.372073	-0.917795	0.005960	0.000000	0.000000	0.000000
-0.412989	-1.315240	2.027680	-3.216440	12.816500	0.714213	7.330550	-20.904600	1.498930	0.000000	-0.000000	-0.000000	0.017081	13.755800	-0.004061	5.587630	-14.519300	1.409220	-0.000000	-0.000000	0.000000	0.000000	-0.000000	-0.000086	0.000000	0.000000	0.000000	11.612700	1.157130	29.748400	-15.669300	-1.161340	4.268720	0.000000	0.000000	0.000001	0.000000	0.000000	0.000000	-15.893800	-54.561199	72.101303	-94.903603	-8.508570	-142.826996	-0.000000	0.000000	-0.000001	0.358698	-1.020150	0.006386	0.000000	-0.000000	-0.000000
-0.507211	-1.183470	2.264380	-2.691370	13.216400	0.615759	6.975910	-21.682100	1.611990	0.000000	0.000000	-0.000000	0.321594	14.261500	-0.079224	5.607300	-15.621600	1.599160	0.000000	-0.000000	0.000000	0.000000	0.000000	0.000085	0.000000	0.000000	0.000000	11.530200	1.303470	30.355600	-16.174700	-0.708336	4.344590	-0.000000	-0.000000	-0.000000	0.000000	0.000000	0.000000	-17.087999	-54.426300	70.730003	-100.516998	-8.150390	-156.044006	0.000000	-0.000000	0.000002	0.442454	-1.187970	0.009173	-0.000000	0.000000	-0.000000
-0.509575	-0.730745	1.938620	-2.927950	12.091900	0.613859	7.043730	-20.407700	1.460110	0.000000	0.000000	0.000000	-0.066390	13.232400	0.015199	5.645380	-14.751300	1.425200	-0.000000	0.000000	0.000000	0.000002	-0.000000	-0.000025	0.000000	0.000000	0.000000	10.891000	1.844150	33.620602	-15.327100	-0.726957	4.123220	0.000000	-0.000000	0.000000	0.000000	0.000000	0.000000	-17.132601	-53.816601	70.609299	-104.789001	-8.560780	-160.266006	-0.000001	0.000001	0.000000	0.383665	-1.172310	0.007850	0.000000	-0.000000	-0.000000
-0.167905	-0.661171	2.181520	-3.582260	11.625200	0.722761	6.960910	-19.469900	1.151910	-0.000000	-0.000000	0.000000	-0.420949	12.948000	0.094322	4.914840	-14.794300	1.152470	0.000000	-0.000000	0.000000	0.000000	-0.000000	0.000115	0.000000	0.000000	0.000000	10.359200	1.982630	35.234600	-14.567100	0.115099	4.196870	-0.000000	-0.000000	0.000000	0.000000	0.000000	0.000000	-16.006399	-49.780998	71.068398	-106.917000	-10.194800	-158.520996	-0.000000	0.000000	0.000000	0.121309	-1.059860	0.002244	-0.000000	-0.000000	0.000000
-0.477342	-0.369627	2.183610	-3.583610	11.801000	0.733813	7.514900	-20.717300	1.419580	0.000000	-0.000000	0.000000	-0.586175	12.088600	0.122765	5.817380	-13.093500	1.191180	0.000000	-0.000000	0.000000	-0.000000	-0.000000	0.000036	0.000000	0.000000	0.000000	11.367400	2.252560	33.852600	-15.429100	0.136853	4.328450	-0.000000	0.000000	0.000000	0.000000	0.000000	0.000000	-14.800600	-49.113499	72.333603	-102.692001	-11.997800	-148.712006	0.000001	0.000000	-0.000002	0.188851	-0.832921	0.002745	0.000000	0.000000	0.000000
-0.809844	0.155228	1.741960	-2.913580	10.218900	0.517330	7.615940	-18.959101	1.545960	-0.000000	0.000000	0.000000	0.030419	11.547100	-0.006087	6.248610	-13.213600	1.440600	0.000000	0.000000	0.000000	-0.000002	0.000000	0.000062	0.000000	0.000000	0.000000	12.650700	2.646060	32.601002	-16.998301	-0.280969	4.373180	-0.000000	0.000000	0.000000	0.000000	0.000000	0.000000	-12.473000	-49.581200	75.210098	-92.210899	-14.309700	-116.621002	0.000000	-0.000000	-0.000001	0.380771	-0.699238	0.004647	0.000000	0.000000	0.000000
-0.690067	0.605795	2.304300	-2.498420	10.867500	0.471337	7.233950	-21.789900	1.778040	-0.000000	0.000001	-0.000000	0.554053	11.576900	-0.111191	5.859100	-14.717600	1.632790	-0.000000	0.000000	-0.000000	0.000000	0.000000	0.000027	0.000000	0.000000	0.000000	11.531300	1.248160	30.289000	-15.964800	-0.592873	4.410010	-0.000000	0.000000	-0.000001	0.000000	0.000000	0.000000	-11.957900	-48.902599	75.626404	-74.270798	-16.450701	-52.748501	-0.000000	-0.000000	-0.000000	-0.020715	-0.944341	-0.000342	-0.000000	-0.000000	0.000000
-0.444229	0.056610	3.422160	-3.161870	11.449400	0.628253	7.989380	-22.101900	1.843920	0.000000	-0.000000	0.000000	-0.116437	11.956600	0.024122	6.828420	-13.964700	1.627390	0.000000	0.000000	-0.000000	0.000002	-0.000000	0.000011	0.000000	0.000000	0.000000	10.837000	0.065543	27.118099	-14.214300	-0.193583	4.634680	-0.000000	0.000000	0.000000	0.000000	0.000000	0.000000	-10.217300	-46.434101	77.158798	-54.529598	-14.676900	-21.336500	-0.000000	-0.000000	-0.000001	-0.285328	-1.115580	-0.005555	0.000000	0.000000	0.000000
-0.284754	0.301963	3.884820	-3.235330	10.145900	0.570508	7.914830	-19.848700	1.609300	0.000000	-0.000000	-0.000000	-0.024208	12.131700	0.005086	6.437350	-14.697600	1.633660	-0.000000	0.000000	-0.000000	0.000000	-0.000000	0.000104	0.000000	0.000000	0.000000	11.229000	-0.452501	24.335501	-15.018000	-0.939780	4.608890	0.000000	-0.000000	0.000002	0.000000	0.000000	0.000000	-7.789890	-40.905499	79.260002	-44.634300	-12.730700	-13.002900	-0.000000	0.000000	0.000000	-0.389106	-1.257600	-0.008540	-0.000000	-0.000000	0.000000
-0.575817	0.208510	4.391991	-2.348660	11.141700	0.454091	6.785430	-21.962700	1.678870	-0.000000	0.000000	-0.000000	0.395702	12.785600	-0.087569	6.335060	-15.744100	1.831450	-0.000000	-0.000000	-0.000000	-0.000002	0.000000	-0.000098	0.000000	0.000000	0.000000	11.506700	-1.200910	20.885799	-15.143500	-1.296550	4.700880	0.000000	0.000000	-0.000000	0.000000	0.000000	0.000000	-6.268250	-36.531502	80.538902	-36.167801	-10.390300	-7.777190	-0.000001	0.000000	0.000000	-0.269751	-0.937092	-0.004412	0.000000	0.000000	0.000000
-1.086790	-0.332410	4.366230	-1.585200	11.791600	0.324021	6.776460	-21.819799	1.946620	-0.000000	0.000000	-0.000000	1.059530	14.094300	-0.258038	6.646550	-16.723400	2.220450	0.000000	0.000000	0.000000	0.000003	-0.000000	-0.000107	0.000000	0.000000	0.000000	12.136800	-0.825744	21.356501	-16.418800	-1.493040	4.604680	0.000000	0.000000	0.000001	0.000000	0.000000	0.000000	-6.530580	-34.430401	79.768997	-27.437099	-10.351700	-5.358650	-0.000000	0.000000	-0.000000	-0.267148	-0.988643	-0.004610	-0.000000	0.000000	-0.000000
-0.987407	-1.115350	3.753790	-1.009590	13.250500	0.231431	5.530580	-22.529400	1.745680	-0.000000	0.000000	0.000000	0.914961	14.657600	-0.231540	6.983730	-15.636600	2.133390	0.000000	0.000000	-0.000000	-0.000002	0.000000	0.000041	0.000000	0.000000	0.000000	12.360900	-0.060031	23.844101	-16.877800	-0.495422	4.769220	0.000000	-0.000000	0.000001	0.000000	0.000000	0.000000	-6.980230	-33.477699	78.988098	-23.243601	-11.398600	-4.777170	0.000000	0.000000	-0.000000	-0.142747	-1.337690	-0.003332	0.000000	0.000000	-0.000000
-0.759985	-1.084830	3.288160	-1.476930	12.605200	0.322382	5.578500	-20.765499	1.469040	-0.000000	0.000001	-0.000000	1.226970	14.288800	-0.302872	5.332340	-15.377500	1.736290	0.000000	-0.000000	0.000000	0.000002	-0.000000	-0.000029	0.000000	0.000000	0.000000	12.414300	-0.039705	23.927601	-15.920300	0.479678	5.054210	0.000000	0.000000	0.000000	0.000000	0.000000	0.000000	-6.828540	-35.169399	79.652397	-23.421101	-11.594900	-4.966480	0.000000	0.000000	0.000000	-0.303027	-1.270950	-0.006722	-0.000000	0.000000	-0.000000
-0.778808	-0.826323	3.107510	-1.708690	11.708200	0.346839	6.485750	-19.306900	1.594530	-0.000000	0.000000	-0.000000	1.468300	14.378500	-0.364690	5.042400	-15.554200	1.740370	0.000000	0.000000	-0.000000	-0.000002	0.000000	-0.000050	0.000000	0.000000	0.000000	12.325900	-0.125244	23.820000	-15.540400	0.778323	5.146360	0.000000	0.000000	0.000002	0.000000	0.000000	0.000000	-7.027320	-36.174999	79.589996	-30.483299	-11.798000	-6.922870	0.000001	-0.000000	-0.000001	-0.373085	-1.061320	-0.006911	0.000000	0.000000	-0.000000
-0.289783	-0.781136	3.119620	-2.573610	11.427400	0.510227	6.491820	-19.235600	1.309550	0.000000	-0.000000	0.000000	0.612806	14.099000	-0.149284	5.306760	-16.151199	1.646900	-0.000000	0.000000	0.000000	0.000000	0.000000	0.000009	0.000000	0.000000	0.000000	12.002500	-0.195544	24.074800	-15.424300	1.166130	5.230770	-0.000000	0.000000	-0.000002	0.000000	0.000000	0.000000	-6.117340	-40.411598	81.549202	-36.506100	-8.921370	-6.743110	-0.000000	0.000000	-0.000000	-0.148881	-1.230570	-0.003198	-0.000000	-0.000000	0.000000
0.184161	0.074915	2.980860	-3.126500	10.545800	0.572764	6.335280	-19.314899	1.079860	-0.000000	0.000000	-0.000000	-0.288036	13.036400	0.064971	5.770720	-15.424800	1.464400	0.000000	0.000000	0.000000	0.000002	-0.000000	-0.000040	0.000000	0.000000	0.000000	11.827300	-0.308987	24.033001	-16.197901	-0.005187	4.950720	-0.000000	-0.000000	0.000001	0.000000	0.000000	0.000000	-7.783860	-46.438000	80.209801	-43.235600	-10.055400	-9.858690	-0.000000	-0.000000	-0.000000	-0.149447	-1.197620	-0.003123	-0.000000	-0.000000	-0.000000
0.340547	-0.703629	3.552129	-3.427760	12.851900	0.763302	6.405690	-22.686399	1.182670	0.000000	0.000000	0.000000	-1.049950	14.193400	0.257469	6.694070	-16.559000	1.622610	-0.000000	0.000000	-0.000000	0.000000	0.000000	-0.000041	0.000000	0.000000	0.000000	11.046200	-0.615589	23.976999	-15.286400	0.989254	5.154330	0.000000	-0.000000	0.000001	0.000000	0.000000	0.000000	-11.840400	-47.744301	75.389603	-58.447300	-13.938300	-23.487801	0.000001	0.000000	-0.000001	-0.165544	-1.522660	-0.004399	0.000000	-0.000000	0.000000
0.133156	-0.083717	2.807811	-4.007190	11.877800	0.826071	7.557000	-21.886900	1.356890	-0.000000	-0.000000	-0.000000	-0.754553	13.812900	0.180160	5.825200	-16.534201	1.452770	0.000000	-0.000000	0.000000	0.000002	-0.000000	-0.000070	0.000000	0.000000	0.000000	10.910300	-0.386933	25.330299	-15.480400	0.085639	4.878020	-0.000000	-0.000000	-0.000001	0.000000	0.000000	0.000000	-13.250700	-49.617500	74.150002	-73.126198	-15.236700	-47.855900	-0.000001	-0.000001	-0.000000	0.127743	-1.272620	0.002837	-0.000000	0.000000	-0.000000
0.110067	0.036219	2.478300	-3.957090	12.017600	0.825163	7.616290	-22.399599	1.429230	0.000000	0.000000	0.000000	-1.207500	12.422500	0.259788	6.850110	-14.433100	1.417810	0.000000	0.000000	-0.000000	-0.000000	-0.000000	0.000031	0.000000	0.000000	0.000000	10.771900	0.014074	27.217400	-15.874300	-0.513006	4.611720	0.000000	0.000001	-0.000002	0.000000	0.000000	0.000000	-14.075600	-50.331902	73.360603	-86.244003	-14.957900	-92.644699	-0.000000	-0.000001	0.000000	0.377318	-1.220190	0.008035	-0.000000	0.000000	0.000000
0.004580	0.203796	2.042280	-4.159360	11.080200	0.800716	8.048070	-20.687799	1.403180	-0.000000	0.000000	-0.000000	-0.628512	12.737800	0.138585	5.603660	-15.600100	1.345240	0.000000	0.000000	0.000000	0.000000	0.000000	0.000020	0.000000	0.000000	0.000000	11.205300	0.731424	29.127600	-16.985399	-1.048050	4.364210	-0.000000	-0.000000	0.000000	0.000000	0.000000	0.000000	-14.162300	-51.968201	73.602798	-96.105797	-13.250500	-131.576004	-0.000000	0.000000	0.000000	0.501110	-1.157610	0.010124	0.000000	-0.000000	0.000000
-0.396491	0.201479	1.967589	-3.688340	10.769200	0.690097	8.163110	-20.177601	1.568810	0.000000	0.000000	-0.000000	-0.581640	12.834500	0.129208	6.544710	-16.143999	1.667670	-0.000000	-0.000000	-0.000000	-0.000002	0.000000	-0.000046	0.000000	0.000000	0.000000	11.421300	0.668174	28.501400	-16.301399	-0.593757	4.542540	-0.000000	-0.000000	-0.000001	0.000000	0.000000	0.000000	-14.136200	-52.176300	73.680000	-103.070999	-11.521200	-150.307007	-0.000000	-0.000000	0.000001	0.521148	-1.347550	0.012256	0.000000	0.000000	0.000000
-0.637999	0.153213	2.340120	-2.917880	12.303800	0.622302	7.460940	-23.358500	1.831170	-0.000000	0.000000	-0.000000	0.012861	12.641700	-0.002814	6.118110	-15.595600	1.654060	0.000000	-0.000000	0.000000	0.000000	-0.000000	0.000074	0.000000	0.000000	0.000000	11.092100	0.675806	29.084499	-15.619300	0.252548	4.705230	-0.000000	-0.000000	0.000001	0.000000	0.000000	0.000000	-14.263600	-49.236301	72.961098	-109.167999	-10.628600	-159.436005	-0.000000	-0.000000	-0.000000	0.280478	-1.286790	0.006299	-0.000000	-0.000000	-0.000000
-0.321815	-0.049269	2.167280	-3.157800	12.218500	0.668964	7.057080	-22.947399	1.550300	0.000000	-0.000000	-0.000000	-0.484306	12.337000	0.103480	6.482790	-14.367100	1.496350	-0.000000	-0.000000	0.000000	0.000002	-0.000000	-0.000025	0.000000	0.000000	0.000000	11.056800	0.851308	29.811100	-15.226400	0.559781	4.734560	0.000000	0.000000	-0.000001	0.000000	0.000000	0.000000	-13.150200	-48.180199	74.091904	-111.023003	-10.637000	-160.910004	0.000000	0.000001	-0.000001	0.389512	-1.164730	0.007918	-0.000000	-0.000000	-0.000000
-0.461277	0.211516	2.190890	-2.757750	11.131100	0.532791	6.397440	-20.916901	1.319550	0.000000	0.000000	-0.000000	-0.295001	12.339700	0.063043	6.013880	-14.876900	1.474620	0.000000	0.000000	0.000000	-0.000000	-0.000000	-0.000019	0.000000	0.000000	0.000000	11.436100	0.753790	28.727800	-15.263200	0.465670	4.788500	0.000000	-0.000000	0.000001	0.000000	0.000000	0.000000	-12.554000	-47.965599	74.760300	-107.040001	-10.908100	-156.475006	0.000001	-0.000000	-0.000000	0.285478	-1.209120	0.006024	-0.000000	-0.000000	-0.000000
-0.012031	0.999703	1.286650	-3.555710	10.920200	0.674432	7.108500	-22.487700	1.385120	0.000000	-0.000001	0.000000	-1.476370	11.671000	0.298719	7.646610	-15.297000	1.641880	-0.000000	-0.000000	0.000000	0.000000	0.000000	-0.000062	0.000000	0.000000	0.000000	10.950900	0.755720	29.980499	-14.706500	-0.578760	4.482400	-0.000000	0.000000	-0.000000	0.000000	0.000000	0.000000	-12.621200	-50.000599	75.143402	-98.976700	-13.565000	-137.619995	0.000001	-0.000001	-0.000000	0.321473	-0.567171	0.003182	0.000000	0.000000	0.000000
-0.373329	0.484022	1.280720	-3.410920	11.417700	0.675990	7.352960	-22.345301	1.526540	-0.000000	0.000000	-0.000000	-0.966974	11.633700	0.195010	7.015490	-14.485300	1.523240	0.000000	-0.000000	0.000000	-0.000002	0.000000	-0.000016	0.000000	0.000000	0.000000	11.614400	0.801116	28.785200	-14.299100	-1.059220	4.431410	0.000000	-0.000000	0.000000	0.000000	0.000000	0.000000	-12.433800	-49.215302	75.236702	-86.475601	-15.321000	-93.105202	-0.000000	0.000000	0.000000	0.267196	-1.363420	0.006358	-0.000000	0.000000	0.000000
-0.072030	0.388764	2.519510	-3.362680	11.698500	0.682572	6.634750	-22.585300	1.284770	0.000000	0.000001	-0.000000	-1.066650	11.416200	0.211149	6.903860	-13.758100	1.397850	0.000000	-0.000000	0.000000	0.000002	-0.000000	0.000095	0.000000	0.000000	0.000000	10.996000	-0.395661	25.240700	-13.506400	-1.167980	4.559450	-0.000000	-0.000000	-0.000000	0.000000	0.000000	0.000000	-11.448500	-49.099800	76.209396	-69.363800	-12.907500	-35.291901	0.000001	0.000000	0.000002	0.077469	-1.463450	0.001978	-0.000000	-0.000000	0.000000
0.248221	0.287898	4.007960	-4.310240	11.391800	0.852890	7.317740	-21.900499	1.154490	-0.000000	0.000000	-0.000000	-1.636900	11.813200	0.335195	7.166490	-13.631100	1.315240	0.000000	0.000000	0.000000	-0.000000	-0.000000	0.000055	0.000000	0.000000	0.000000	10.394700	-1.465490	21.568800	-13.446200	-1.532700	4.611330	-0.000000	-0.000000	-0.000000	0.000000	0.000000	0.000000	-13.156600	-47.851501	73.758904	-52.697800	-14.368500	-19.430300	0.000000	0.000001	0.000000	-0.102454	-1.609990	-0.002878	-0.000000	0.000000	0.000000
0.549293	0.518879	5.071320	-4.163610	11.272700	0.815272	6.066740	-22.466101	0.758268	0.000000	-0.000000	-0.000000	-1.880640	12.718300	0.414174	6.724170	-15.692000	1.325490	-0.000000	0.000000	-0.000000	0.000000	0.000000	-0.000070	0.000000	0.000000	0.000000	10.410800	-2.127270	18.456900	-14.080300	-2.345320	4.532940	0.000000	-0.000000	-0.000000	0.000000	0.000000	0.000000	-10.731800	-42.715599	75.560204	-45.181900	-11.326700	-11.649800	0.000000	-0.000000	-0.000001	-0.139431	-1.666260	-0.004054	-0.000000	0.000000	-0.000001
0.388947	0.047571	5.406459	-3.615950	11.624200	0.729509	5.546810	-22.054800	0.753180	-0.000000	0.000000	0.000000	-1.089100	13.955100	0.262674	5.712390	-17.146400	1.375260	-0.000000	0.000000	0.000000	-0.000002	0.000000	0.000048	0.000000	0.000000	0.000000	10.716800	-1.973040	18.583099	-14.202500	-2.131290	4.552100	0.000000	0.000000	-0.000001	0.000000	0.000000	0.000000	-8.621030	-38.480400	77.412903	-37.603298	-9.789880	-7.611310	-0.000000	-0.000000	-0.000000	-0.097513	-1.166960	-0.001986	0.000000	-0.000000	0.000000
0.405311	-0.686445	5.193070	-3.795790	12.113000	0.797622	6.292150	-21.195000	0.933694	0.000000	-0.000001	-0.000000	-1.195010	14.500400	0.299251	6.296800	-16.254101	1.442210	0.000000	-0.000000	0.000000	-0.000002	0.000000	0.000022	0.000000	0.000000	0.000000	11.126700	-1.066270	21.675699	-14.420900	-1.392420	4.548390	0.000000	0.000000	0.000001	0.000000	0.000000	0.000000	-8.195200	-35.756199	77.432297	-32.519699	-10.808700	-6.887760	-0.000001	-0.000000	-0.000000	-0.363975	-1.542830	-0.009800	0.000000	0.000000	0.000000
0.831783	-0.201105	5.349022	-4.553410	11.839100	0.936077	6.686130	-20.927601	0.796809	-0.000000	0.000000	-0.000000	-2.178710	13.920600	0.524382	7.276770	-15.401400	1.374410	-0.000000	-0.000000	-0.000000	-0.000000	0.000000	-0.000033	0.000000	0.000000	0.000000	10.581400	-1.481850	20.834900	-13.873900	-1.074780	4.681240	0.000000	0.000000	-0.000001	0.000000	0.000000	0.000000	-8.766160	-34.505402	76.246696	-32.068001	-11.985200	-7.438440	0.000000	-0.000000	0.000000	-0.264775	-1.209250	-0.005588	0.000000	0.000000	-0.000000
0.965286	-0.009730	5.318181	-5.026880	11.457300	1.000990	6.860200	-20.660801	0.682528	0.000000	-0.000000	-0.000000	-2.358300	13.909300	0.567198	6.918860	-16.153799	1.290670	0.000000	0.000000	-0.000000	0.000000	-0.000000	-0.000023	0.000000	0.000000	0.000000	10.592800	-1.256610	21.767401	-13.767300	-0.777867	4.699330	0.000000	-0.000000	0.000001	0.000000	0.000000	0.000000	-8.819230	-34.936199	76.284698	-33.864498	-11.429600	-7.586500	0.000000	-0.000000	-0.000000	-0.450362	-1.308630	-0.010285	-0.000000	0.000000	0.000000
0.868880	-0.120935	5.154959	-5.060630	11.868100	1.043360	6.970370	-21.834700	0.750897	0.000000	0.000000	0.000000	-2.533670	14.207500	0.622226	7.290030	-16.997200	1.416150	0.000000	0.000000	0.000000	-0.000000	0.000000	-0.000019	0.000000	0.000000	0.000000	10.673100	-1.349640	21.278299	-13.485200	0.175508	4.964770	0.000000	0.000000	-0.000001	0.000000	0.000000	0.000000	-8.947850	-36.023602	76.403198	-39.001099	-11.861100	-9.616760	0.000000	0.000000	-0.000000	-0.475120	-1.205180	-0.009993	-0.000000	-0.000000	0.000001
0.827480	-0.170747	5.075520	-4.518550	13.149900	1.029980	5.962890	-23.756100	0.629807	0.000000	0.000000	0.000000	-2.450010	14.413300	0.610186	7.296270	-16.817900	1.427720	0.000000	-0.000000	-0.000000	0.000000	0.000000	-0.000013	0.000000	0.000000	0.000000	11.117200	-1.439420	20.254700	-13.789400	0.147027	5.033840	0.000000	-0.000000	-0.000001	0.000000	0.000000	0.000000	-9.416950	-40.270500	76.754997	-40.753899	-11.229300	-9.876730	0.000000	-0.000000	0.000000	-0.222142	-1.434500	-0.005561	0.000000	0.000000	-0.000000
1.594730	0.087037	5.006701	-5.827930	12.501900	1.265740	6.732650	-22.972200	0.407259	0.000000	0.000000	0.000000	-3.329960	14.384100	0.828102	7.050080	-17.337799	1.141300	-0.000000	0.000000	0.000000	0.000000	-0.000000	-0.000054	0.000000	0.000000	0.000000	9.617570	-1.762270	21.278999	-13.728500	0.051509	4.948380	0.000000	-0.000000	0.000000	0.000000	0.000000	0.000000	-11.741000	-44.295399	74.604698	-45.717999	-12.762500	-13.481100	0.000000	-0.000000	-0.000000	-0.495516	-1.028060	-0.008891	0.000000	-0.000000	-0.000000
1.875711	-0.386998	4.483581	-7.374740	11.430300	1.469290	8.404960	-19.921499	0.401198	0.000000	-0.000000	0.000000	-4.615020	14.217200	1.135750	8.093160	-16.114300	1.005930	0.000000	-0.000000	0.000000	-0.000000	0.000000	-0.000086	0.000000	0.000000	0.000000	10.354200	-2.119740	18.574100	-15.742400	0.838670	5.404230	-0.000000	0.000000	-0.000000	0.000000	0.000000	0.000000	-15.093800	-46.622398	71.098503	-53.418098	-17.013700	-23.219200	0.000000	-0.000000	-0.000000	-0.565593	-1.140010	-0.011252	0.000000	0.000000	-0.000000
1.996550	-1.172890	3.105850	-7.970600	12.127400	1.684910	9.027420	-19.447901	0.411536	0.000000	0.000000	0.000000	-5.354670	15.114600	1.400020	8.610260	-16.395201	0.972444	-0.000000	0.000000	-0.000000	0.000000	-0.000000	0.000050	0.000000	0.000000	0.000000	10.745200	-1.158350	22.290701	-16.938700	1.246470	5.411470	-0.000000	-0.000000	0.000001	0.000000	0.000000	0.000000	-15.966300	-47.709702	70.496399	-65.812500	-18.974300	-40.062599	0.000000	0.000000	0.000001	-0.369400	-1.432480	-0.009234	0.000000	-0.000000	-0.000000
1.735590	-0.214715	1.997480	-8.181720	11.191100	1.598380	10.241100	-19.817101	0.751596	-0.000000	-0.000000	0.000000	-5.121080	12.918900	1.147820	8.722140	-14.576700	0.940262	-0.000000	0.000000	-0.000000	-0.000002	0.000000	0.000099	0.000000	0.000000	0.000000	11.667000	-0.446399	23.889099	-18.040001	-0.674217	4.821280	-0.000000	0.000000	-0.000001	0.000000	0.000000	0.000000	-15.451600	-50.848099	71.901299	-77.571404	-17.956699	-64.055000	-0.000000	0.000000	0.000000	-0.039276	-1.069010	-0.000732	0.000000	0.000000	0.000000
1.032460	-0.544873	2.024420	-6.289040	11.315100	1.238720	9.007120	-19.061300	0.928436	-0.000000	0.000000	0.000000	-3.683630	12.783200	0.816112	8.543850	-13.501100	1.158770	0.000000	-0.000000	0.000000	-0.000002	0.000000	0.000053	0.000000	0.000000	0.000000	11.996800	-0.339164	23.731899	-16.853600	-0.621232	4.825980	0.000000	0.000000	0.000000	0.000000	0.000000	0.000000	-14.898700	-55.248299	73.276100	-85.104797	-14.702000	-89.155296	-0.000000	-0.000001	0.000000	0.423204	-1.043090	0.007705	0.000000	0.000000	-0.000000
0.567275	0.324242	1.610740	-4.823970	10.018100	0.841097	7.650920	-18.393999	0.916013	0.000000	0.000000	-0.000000	-2.333540	11.613900	0.470025	7.633500	-13.606000	1.261490	0.000000	0.000000	0.000000	-0.000002	0.000000	0.000029	0.000000	0.000000	0.000000	11.490000	-0.370990	24.625799	-15.060900	-1.934340	4.434860	-0.000000	0.000000	0.000000	0.000000	0.000000	0.000000	-13.734700	-56.550201	74.801598	-92.527199	-12.522800	-122.366997	-0.000000	-0.000000	-0.000001	0.599778	-0.873738	0.009147	-0.000000	0.000000	-0.000000
0.087468	0.250378	2.016270	-3.957650	11.558300	0.794186	7.108030	-21.457600	1.182940	-0.000000	-0.000000	-0.000000	-1.181550	12.045900	0.246616	6.605960	-14.057200	1.327630	-0.000000	0.000000	-0.000000	-0.000002	0.000000	-0.000089	0.000000	0.000000	0.000000	10.936500	-0.307858	25.765800	-14.168400	-1.632430	4.427700	-0.000000	-0.000000	0.000000	0.000000	0.000000	0.000000	-15.716500	-54.646801	72.294601	-99.082703	-12.366800	-141.350006	-0.000000	-0.000001	0.000001	0.509303	-1.330780	0.011829	0.000000	0.000000	0.000000
-0.160299	-0.358041	2.238460	-3.247440	13.001000	0.731312	6.579150	-22.882200	1.329240	0.000000	0.000001	-0.000000	-0.603368	13.635600	0.142245	6.212090	-16.096300	1.564400	-0.000000	-0.000000	0.000000	-0.000000	-0.000000	0.000029	0.000000	0.000000	0.000000	10.795800	0.074180	27.401100	-13.415000	0.069241	4.711390	-0.000000	0.000000	-0.000001	0.000000	0.000000	0.000000	-15.559300	-52.660900	72.113297	-101.825996	-12.262100	-146.794998	0.000000	0.000000	0.000000	0.504646	-1.351280	0.011901	-0.000000	0.000000	-0.000000
-0.461372	0.035605	0.985363	-3.387040	12.207500	0.716999	7.679060	-22.110100	1.647060	-0.000000	0.000000	-0.000000	-0.867428	11.897400	0.178842	7.176690	-13.295300	1.460850	0.000000	0.000000	-0.000000	0.000000	-0.000000	0.000077	0.000000	0.000000	0.000000	11.171500	0.942088	30.163200	-13.695300	0.629835	4.749370	0.000000	-0.000000	-0.000001	0.000000	0.000000	0.000000	-13.253500	-54.183601	75.102303	-99.342102	-11.819700	-143.095993	0.000000	-0.000001	0.000000	0.378383	-1.112390	0.007346	0.000000	0.000000	-0.000000
-0.426650	0.219866	0.308424	-3.416710	11.562500	0.685613	8.060570	-21.153299	1.704200	-0.000000	0.000001	-0.000000	-0.859945	11.466500	0.170964	7.367600	-12.943600	1.467540	-0.000000	0.000000	0.000000	-0.000002	0.000000	-0.000000	0.000000	0.000000	0.000000	10.905100	1.054140	31.305401	-13.678100	1.277340	4.871300	-0.000000	-0.000000	0.000001	0.000000	0.000000	0.000000	-12.035800	-54.397400	76.575699	-92.421600	-12.760100	-121.160004	0.000000	0.000001	-0.000000	0.332843	-1.125930	0.006540	-0.000000	0.000000	0.000000
0.085888	0.452732	-0.106597	-3.967670	11.234200	0.774173	7.667940	-21.373501	1.378030	-0.000000	0.000000	-0.000000	-1.419280	10.974400	0.270240	7.376440	-12.708600	1.320820	-0.000000	-0.000000	0.000000	-0.000000	-0.000000	-0.000058	0.000000	0.000000	0.000000	10.697800	1.317520	32.804298	-15.199600	0.738588	4.715140	-0.000000	-0.000000	0.000002	0.000000	0.000000	0.000000	-10.988900	-54.744701	77.837303	-80.829201	-14.137400	-70.572502	0.000000	-0.000000	0.000000	0.428685	-0.949630	0.007105	-0.000000	0.000000	-0.000000
0.110753	0.019538	0.632172	-4.318720	12.276700	0.919969	8.092700	-22.318100	1.472660	-0.000000	-0.000000	0.000000	-1.957080	11.985200	0.406557	8.320310	-13.829200	1.537240	0.000000	0.000000	-0.000000	0.000002	-0.000000	-0.000007	0.000000	0.000000	0.000000	11.023300	1.114720	31.151300	-15.926600	0.899105	4.847860	-0.000000	0.000000	-0.000001	0.000000	0.000000	0.000000	-8.960770	-52.949200	79.852798	-65.052200	-13.328100	-30.092300	-0.000000	-0.000000	-0.000000	0.024564	-1.326240	0.000569	-0.000000	0.000000	0.000000
0.411918	-0.319879	3.303680	-4.293820	12.941900	0.963365	7.538040	-23.232800	1.324130	0.000000	-0.000000	-0.000000	-1.426900	13.698300	0.337965	6.972580	-15.788900	1.524470	-0.000000	0.000000	0.000000	-0.000002	0.000000	-0.000085	0.000000	0.000000	0.000000	10.143000	-0.984578	24.137400	-15.242900	0.865398	5.118820	0.000000	-0.000000	0.000001	0.000000	0.000000	0.000000	-10.519800	-48.590599	77.123001	-50.469700	-12.814500	-16.267401	-0.000000	0.000000	0.000000	0.154188	-1.159840	0.003121	0.000000	0.000000	0.000000
1.257430	-0.600552	5.107509	-5.240650	13.352300	1.213470	6.871220	-22.987600	0.692459	0.000000	0.000000	-0.000000	-2.584240	14.240200	0.636090	6.926650	-15.397300	1.176230	0.000000	0.000000	0.000000	0.000002	-0.000000	-0.000016	0.000000	0.000000	0.000000	8.997260	-2.124550	20.545799	-13.960100	0.281888	5.035750	0.000000	0.000000	-0.000001	0.000000	0.000000	0.000000	-8.771880	-41.967701	77.923798	-42.448101	-9.235930	-8.717450	0.000000	-0.000000	-0.000001	-0.198317	-0.957678	-0.003314	-0.000000	0.000000	-0.000000
1.716540	-0.711587	5.687440	-5.807710	12.669800	1.277980	6.209190	-20.901100	0.193866	0.000000	0.000000	-0.000000	-3.706700	15.538500	0.994252	7.419270	-17.255600	1.143100	-0.000000	0.000000	-0.000000	-0.000003	0.000000	-0.000075	0.000000	0.000000	0.000000	10.642300	-2.435340	16.471901	-16.686501	0.201069	5.298330	-0.000000	0.000000	0.000000	0.000000	0.000000	0.000000	-9.666340	-37.090099	75.558098	-35.766201	-10.535700	-7.545840	-0.000000	0.000000	0.000000	-0.503248	-1.033850	-0.009079	0.000000	-0.000000	0.000000
1.464190	-1.024010	5.604241	-6.124550	13.345200	1.418770	7.156680	-21.458799	0.438373	0.000000	0.000000	-0.000000	-3.599440	15.266900	0.948944	7.491450	-15.759600	1.093290	0.000000	0.000000	0.000000	0.000002	-0.000000	0.000099	0.000000	0.000000	0.000000	11.933900	-1.872120	17.218901	-18.112301	-0.075204	5.207930	-0.000000	-0.000000	0.000001	0.000000	0.000000	0.000000	-8.769350	-34.955299	76.302299	-30.653099	-9.340090	-5.367920	-0.000001	-0.000000	0.000000	-0.442528	-0.931948	-0.007198	0.000000	0.000000	0.000000
1.365630	-1.224730	5.475840	-5.605850	13.899000	1.350640	6.635860	-21.942900	0.446482	0.000000	0.000000	0.000000	-3.243270	15.849900	0.886665	7.321390	-16.310200	1.181910	0.000000	0.000000	-0.000000	-0.000000	-0.000000	0.000030	0.000000	0.000000	0.000000	11.712400	-1.615520	18.492100	-17.352900	0.266535	5.218870	-0.000000	-0.000000	0.000000	0.000000	0.000000	0.000000	-8.134550	-33.334000	76.833298	-30.634001	-8.866480	-5.038680	0.000000	0.000000	-0.000000	-0.024832	-1.037100	-0.000448	0.000000	-0.000000	-0.000000
0.978864	-1.348160	5.008701	-4.817160	14.891100	1.240650	6.199750	-23.530600	0.616851	0.000000	-0.000000	0.000000	-2.519870	15.797700	0.686416	6.925880	-15.683700	1.219140	0.000000	-0.000000	0.000000	0.000003	-0.000000	0.000045	0.000000	0.000000	0.000000	11.359700	-1.374800	20.011600	-14.797300	0.717595	5.194450	-0.000000	-0.000000	0.000000	0.000000	0.000000	0.000000	-7.579540	-34.397499	78.027901	-31.166901	-8.115860	-4.721280	0.000000	-0.000000	0.000000	0.001109	-0.998999	0.000019	0.000000	0.000000	0.000000
1.081720	-1.117010	4.284320	-4.572270	14.276100	1.129750	6.111100	-22.406700	0.640662	0.000000	-0.000000	-0.000000	-2.084460	15.580700	0.560102	6.362580	-15.773700	1.185900	-0.000000	-0.000000	-0.000000	0.000002	0.000000	-0.000098	0.000000	0.000000	0.000000	10.467200	-0.836286	23.791201	-13.035300	0.975282	5.000960	0.000000	-0.000000	0.000001	0.000000	0.000000	0.000000	-7.357720	-36.739201	78.982903	-37.049099	-8.323210	-6.201230	0.000000	0.000000	0.000000	-0.258493	-1.146270	-0.005171	0.000000	-0.000000	-0.000000
1.194670	-0.734592	4.417449	-5.149460	13.305400	1.188130	6.340050	-21.675900	0.491020	0.000000	-0.000000	0.000000	-2.977500	14.467400	0.744488	7.334160	-14.544700	1.119960	0.000000	-0.000000	0.000000	-0.000000	-0.000000	0.000039	0.000000	0.000000	0.000000	9.514020	-1.113000	24.392401	-12.074200	0.731252	4.870410	0.000000	-0.000000	0.000002	0.000000	0.000000	0.000000	-10.178800	-40.224098	75.810799	-41.451302	-11.277800	-10.006000	-0.000000	0.000000	0.000000	-0.290700	-1.406660	-0.007136	-0.000000	-0.000000	-0.000000
1.647010	-1.083380	4.141710	-6.298350	13.648400	1.491850	6.847800	-21.225500	0.263590	-0.000000	0.000001	0.000000	-4.356350	14.934400	1.124700	8.442770	-14.618100	1.070350	-0.000000	-0.000000	0.000000	-0.000002	0.000000	0.000033	0.000000	0.000000	0.000000	10.379100	-1.252550	22.221600	-15.328600	1.631730	5.373810	0.000000	-0.000000	0.000000	0.000000	0.000000	0.000000	-11.736200	-42.708000	74.372902	-50.931900	-13.056600	-16.378000	0.000000	0.000000	-0.000001	-0.442385	-1.332380	-0.010286	-0.000000	-0.000000	0.000000
1.598090	-0.643861	3.374110	-6.485980	11.955300	1.349080	7.110690	-19.391300	0.254346	-0.000000	-0.000000	0.000000	-4.574660	14.155000	1.120940	8.677330	-14.877800	1.091000	0.000000	0.000000	-0.000000	-0.000000	0.000000	0.000031	0.000000	0.000000	0.000000	11.148100	-1.244450	21.226101	-17.176901	0.723257	5.309530	-0.000000	0.000000	-0.000000	0.000000	0.000000	0.000000	-14.563000	-47.233002	72.012703	-61.063301	-15.546300	-28.305300	-0.000000	0.000000	-0.000000	-0.105630	-1.268250	-0.002337	0.000000	0.000000	0.000000
1.743410	0.099633	3.300421	-7.242520	11.565500	1.459500	8.348700	-19.732000	0.423448	0.000000	0.000000	0.000000	-5.054080	13.500100	1.182760	9.045900	-14.966100	1.068770	-0.000000	-0.000000	-0.000000	-0.000000	0.000000	0.000010	0.000000	0.000000	0.000000	11.131900	-1.787820	19.102800	-18.217100	-0.686338	5.032510	0.000000	0.000000	-0.000000	0.000000	0.000000	0.000000	-16.338499	-49.778702	70.490898	-73.462303	-15.891900	-49.635700	-0.000001	-0.000001	-0.000001	0.218092	-0.853737	0.003250	-0.000000	0.000000	-0.000000
1.303000	0.181505	2.068880	-7.063730	11.455200	1.409730	8.251360	-20.160601	0.458136	0.000000	0.000000	-0.000000	-4.863000	12.748700	1.075600	8.900070	-13.982600	1.006170	-0.000000	0.000000	0.000000	-0.000000	-0.000000	0.000031	0.000000	0.000000	0.000000	12.181700	-0.275788	23.630699	-19.879200	-1.315210	4.623270	0.000000	0.000000	-0.000001	0.000000	0.000000	0.000000	-16.018101	-52.066502	71.470398	-83.633797	-15.341100	-82.268097	0.000000	-0.000001	0.000000	0.211050	-0.934184	0.003442	-0.000000	-0.000000	0.000000
0.226075	-0.044643	1.539090	-4.848830	12.108800	1.019460	7.427880	-20.767300	0.953415	-0.000000	0.000000	0.000000	-2.746810	13.668100	0.649532	8.509390	-15.757000	1.591120	0.000000	-0.000000	0.000000	0.000002	-0.000000	-0.000018	0.000000	0.000000	0.000000	12.728100	0.768740	26.457100	-19.018600	-1.201840	4.502250	0.000000	0.000000	-0.000000	0.000000	0.000000	0.000000	-15.282000	-53.961201	72.708603	-91.175201	-13.454400	-115.234001	-0.000001	0.000001	0.000000	0.087744	-0.987568	0.001512	0.000000	0.000000	0.000000
-0.029879	0.374024	1.331860	-4.241730	12.471600	0.917621	7.648850	-22.466900	1.341780	0.000000	-0.000001	-0.000000	-1.562710	12.830400	0.347103	7.223600	-14.585500	1.439840	-0.000000	-0.000000	-0.000000	-0.000002	0.000000	-0.000109	0.000000	0.000000	0.000000	12.380200	1.023270	27.971300	-18.712999	-0.943679	4.506570	-0.000000	-0.000000	0.000001	0.000000	0.000000	0.000000	-15.405400	-54.508701	72.689598	-97.375000	-12.532100	-137.022995	0.000000	-0.000000	0.000001	0.032448	-1.138740	0.000645	-0.000000	-0.000000	0.000000
-0.139190	0.682307	1.633100	-3.684110	12.852400	0.820565	6.911140	-24.090000	1.356170	0.000000	0.000001	-0.000000	-1.688170	13.197600	0.385531	7.972980	-16.383499	1.792030	-0.000001	0.000000	0.000000	-0.000002	0.000000	-0.000073	0.000000	0.000000	0.000000	11.003700	0.623905	29.162500	-16.286200	-0.808161	4.436020	0.000000	0.000000	0.000001	0.000000	0.000000	0.000000	-16.271601	-53.248501	71.479797	-103.112999	-12.205800	-149.104004	0.000000	-0.000000	-0.000001	-0.079772	-1.230010	-0.001712	-0.000000	-0.000000	-0.000000
0.062586	1.430040	1.721351	-4.177880	11.561900	0.838783	7.242330	-22.695999	1.216200	0.000000	0.000000	-0.000000	-2.152440	12.362700	0.461041	8.298940	-16.124300	1.727100	-0.000000	0.000000	-0.000000	-0.000000	-0.000000	0.000105	0.000000	0.000000	0.000000	10.564700	0.199556	28.517200	-16.219900	-0.564785	4.557430	-0.000000	0.000000	0.000000	0.000000	0.000000	0.000000	-16.282900	-52.957001	71.404503	-106.112000	-12.039700	-153.529999	-0.000000	0.000000	0.000002	0.212523	-0.876398	0.003251	-0.000000	-0.000000	-0.000000
0.134654	0.683289	1.388330	-3.936760	12.232100	0.835345	7.068330	-23.062500	1.262940	0.000000	0.000000	0.000000	-1.913070	12.648200	0.419039	8.150960	-15.560600	1.692120	0.000000	-0.000000	0.000000	0.000000	0.000000	0.000118	0.000000	0.000000	0.000000	10.476000	0.858888	31.208401	-15.887000	0.294807	4.618030	0.000000	-0.000000	0.000001	0.000000	0.000000	0.000000	-15.084700	-52.764702	72.757896	-103.742996	-12.347400	-149.615005	-0.000001	0.000001	-0.000000	0.437624	-0.955853	0.007301	0.000000	0.000000	0.000000
-0.232942	-0.193780	1.784410	-3.519630	12.655800	0.772053	6.719430	-21.656500	1.213600	0.000000	0.000000	-0.000000	-0.897105	13.205200	0.204948	6.503120	-14.295700	1.394350	-0.000000	0.000000	-0.000000	0.000000	0.000000	0.000073	0.000000	0.000000	0.000000	10.049800	0.769374	31.682899	-14.320700	0.104773	4.458620	0.000000	0.000000	0.000000	0.000000	0.000000	0.000000	-14.693400	-50.680599	72.784798	-101.225998	-12.552400	-144.884003	-0.000001	-0.000001	0.000001	0.279533	-0.914297	0.004460	0.000000	-0.000000	-0.000000
-0.266241	-0.043404	-0.177750	-3.914540	12.050700	0.818486	7.862390	-20.924900	1.442890	0.000000	-0.000000	-0.000000	-1.422160	12.374900	0.304839	7.461360	-13.000100	1.370840	0.000000	-0.000000	0.000000	0.000002	0.000000	-0.000016	0.000000	0.000000	0.000000	10.253800	1.818060	35.521801	-14.037900	-0.806987	4.083470	0.000000	0.000000	0.000000	0.000000	0.000000	0.000000	-11.737900	-51.176201	76.527199	-93.286003	-13.940500	-121.334999	0.000000	-0.000001	0.000001	0.476757	-0.955190	0.007948	-0.000000	-0.000000	-0.000000
-0.272329	0.823543	-0.331916	-3.551680	11.280900	0.695634	7.321920	-20.754101	1.362140	0.000000	-0.000000	-0.000000	-0.808705	11.718600	0.164262	6.561300	-14.198800	1.419680	0.000000	-0.000000	-0.000000	0.000000	-0.000000	-0.000087	0.000000	0.000000	0.000000	10.821600	1.638440	33.669102	-15.053900	-2.379780	3.827890	0.000000	0.000000	0.000000	0.000000	0.000000	0.000000	-10.943400	-51.735298	77.547096	-80.919502	-14.924600	-71.056396	-0.000000	-0.000001	0.000000	0.410610	-1.037980	0.007438	0.000000	0.000000	-0.000000
-0.385927	0.082407	1.225950	-2.871230	12.373800	0.615765	6.264780	-21.601801	1.275260	-0.000000	-0.000000	0.000000	-0.161096	12.889300	0.035935	5.824640	-15.062900	1.477390	0.000000	0.000000	0.000000	-0.000002	0.000000	-0.000031	0.000000	0.000000	0.000000	10.936600	0.799663	30.032900	-14.691300	-2.253310	4.010000	-0.000000	0.000000	-0.000001	0.000000	0.000000	0.000000	-9.645470	-49.431301	78.566498	-66.557701	-12.929600	-30.946699	0.000001	0.000001	0.000000	-0.093145	-1.399160	-0.002274	-0.000000	-0.000000	0.000000
-0.327826	-0.362124	3.091210	-2.581780	13.424000	0.599759	5.936540	-22.636999	1.319720	0.000000	-0.000000	0.000000	-0.180480	14.047700	0.043808	6.209130	-15.731400	1.641620	-0.000000	-0.000000	-0.000000	0.000000	0.000000	-0.000066	0.000000	0.000000	0.000000	10.489800	-0.564613	25.233101	-13.526300	-2.006160	4.291420	-0.000000	-0.000000	0.000001	0.000000	0.000000	0.000000	-8.551050	-45.632900	79.115997	-51.356602	-9.475390	-12.319100	0.000000	-0.000000	-0.000000	-0.037474	-1.549200	-0.001014	0.000000	0.000000	0.000000
0.265207	-0.150749	4.652710	-3.930600	12.049700	0.821781	6.546240	-20.720100	0.956733	0.000000	-0.000000	-0.000000	-1.563810	13.238800	0.358212	7.335170	-14.024300	1.413240	0.000000	-0.000000	-0.000000	-0.000000	0.000000	0.000010	0.000000	0.000000	0.000000	10.173800	-1.428050	21.817499	-13.646400	-2.218110	4.361750	0.000000	0.000000	-0.000001	0.000000	0.000000	0.000000	-9.464280	-39.945599	76.688797	-41.722698	-9.746870	-8.690580	0.000001	0.000000	0.000000	0.057073	-0.636065	0.000633	0.000000	0.000000	0.000000
0.531457	0.453951	5.158571	-3.770020	12.957000	0.846468	5.597750	-23.152800	0.756679	0.000000	-0.000000	0.000000	-1.787700	13.751700	0.425088	6.909260	-15.571400	1.392100	-0.000000	-0.000000	-0.000000	0.000000	0.000000	-0.000020	0.000000	0.000000	0.000000	9.833190	-2.067790	19.461399	-13.493600	-2.578040	4.401390	0.000000	0.000000	0.000000	0.000000	0.000000	0.000000	-9.376650	-36.284302	75.858902	-32.806000	-8.434180	-5.127290	0.000001	0.000000	0.000000	-0.144380	-0.498415	-0.001256	-0.000000	-0.000000	0.000000
1.060560	0.748672	5.428410	-5.095240	11.536400	1.021580	6.400440	-21.980801	0.527261	0.000000	0.000000	0.000000	-2.833190	13.415800	0.657849	7.261010	-16.183599	1.258070	0.000000	-0.000000	0.000000	-0.000000	-0.000000	-0.000007	0.000000	0.000000	0.000000	9.554490	-2.280740	18.866301	-12.936700	-2.188070	4.531840	-0.000000	-0.000000	-0.000001	0.000000	0.000000	0.000000	-10.755200	-34.511600	73.316299	-23.783300	-10.478000	-4.188650	-0.000000	-0.000000	0.000000	-0.356994	-0.653276	-0.004071	-0.000000	0.000000	0.000000
0.976642	0.693769	5.392690	-5.163460	11.341600	1.018080	6.621610	-21.499100	0.571576	-0.000000	-0.000000	0.000000	-2.049930	13.007300	0.461566	5.630220	-15.330200	0.961681	-0.000000	0.000000	-0.000000	0.000000	-0.000000	0.000060	0.000000	0.000000	0.000000	10.156200	-2.333310	17.728901	-14.347100	-0.940103	4.897050	0.000000	-0.000000	0.000000	0.000000	0.000000	0.000000	-11.657100	-32.846802	71.428596	-19.491699	-11.741200	-3.589260	0.000002	0.000000	-0.000000	-0.365985	-0.820882	-0.005243	0.000000	0.000000	-0.000000
1.148481	0.607313	5.203272	-5.489170	11.521300	1.099590	6.793260	-21.677799	0.522790	0.000000	-0.000000	-0.000000	-2.860180	13.187700	0.653036	6.736110	-15.365800	1.048600	-0.000000	0.000000	-0.000000	0.000000	0.000000	0.000010	0.000000	0.000000	0.000000	11.012600	-2.293930	16.803600	-15.669000	0.224478	5.296550	-0.000000	-0.000000	-0.000000	0.000000	0.000000	0.000000	-11.860600	-33.132999	71.268501	-19.168400	-12.126100	-3.646000	0.000000	0.000000	0.000000	-0.280354	-0.919188	-0.004497	-0.000000	-0.000000	-0.000000
