-0.431320	-1.193670	1.603830	-2.970170	11.807300	0.608288	4.654880	-16.688999	0.502004	-0.000000	0.000000	-0.000000	0.219660	14.219800	-0.053949	2.731460	-16.167999	0.820535	0.000000	-0.000000	-0.000000	0.000000	0.000000	-0.000086	0.000000	0.000000	0.000000	11.191700	3.275450	37.414902	-11.838700	0.441717	4.065480	0.000000	-0.000000	0.000001	0.000000	0.000000	0.000000	-16.880699	-53.696400	70.893097	-103.744003	-12.032200	-150.772003	0.000000	0.000000	-0.000002	0.392690	-1.470920	0.010079	-0.000000	-0.000000	0.000000
-0.409771	-0.751983	1.465690	-2.993010	11.630100	0.603906	4.580050	-16.995300	0.481967	0.000000	-0.000000	0.000000	0.507677	14.551500	-0.127546	1.875810	-17.480900	0.711435	0.000000	0.000000	-0.000000	-0.000000	0.000000	0.000083	0.000000	0.000000	0.000000	11.327600	3.116250	36.707100	-12.777000	0.071946	4.076740	-0.000000	0.000000	0.000000	0.000000	0.000000	0.000000	-15.480800	-53.759102	72.480202	-98.216797	-12.553300	-139.197006	-0.000001	0.000001	0.000001	0.645080	-1.246930	0.014037	0.000000	-0.000000	-0.000000
-0.966545	-0.972923	0.595321	-2.513830	10.872200	0.474459	5.035220	-15.121900	0.669950	-0.000000	0.000000	-0.000000	1.396930	13.997300	-0.337934	1.279660	-16.377199	0.743462	-0.000000	-0.000000	0.000000	0.000002	-0.000000	0.000034	0.000000	0.000000	0.000000	11.626600	3.361740	36.982601	-12.451400	-0.011603	4.093170	-0.000000	0.000000	0.000000	0.000000	0.000000	0.000000	-13.395100	-52.742699	74.779297	-88.841797	-14.279700	-104.746002	-0.000000	-0.000002	0.000000	0.315885	-1.669920	0.009204	-0.000000	-0.000000	0.000000
-1.029390	-0.874617	1.021870	-2.006600	10.873200	0.378675	4.723410	-15.614100	0.741466	0.000000	0.000000	0.000000	0.770664	12.968300	-0.172946	3.405480	-14.398400	1.035260	0.000000	0.000000	0.000000	-0.000003	0.000000	0.000037	0.000000	0.000000	0.000000	11.942100	2.712490	34.301998	-12.975800	-1.088280	4.031570	-0.000000	-0.000000	-0.000001	0.000000	0.000000	0.000000	-11.653800	-51.153702	76.491501	-74.688904	-14.711500	-51.042000	-0.000000	0.000000	-0.000001	0.400898	-1.810050	0.012661	0.000000	0.000000	-0.000000
-0.817425	-1.157920	2.285260	-1.711370	11.370800	0.337515	3.855750	-16.317600	0.612188	0.000000	-0.000000	0.000000	1.136140	14.081700	-0.276451	2.841890	-15.799000	1.075330	0.000000	0.000000	0.000000	-0.000002	0.000000	0.000063	0.000000	0.000000	0.000000	12.065700	1.188980	28.922400	-13.114100	-1.432490	4.245310	0.000000	-0.000000	0.000001	0.000000	0.000000	0.000000	-8.961260	-52.041698	79.559601	-51.018101	-11.702900	-15.411200	-0.000000	-0.000000	0.000000	0.110117	-1.838760	0.003532	0.000000	-0.000000	-0.000001
-0.253616	-1.258170	3.908320	-2.310320	11.416300	0.457542	3.936960	-16.283199	0.469020	0.000000	-0.000000	0.000000	0.574991	14.857200	-0.147428	2.881530	-16.614799	0.983920	0.000000	-0.000000	0.000000	0.000002	-0.000000	0.000033	0.000000	0.000000	0.000000	11.227100	-0.326565	24.662701	-12.732900	-0.998811	4.528320	-0.000000	0.000000	-0.000002	0.000000	0.000000	0.000000	-9.831310	-44.549301	77.233803	-40.015499	-12.137000	-10.529300	0.000000	0.000000	0.000000	0.182125	-1.425350	0.004530	0.000000	-0.000000	-0.000001
0.051052	-1.565270	4.267590	-3.299590	12.207600	0.698458	4.444310	-17.491699	0.366554	-0.000000	-0.000000	-0.000000	-0.355339	15.782200	0.096656	3.205060	-17.739799	0.873028	-0.000000	0.000000	0.000000	0.000000	0.000000	-0.000012	0.000000	0.000000	0.000000	10.919400	-0.334397	25.036900	-13.105500	-1.609120	4.325040	0.000000	0.000000	-0.000001	0.000000	0.000000	0.000000	-10.039800	-39.383499	75.849602	-28.725201	-11.782300	-6.395550	-0.000001	0.000000	0.000001	0.101461	-1.292400	0.002287	-0.000000	-0.000000	-0.000000
-0.491737	-1.765550	4.360189	-2.397270	12.546300	0.521054	4.048730	-17.756300	0.521239	0.000000	0.000000	0.000000	0.829472	16.831900	-0.240189	2.345700	-18.957500	1.020860	0.000000	-0.000000	0.000000	0.000000	0.000000	0.000025	0.000000	0.000000	0.000000	11.765300	-0.096423	24.441500	-13.620300	-1.506210	4.376440	-0.000000	0.000000	0.000000	0.000000	0.000000	0.000000	-8.367530	-35.614101	77.286400	-20.747200	-9.974550	-3.583170	0.000001	-0.000000	0.000000	0.063284	-1.138790	0.001257	-0.000000	-0.000000	-0.000000
-0.735439	-1.687220	4.432432	-1.806190	12.370400	0.387073	3.337930	-17.278999	0.467517	-0.000000	0.000000	-0.000000	1.342500	16.306601	-0.376994	1.776730	-18.045799	0.950339	0.000000	0.000000	0.000000	0.000002	-0.000000	-0.000026	0.000000	0.000000	0.000000	12.379600	-0.257435	22.912901	-13.638500	-0.875548	4.632300	0.000000	-0.000000	0.000002	0.000000	0.000000	0.000000	-8.468930	-32.953701	76.444603	-15.341300	-11.520300	-2.912330	-0.000001	-0.000000	-0.000000	0.300475	-1.155740	0.006059	-0.000000	-0.000000	-0.000001
-1.257760	-2.048750	3.515500	-0.515888	12.589400	0.112458	2.456690	-16.648100	0.559764	-0.000000	0.000000	-0.000000	2.482940	16.076500	-0.687960	1.037420	-17.057800	1.005230	-0.000000	0.000000	-0.000000	0.000000	0.000000	-0.000051	0.000000	0.000000	0.000000	13.290600	1.225380	26.604500	-13.271000	0.103326	4.668740	-0.000000	-0.000000	-0.000000	0.000000	0.000000	0.000000	-6.272930	-31.854700	79.739998	-15.111700	-10.021000	-2.522480	0.000001	-0.000000	-0.000000	0.126069	-1.170910	0.002574	0.000000	0.000000	0.000000
-0.668188	-1.658920	3.448111	-0.828725	13.487300	0.193307	2.070100	-19.499300	0.422043	0.000000	-0.000000	0.000000	1.489870	15.295100	-0.393084	2.207880	-16.246700	1.021020	-0.000000	0.000000	-0.000000	0.000000	0.000000	0.000054	0.000000	0.000000	0.000000	12.784500	1.110590	27.107100	-12.195600	0.621178	4.737710	0.000000	-0.000000	0.000000	0.000000	0.000000	0.000000	-6.902240	-32.086399	78.808701	-18.063999	-10.567400	-3.214150	0.000000	-0.000000	-0.000000	0.218296	-1.204640	0.004588	-0.000000	-0.000000	-0.000000
-0.756123	-1.568940	3.031310	-1.308390	12.590000	0.285252	3.062080	-17.763300	0.544772	0.000000	0.000000	0.000000	1.791920	14.903400	-0.460993	1.340590	-15.640100	0.828971	-0.000000	0.000000	-0.000000	-0.000000	-0.000000	-0.000087	0.000000	0.000000	0.000000	13.106700	1.414990	27.644600	-11.488900	1.511330	4.890310	0.000000	0.000000	0.000000	0.000000	0.000000	0.000000	-6.001690	-33.921902	80.671501	-24.062000	-9.877360	-4.300840	0.000001	0.000000	0.000000	0.085629	-1.277910	0.001909	0.000000	0.000000	-0.000000
-0.426783	-1.215010	2.869730	-1.427970	11.757700	0.291046	3.072150	-17.122101	0.493001	-0.000000	0.000000	0.000000	1.743440	14.133700	-0.425836	1.153310	-15.184800	0.745486	-0.000000	-0.000000	-0.000000	-0.000000	-0.000000	0.000048	0.000000	0.000000	0.000000	12.623500	1.163920	27.728701	-11.008900	1.630260	4.905830	-0.000000	0.000000	0.000001	0.000000	0.000000	0.000000	-6.342170	-36.991901	80.741600	-33.877701	-10.757500	-7.287480	-0.000000	-0.000000	-0.000000	-0.099175	-1.018980	-0.001764	-0.000000	-0.000000	-0.000001
0.404032	-0.791961	3.884501	-3.076340	10.533400	0.562912	3.418460	-16.019699	0.108727	0.000000	-0.000000	-0.000000	-0.310417	13.656900	0.073301	2.645290	-15.595100	0.630380	0.000000	-0.000000	0.000000	-0.000000	0.000000	0.000038	0.000000	0.000000	0.000000	11.353100	0.470951	27.429800	-10.921600	1.249710	4.793460	-0.000000	-0.000000	-0.000001	0.000000	0.000000	0.000000	-10.461700	-42.726200	76.081596	-40.249802	-13.397400	-11.587400	-0.000001	0.000000	0.000001	0.107550	-1.531410	0.002873	0.000000	-0.000000	0.000001
1.777080	-0.624840	4.807790	-6.329100	10.769300	1.187290	4.972580	-16.929899	-0.362487	-0.000000	0.000000	-0.000000	-3.231620	14.153100	0.790965	3.320780	-17.309500	0.055740	-0.000000	-0.000000	-0.000000	-0.000000	0.000000	-0.000005	0.000000	0.000000	0.000000	9.914420	-0.694799	25.417999	-13.342000	2.367560	5.227470	-0.000000	-0.000000	0.000000	0.000000	0.000000	0.000000	-16.786699	-45.901501	68.860100	-52.807499	-17.552401	-23.182301	-0.000000	0.000000	-0.000001	-0.298844	-1.033610	-0.005392	-0.000000	-0.000000	-0.000001
2.286080	-0.438531	4.181940	-7.992370	9.756070	1.362940	6.504940	-15.783000	-0.373000	0.000000	0.000000	0.000000	-5.037680	13.642700	1.191120	4.993520	-16.817900	0.028445	0.000000	0.000000	0.000000	0.000002	-0.000000	-0.000058	0.000000	0.000000	0.000000	10.503700	-0.618529	24.769100	-16.524000	1.853790	5.365240	0.000000	-0.000000	0.000000	0.000000	0.000000	0.000000	-18.955400	-47.779301	66.889603	-67.927299	-19.084200	-43.482101	0.000000	-0.000000	-0.000001	0.003192	-1.013380	0.000057	0.000000	-0.000000	-0.000000
1.790490	-0.659571	4.252970	-7.986380	9.168560	1.280640	6.958050	-13.479000	-0.215778	0.000000	0.000000	-0.000000	-5.072300	13.347200	1.173860	5.593180	-15.968300	0.181084	0.000000	0.000000	0.000000	0.000002	-0.000000	-0.000084	0.000000	0.000000	0.000000	10.855400	-0.554515	24.350401	-17.283899	1.277670	5.252640	0.000000	0.000000	-0.000001	0.000000	0.000000	0.000000	-22.031200	-50.479401	64.110901	-80.863503	-17.900200	-74.022400	-0.000000	-0.000001	-0.000000	0.060206	-0.794001	0.000834	-0.000000	-0.000000	0.000000
1.636550	-0.667712	4.586560	-7.161310	10.399100	1.299190	6.111390	-16.077101	-0.258040	0.000000	-0.000000	0.000000	-4.357570	13.656000	1.030670	5.197410	-15.799800	0.262289	0.000000	-0.000000	-0.000000	0.000000	0.000000	-0.000041	0.000000	0.000000	0.000000	11.537600	-0.702023	22.585699	-18.518299	0.609576	5.192940	0.000000	0.000000	-0.000000	0.000000	0.000000	0.000000	-23.797600	-52.995098	62.771099	-89.598602	-15.258300	-107.222000	0.000000	0.000000	-0.000000	0.404364	-0.909240	0.006416	0.000000	0.000000	0.000000
1.181710	-1.343900	4.962581	-6.311540	11.228200	1.233780	5.902340	-16.415701	-0.081375	0.000000	-0.000000	0.000000	-3.309610	15.484700	0.884521	4.586620	-17.723400	0.425427	0.000000	-0.000000	0.000000	0.000002	-0.000000	-0.000018	0.000000	0.000000	0.000000	12.160000	-0.545325	22.100800	-18.592501	0.805128	5.261220	0.000000	0.000000	-0.000001	0.000000	0.000000	0.000000	-25.423100	-53.556599	61.130001	-96.704498	-13.903600	-133.167999	0.000000	0.000000	-0.000001	0.529290	-0.969209	0.008953	0.000000	0.000000	0.000000
1.165370	-1.827380	4.643780	-5.775250	12.406500	1.244810	5.543850	-17.205299	-0.028429	0.000000	-0.000000	0.000000	-3.095710	16.008600	0.854512	4.714710	-16.976801	0.507945	0.000000	-0.000000	0.000000	-0.000002	0.000000	0.000071	0.000000	0.000000	0.000000	12.069800	-0.138136	23.729900	-17.515100	1.477660	5.329630	0.000000	0.000001	-0.000002	0.000000	0.000000	0.000000	-24.589300	-53.103100	61.953800	-102.355003	-13.037400	-146.929001	0.000000	-0.000001	0.000001	0.427212	-1.025210	0.007643	-0.000000	0.000000	-0.000000
0.487655	-1.141800	4.606480	-4.919050	10.882600	0.930915	5.674260	-16.237301	0.235970	-0.000000	0.000000	0.000000	-2.283930	14.754900	0.581979	4.944630	-16.828899	0.792670	-0.000000	-0.000000	-0.000000	0.000002	-0.000000	0.000032	0.000000	0.000000	0.000000	12.751300	-0.298445	22.238701	-17.561399	0.940572	5.279520	-0.000000	-0.000000	-0.000001	0.000000	0.000000	0.000000	-24.379000	-53.143200	62.204800	-104.167000	-11.534500	-152.981003	0.000001	-0.000001	-0.000003	0.568355	-1.123730	0.011146	-0.000000	-0.000000	-0.000000
0.171519	-1.062020	4.142870	-4.268030	10.354900	0.768545	5.139880	-15.539000	0.252230	0.000000	-0.000000	0.000000	-1.439260	14.496000	0.360346	4.002130	-16.814301	0.755087	-0.000000	0.000000	0.000000	-0.000000	-0.000000	0.000086	0.000000	0.000000	0.000000	12.668600	0.231614	24.277700	-16.543800	1.393600	5.262500	-0.000000	-0.000000	0.000001	0.000000	0.000000	0.000000	-23.151899	-52.702801	63.480900	-102.497002	-11.689800	-150.136993	-0.000001	0.000001	-0.000000	0.661112	-1.000790	0.011547	0.000000	-0.000000	0.000000
-0.215699	-0.885295	3.990660	-4.186710	10.764600	0.783322	5.845590	-17.233601	0.513468	-0.000000	0.000000	-0.000000	-0.960029	14.418700	0.239085	3.807600	-16.736200	0.829340	0.000000	-0.000000	-0.000000	-0.000002	0.000000	0.000050	0.000000	0.000000	0.000000	12.837200	0.138578	23.761900	-16.517401	1.623800	5.376680	-0.000000	0.000000	0.000001	0.000000	0.000000	0.000000	-21.410400	-50.892300	64.972000	-100.554001	-12.350300	-144.959000	0.000001	-0.000001	-0.000001	0.709050	-1.074030	0.013290	0.000000	0.000000	0.000000
-0.264876	-1.106170	3.633470	-3.316940	10.752600	0.619510	4.628700	-16.339100	0.385484	-0.000000	0.000000	-0.000000	-0.570782	14.690600	0.144765	3.563610	-17.571699	0.909913	-0.000000	0.000000	-0.000000	0.000002	-0.000000	0.000003	0.000000	0.000000	0.000000	13.180300	0.337112	23.982401	-15.914700	2.098220	5.482290	0.000000	-0.000000	-0.000002	0.000000	0.000000	0.000000	-18.773500	-49.989498	67.757896	-91.438103	-13.851700	-115.481003	-0.000000	0.000000	-0.000000	0.596225	-0.799568	0.008320	0.000000	0.000000	0.000000
0.375271	-0.835706	4.148670	-4.354630	10.722600	0.811710	5.344930	-17.386400	0.318703	0.000000	0.000000	0.000000	-1.987210	13.246200	0.455521	5.300880	-14.910300	0.867161	0.000000	-0.000000	0.000000	-0.000002	0.000000	-0.000017	0.000000	0.000000	0.000000	12.767500	-0.174457	22.773001	-16.915701	1.738360	5.491510	0.000000	-0.000000	0.000001	0.000000	0.000000	0.000000	-18.306101	-49.400700	68.072601	-74.192299	-15.759200	-51.190498	-0.000001	-0.000001	0.000000	-0.045598	-1.093360	-0.000871	-0.000000	0.000000	0.000001
0.835648	-0.885085	4.944302	-4.992450	11.018800	0.956548	5.479920	-18.286800	0.181903	-0.000000	0.000000	-0.000000	-1.860330	14.072500	0.452493	4.127680	-16.682600	0.667250	-0.000000	0.000000	-0.000000	0.000000	0.000000	-0.000044	0.000000	0.000000	0.000000	12.692100	-0.808122	20.510300	-18.153999	1.185590	5.489240	-0.000000	-0.000000	0.000001	0.000000	0.000000	0.000000	-15.305200	-46.294601	70.728699	-53.445702	-14.958700	-20.556801	-0.000001	-0.000000	-0.000002	-0.214804	-1.321410	-0.004954	0.000000	-0.000000	-0.000000
0.156061	-1.205040	4.886370	-4.227100	11.301800	0.829869	5.196960	-17.487400	0.316135	0.000000	-0.000001	0.000001	-1.042190	15.215100	0.273556	3.705420	-17.958300	0.832950	-0.000000	0.000000	-0.000001	-0.000000	0.000000	0.000002	0.000000	0.000000	0.000000	13.642600	-0.302130	21.014099	-18.436501	0.558501	5.262740	-0.000000	-0.000000	0.000001	0.000000	0.000000	0.000000	-11.297700	-39.731602	74.160103	-39.792000	-12.714600	-10.603800	-0.000000	0.000000	0.000000	-0.482314	-1.249500	-0.010518	0.000000	0.000000	-0.000000
0.057061	-0.996909	5.374562	-3.182800	10.379900	0.574039	3.890940	-15.767900	0.206600	0.000000	0.000000	0.000000	-0.051381	15.420500	0.013673	2.578980	-19.322800	0.837442	-0.000000	-0.000000	0.000000	0.000002	-0.000000	-0.000073	0.000000	0.000000	0.000000	13.186300	-0.823844	19.756800	-17.713600	-0.258322	5.032770	0.000000	-0.000000	0.000000	0.000000	0.000000	0.000000	-10.466800	-34.735298	73.841003	-27.059299	-13.250500	-6.567840	0.000001	0.000000	-0.000000	-0.359124	-0.842724	-0.005283	-0.000000	-0.000000	0.000000
-0.531038	-1.229960	5.407020	-2.000860	11.241900	0.390232	3.398990	-17.380899	0.429196	0.000000	0.000000	0.000000	0.766801	14.984700	-0.198264	2.572250	-17.495899	0.996999	0.000000	-0.000000	0.000000	-0.000002	0.000000	-0.000070	0.000000	0.000000	0.000000	13.943700	-0.325112	20.491100	-16.778400	-0.399391	4.918660	-0.000000	-0.000000	0.000000	0.000000	0.000000	0.000000	-8.012150	-30.465700	76.261101	-19.880699	-11.356200	-3.856380	-0.000002	-0.000000	0.000000	0.075729	-0.533515	0.000704	0.000000	-0.000000	0.000000
-1.402750	-1.058660	4.171392	-0.427979	10.770700	0.079991	2.872090	-16.466499	0.695309	0.000000	-0.000000	0.000000	2.100300	14.024700	-0.509190	2.528250	-16.242201	1.279560	-0.000000	-0.000000	0.000000	-0.000002	0.000000	0.000035	0.000000	0.000000	0.000000	15.370400	1.237870	23.700800	-17.441799	-0.925544	4.634950	-0.000000	0.000000	0.000000	0.000000	0.000000	0.000000	-6.415880	-28.092400	78.446999	-18.926300	-11.936300	-3.845940	0.000002	-0.000000	-0.000000	0.144868	-0.636288	0.001609	0.000000	0.000000	-0.000000
-0.990913	-1.158340	3.683290	-0.181183	10.879000	0.034206	1.795950	-15.962700	0.445070	-0.000000	0.000000	-0.000000	2.199390	14.154500	-0.538068	1.669410	-16.689800	1.093350	-0.000000	0.000000	-0.000000	-0.000002	0.000000	-0.000030	0.000000	0.000000	0.000000	15.497300	1.918080	25.507601	-17.417700	0.185836	4.884830	0.000000	0.000000	0.000001	0.000000	0.000000	0.000000	-5.139950	-28.037201	80.728104	-20.644600	-9.714970	-3.459610	-0.000000	0.000000	0.000000	0.236265	-0.504093	0.002079	0.000000	0.000000	0.000001
-0.502014	-1.317680	3.565840	-0.654209	11.180100	0.126862	1.541690	-16.487400	0.255401	0.000000	0.000000	-0.000000	2.449100	15.292500	-0.646299	-0.041079	-18.370300	0.731908	-0.000000	0.000000	-0.000000	0.000000	0.000000	-0.000050	0.000000	0.000000	0.000000	15.121600	1.768850	25.613001	-17.172199	1.130060	5.163410	0.000000	0.000000	-0.000000	0.000000	0.000000	0.000000	-6.596560	-29.868999	78.738998	-23.256100	-11.885800	-4.880670	0.000002	-0.000000	-0.000000	0.091994	-0.761715	0.001222	-0.000000	-0.000000	-0.000001
-0.181329	-1.424590	3.443130	-1.418300	11.548800	0.284013	2.348010	-17.162500	0.282827	-0.000000	0.000000	0.000000	1.460690	14.327800	-0.361537	1.117040	-15.859800	0.692443	0.000000	0.000000	-0.000000	-0.000000	0.000000	-0.000002	0.000000	0.000000	0.000000	14.748900	1.812030	26.263800	-17.034901	1.525820	5.235870	0.000000	0.000000	-0.000001	0.000000	0.000000	0.000000	-7.092200	-31.992500	78.498596	-30.602301	-12.237600	-7.074600	0.000001	0.000000	-0.000000	0.030842	-0.699857	0.000376	-0.000000	0.000000	-0.000000
0.166250	-1.198550	3.528980	-2.189540	11.718900	0.444936	3.128000	-18.026300	0.304555	-0.000000	0.000001	-0.000000	0.529238	14.852400	-0.135653	2.193660	-17.473801	0.812831	-0.000000	0.000000	0.000000	-0.000000	0.000000	-0.000033	0.000000	0.000000	0.000000	14.674000	1.348760	25.031601	-16.649500	2.000380	5.437260	0.000000	0.000000	-0.000000	0.000000	0.000000	0.000000	-7.705620	-37.440498	78.782700	-37.512699	-11.400000	-8.803560	0.000000	-0.000000	0.000000	-0.124348	-0.977676	-0.002123	-0.000000	-0.000000	-0.000000
0.722269	-0.723949	3.740360	-3.355990	10.568500	0.616210	3.580900	-16.957899	0.082213	-0.000000	0.000000	-0.000000	-0.555256	14.098500	0.135266	2.165160	-17.323601	0.484470	0.000000	-0.000000	-0.000000	-0.000000	-0.000000	0.000056	0.000000	0.000000	0.000000	13.544600	0.435385	23.810200	-16.002800	1.596920	5.363380	0.000000	0.000000	-0.000001	0.000000	0.000000	0.000000	-10.042500	-42.322498	76.568604	-46.389702	-13.417600	-14.415700	-0.000000	0.000000	0.000000	-0.339871	-0.934773	-0.005545	-0.000000	0.000000	-0.000000
0.248230	-0.444210	3.366660	-3.583320	9.512260	0.592932	4.834340	-16.069000	0.359981	-0.000000	0.000000	-0.000000	-0.567938	13.100900	0.128744	3.142650	-16.456301	0.734014	-0.000000	0.000000	0.000000	0.000002	-0.000000	0.000092	0.000000	0.000000	0.000000	12.599000	0.053061	24.041100	-14.860700	-0.316747	4.816060	-0.000000	0.000000	-0.000001	0.000000	0.000000	0.000000	-11.762700	-46.242599	75.230301	-61.634602	-14.153800	-26.817499	-0.000000	-0.000001	-0.000000	0.023678	-0.917428	0.000378	-0.000000	0.000000	-0.000000
0.096077	-0.778914	2.905800	-3.292360	9.703910	0.555549	4.585370	-15.608100	0.360630	0.000000	-0.000000	-0.000000	-0.501273	13.943200	0.120798	3.540620	-17.640400	0.926311	-0.000000	0.000000	-0.000000	0.000000	-0.000000	-0.000017	0.000000	0.000000	0.000000	12.058500	0.462669	26.412901	-14.669800	-0.794040	4.554210	-0.000000	-0.000000	-0.000000	0.000000	0.000000	0.000000	-12.852900	-49.145000	74.520798	-74.969704	-14.749300	-51.626701	-0.000002	-0.000001	-0.000001	0.397189	-0.596449	0.004134	-0.000000	0.000000	-0.000000
-0.202152	-0.948089	2.582210	-3.403330	9.498560	0.562276	5.309450	-14.527000	0.490009	0.000000	0.000000	0.000000	0.076132	13.611500	-0.017907	2.872990	-16.249800	0.825302	-0.000000	0.000000	-0.000000	-0.000002	0.000000	0.000084	0.000000	0.000000	0.000000	12.562600	1.308140	28.411301	-16.035000	-1.834670	4.144330	-0.000000	0.000000	0.000000	0.000000	0.000000	0.000000	-14.128500	-51.632099	73.523201	-86.394897	-14.001600	-94.145699	0.000000	0.000001	-0.000000	0.488704	-0.812713	0.006931	0.000000	0.000000	0.000000
-0.610845	-0.628036	3.453800	-1.655660	10.271800	0.295322	3.183210	-16.446400	0.440079	-0.000000	0.000000	0.000000	1.136950	13.298500	-0.261547	2.293670	-16.375799	0.959643	-0.000000	-0.000000	0.000000	-0.000003	0.000000	-0.000035	0.000000	0.000000	0.000000	12.286600	0.684337	26.676001	-15.962500	-3.244350	3.812380	-0.000000	0.000000	-0.000001	0.000000	0.000000	0.000000	-16.329300	-54.204800	71.386497	-95.258400	-10.857600	-135.742004	0.000000	-0.000000	-0.000000	0.485068	-0.872863	0.007389	-0.000000	-0.000000	-0.000000
-1.231580	-0.557141	4.060547	-0.606311	10.193800	0.107317	2.483890	-16.863600	0.547619	0.000000	-0.000000	-0.000000	2.021730	13.179900	-0.461144	1.973930	-16.569099	1.125870	0.000000	-0.000000	-0.000000	-0.000000	-0.000000	0.000014	0.000000	0.000000	0.000000	12.641100	0.455085	25.211700	-15.446900	-3.397460	3.855440	0.000000	-0.000000	0.000002	0.000000	0.000000	0.000000	-17.156000	-54.228600	70.413300	-100.809998	-8.775400	-154.138000	-0.000001	0.000001	0.000001	0.603061	-0.799878	0.008418	0.000000	0.000000	0.000000
-1.635790	-0.563220	4.365972	0.214838	9.791460	-0.036526	2.265570	-16.275400	0.694653	0.000000	-0.000000	0.000000	2.574130	12.874300	-0.573903	2.584670	-15.802700	1.390610	-0.000000	0.000000	0.000000	-0.000003	0.000000	0.000032	0.000000	0.000000	0.000000	13.153900	0.778223	25.417999	-15.437400	-3.062900	3.920590	0.000000	0.000000	0.000001	0.000000	0.000000	0.000000	-17.136600	-53.456600	70.265701	-104.342003	-8.141080	-160.328995	0.000001	-0.000000	0.000000	0.509678	-0.839362	0.007466	-0.000000	-0.000000	0.000000
-1.528240	-0.993707	3.754470	0.040503	9.864280	-0.006929	2.384540	-15.070700	0.630715	0.000000	-0.000000	0.000000	2.629200	13.369300	-0.608328	1.990030	-15.771900	1.238560	-0.000000	-0.000000	-0.000000	0.000002	-0.000000	-0.000086	0.000000	0.000000	0.000000	12.958700	2.129850	30.027201	-14.730500	-2.225990	3.874280	0.000000	-0.000000	0.000000	0.000000	0.000000	0.000000	-15.470700	-50.697399	71.691002	-105.646004	-9.210490	-159.046997	-0.000001	-0.000000	-0.000000	0.656338	-1.023210	0.011720	-0.000000	-0.000000	-0.000000
-1.268270	-0.838685	3.652650	-0.513243	9.974100	0.088908	2.949230	-15.985700	0.673363	-0.000000	0.000000	-0.000000	2.616060	13.233100	-0.599233	1.276240	-15.859400	1.046100	0.000000	0.000000	0.000000	-0.000000	-0.000000	0.000044	0.000000	0.000000	0.000000	12.871800	2.505740	31.328199	-14.582500	-1.829480	3.895680	-0.000000	-0.000000	-0.000000	0.000000	0.000000	0.000000	-14.843900	-51.291000	72.528198	-101.920998	-9.938640	-152.375000	-0.000000	-0.000000	0.000001	0.478686	-0.870537	0.007273	0.000000	0.000000	-0.000001
-0.732238	-0.935658	3.320390	-1.096150	9.479320	0.180555	2.953870	-14.687900	0.474974	-0.000000	-0.000000	-0.000000	1.600860	13.387600	-0.370739	2.276570	-15.706100	1.039280	-0.000000	0.000000	0.000000	-0.000000	-0.000000	0.000081	0.000000	0.000000	0.000000	12.489100	3.096130	33.820702	-14.463800	-0.520320	4.063160	-0.000000	-0.000000	0.000000	0.000000	0.000000	0.000000	-13.290100	-50.286598	74.170197	-95.434303	-11.572700	-133.485992	-0.000000	0.000001	-0.000001	0.438022	-0.755315	0.005774	0.000000	-0.000000	0.000000
-0.519413	-1.817520	3.676511	-1.650890	11.433800	0.327362	3.214080	-16.228399	0.446111	0.000000	-0.000000	0.000000	0.970009	14.886800	-0.249214	2.792110	-16.206200	1.042240	0.000000	0.000000	0.000000	0.000002	0.000000	-0.000069	0.000000	0.000000	0.000000	12.364600	3.335900	34.608898	-14.285400	0.109281	4.119670	0.000000	-0.000000	0.000001	0.000000	0.000000	0.000000	-13.029100	-47.815300	73.977402	-83.709801	-14.242400	-81.707497	0.000000	-0.000001	-0.000000	-0.025532	-1.203060	-0.000537	0.000000	0.000000	-0.000001
-0.496780	-1.955580	4.222250	-1.513690	11.025100	0.289553	2.813950	-14.933200	0.342312	-0.000000	-0.000000	0.000000	1.058110	14.939200	-0.272789	2.650210	-16.265600	1.029930	-0.000000	0.000000	0.000000	0.000002	0.000000	0.000063	0.000000	0.000000	0.000000	12.354000	2.568640	32.275501	-13.615400	0.387878	4.314340	-0.000000	0.000000	-0.000001	0.000000	0.000000	0.000000	-10.119800	-48.273300	77.459602	-60.993698	-10.976400	-21.250099	-0.000001	-0.000000	-0.000000	-0.204782	-1.382030	-0.004940	-0.000000	0.000000	-0.000000
-0.325170	-2.112112	5.028320	-1.608590	11.978200	0.333939	3.114420	-16.895399	0.447902	0.000000	0.000000	0.000000	1.610950	16.069000	-0.445997	1.608490	-18.170099	0.985202	-0.000000	0.000000	-0.000000	0.000002	-0.000000	-0.000002	0.000000	0.000000	0.000000	12.222300	1.800370	29.972799	-13.738300	0.085732	4.359280	-0.000000	-0.000000	-0.000000	0.000000	0.000000	0.000000	-8.837520	-42.392399	77.972702	-48.864498	-10.958200	-13.154700	-0.000000	-0.000000	-0.000001	-0.046526	-1.426890	-0.001160	0.000000	-0.000000	0.000000
-0.083020	-1.452590	6.057570	-1.939770	11.555400	0.388718	3.011640	-17.286200	0.330212	0.000000	0.000000	0.000000	0.812229	15.905900	-0.222600	2.403480	-18.259001	0.998692	0.000000	0.000000	0.000000	0.000000	0.000000	0.000031	0.000000	0.000000	0.000000	11.870000	0.431733	25.882900	-13.814400	-0.447421	4.467790	-0.000000	-0.000000	-0.000001	0.000000	0.000000	0.000000	-8.313390	-36.203300	77.245598	-38.827202	-10.452100	-8.556960	0.000000	-0.000000	-0.000000	0.227458	-1.167340	0.004634	-0.000000	0.000000	0.000000
-0.250997	-1.183980	6.332941	-2.620330	9.869730	0.449459	3.949000	-15.382100	0.362785	-0.000000	0.000000	-0.000000	0.273550	14.403900	-0.068037	3.156150	-16.436800	0.969078	-0.000000	-0.000000	-0.000000	0.000000	0.000000	0.000051	0.000000	0.000000	0.000000	12.066400	0.422518	25.471399	-14.139700	-0.940040	4.360700	-0.000000	-0.000000	0.000002	0.000000	0.000000	0.000000	-8.543340	-32.578701	75.901604	-27.682501	-11.794200	-6.115970	-0.000000	0.000000	0.000000	0.084168	-0.918958	0.001349	-0.000000	-0.000000	-0.000000
-0.251382	-0.518908	6.535740	-2.387290	9.730670	0.403726	3.307080	-16.260201	0.267176	-0.000000	-0.000000	-0.000000	0.458062	13.884500	-0.109911	2.616490	-16.871700	0.889206	-0.000000	0.000000	-0.000000	0.000000	0.000000	-0.000064	0.000000	0.000000	0.000000	11.725000	0.318475	25.669701	-14.844800	-2.401160	3.957840	-0.000000	-0.000000	-0.000002	0.000000	0.000000	0.000000	-8.436100	-30.431900	75.354301	-19.956800	-10.747900	-3.660390	0.000002	0.000000	-0.000000	-0.355432	-1.242290	-0.007707	-0.000000	-0.000000	0.000000
0.836838	-0.780886	6.684700	-3.861810	11.819500	0.792163	3.793460	-20.497999	0.004770	-0.000000	0.000000	0.000000	-0.747167	14.860300	0.191637	2.207550	-18.200300	0.464028	0.000000	-0.000000	0.000000	-0.000000	-0.000000	-0.000040	0.000000	0.000000	0.000000	10.936200	0.714134	28.400200	-15.699900	-1.265540	4.039480	0.000000	0.000000	-0.000000	0.000000	0.000000	0.000000	-9.076330	-29.279900	73.874802	-14.234600	-10.234000	-2.192710	0.000001	0.000000	0.000001	-0.539155	-1.249820	-0.011761	-0.000000	0.000000	-0.000000
0.605623	-1.196190	5.887750	-4.096250	11.034500	0.785321	4.388910	-17.742599	0.112293	0.000000	0.000000	-0.000000	-1.349930	15.366200	0.357786	3.683790	-17.976801	0.735574	-0.000000	-0.000000	-0.000000	-0.000002	0.000000	-0.000003	0.000000	0.000000	0.000000	11.430000	2.018060	31.972500	-15.366200	-0.350949	4.065010	-0.000000	-0.000000	-0.000001	0.000000	0.000000	0.000000	-10.420600	-27.301600	70.994904	-16.676300	-14.923200	-3.904160	0.000001	0.000000	-0.000000	-0.677582	-1.342450	-0.015876	0.000000	-0.000000	0.000000
0.805851	-1.341880	5.709249	-3.733600	11.863100	0.768579	3.113600	-18.114401	-0.167951	-0.000000	-0.000001	-0.000000	-1.038270	15.854600	0.283689	2.776300	-18.718901	0.570608	0.000000	-0.000000	0.000000	0.000000	-0.000000	0.000022	0.000000	0.000000	0.000000	10.774700	2.024840	33.392700	-14.246300	0.452647	4.152260	0.000000	0.000000	0.000000	0.000000	0.000000	0.000000	-11.251400	-28.369101	70.159203	-18.660200	-15.348000	-4.589630	-0.000000	0.000000	0.000000	-0.803435	-1.384160	-0.019409	0.000000	0.000000	-0.000000
0.787463	-1.753900	5.477829	-4.336470	12.388700	0.932065	3.988890	-18.787701	-0.079369	0.000000	-0.000000	-0.000000	-1.976780	15.574200	0.530942	4.226040	-17.722000	0.707114	0.000000	-0.000000	0.000000	0.000000	0.000000	0.000040	0.000000	0.000000	0.000000	11.113900	2.433730	33.998100	-14.340600	1.346940	4.341300	-0.000000	-0.000000	0.000000	0.000000	0.000000	0.000000	-11.655400	-29.257799	69.967499	-23.900200	-16.400900	-6.703370	0.000002	0.000000	0.000000	-0.714098	-1.474280	-0.018374	-0.000000	0.000000	-0.000000
0.994128	-0.811314	5.771711	-4.283410	11.046000	0.822167	3.560230	-17.621799	-0.194879	-0.000000	0.000000	-0.000000	-1.077160	15.403700	0.286151	1.915810	-18.849899	0.283474	-0.000000	-0.000000	-0.000000	-0.000000	0.000000	-0.000006	0.000000	0.000000	0.000000	10.668900	1.390850	31.529800	-14.262700	0.723402	4.370650	0.000000	-0.000000	0.000000	0.000000	0.000000	0.000000	-11.844400	-31.667900	70.649696	-31.225401	-15.795000	-9.128080	-0.000000	0.000000	0.000000	-0.653260	-1.100370	-0.012546	-0.000000	0.000000	-0.000000
0.913516	-1.015020	5.486701	-4.628900	10.184600	0.820214	4.123700	-15.864600	-0.118133	0.000000	-0.000000	0.000000	-2.106650	14.884900	0.541387	3.838820	-17.963200	0.556177	-0.000000	0.000000	-0.000000	0.000002	-0.000000	0.000007	0.000000	0.000000	0.000000	10.445100	1.514850	32.497601	-14.032400	0.352156	4.213830	0.000000	-0.000000	-0.000000	0.000000	0.000000	0.000000	-11.378900	-35.798599	72.833397	-38.455399	-14.010000	-10.970200	0.000000	-0.000000	0.000000	-0.667072	-0.995243	-0.011587	0.000000	0.000000	0.000000
1.182020	-1.627740	6.210522	-5.036090	12.120700	1.060060	4.832460	-18.775200	-0.029324	-0.000000	0.000000	-0.000000	-1.889590	15.767100	0.513633	3.030110	-17.900600	0.372459	-0.000000	0.000000	0.000000	-0.000000	-0.000000	0.000031	0.000000	0.000000	0.000000	10.131000	0.216800	28.226700	-12.887900	1.037890	4.608110	-0.000000	-0.000000	-0.000000	0.000000	0.000000	0.000000	-13.203800	-39.929699	71.497101	-43.610100	-13.672200	-13.104600	0.000000	-0.000000	-0.000000	-0.521514	-1.484330	-0.013511	-0.000000	0.000000	0.000000
1.151840	-2.302702	5.817620	-5.700370	12.250800	1.213400	5.986410	-17.130899	0.122608	0.000000	0.000000	0.000000	-2.226170	16.240499	0.622889	3.543370	-16.991400	0.410963	0.000000	0.000000	-0.000000	0.000003	-0.000000	0.000073	0.000000	0.000000	0.000000	9.746820	0.324144	29.488501	-13.122000	0.975469	4.521690	-0.000000	-0.000000	0.000001	0.000000	0.000000	0.000000	-15.511300	-44.227100	69.832100	-52.846100	-15.400600	-20.637800	-0.000000	-0.000000	0.000001	-0.563352	-1.637760	-0.016102	-0.000000	-0.000000	-0.000000
1.298210	-2.507470	5.662670	-5.967340	12.808000	1.327440	5.418160	-17.245199	-0.118646	-0.000000	0.000000	-0.000000	-2.819330	17.670601	0.856427	3.744830	-19.684601	0.356618	-0.000000	0.000000	-0.000000	0.000000	-0.000000	0.000063	0.000000	0.000000	0.000000	10.909500	-0.165995	25.314199	-16.358700	1.748070	5.175900	0.000000	0.000000	0.000000	0.000000	0.000000	0.000000	-19.016701	-46.143600	66.204498	-69.486397	-18.508101	-45.516102	-0.000001	-0.000001	-0.000000	0.040971	-1.603220	0.001145	-0.000000	0.000000	-0.000000
1.007240	-1.788200	4.991952	-5.745440	11.331100	1.132510	5.381210	-15.242600	-0.066227	0.000000	-0.000000	0.000000	-2.834790	16.205000	0.791722	4.170010	-18.531099	0.460263	0.000000	-0.000000	0.000000	0.000000	0.000000	-0.000080	0.000000	0.000000	0.000000	11.798200	0.351312	25.873100	-17.453699	0.661140	4.911700	-0.000000	0.000000	-0.000001	0.000000	0.000000	0.000000	-20.240900	-48.820000	65.618698	-81.107300	-18.183701	-75.038902	-0.000001	-0.000001	-0.000001	0.463554	-0.976594	0.007900	-0.000000	0.000000	0.000000
0.931931	-2.230420	4.991652	-5.418680	10.671700	1.006340	5.105720	-13.015900	-0.049322	-0.000000	0.000000	-0.000000	-2.612650	16.336000	0.735335	4.100960	-18.121700	0.495856	0.000000	-0.000000	0.000000	-0.000002	0.000000	0.000033	0.000000	0.000000	0.000000	11.290500	0.882751	28.604000	-16.129200	0.713549	4.675160	0.000000	0.000000	-0.000001	0.000000	0.000000	0.000000	-20.889799	-48.242199	64.734398	-90.718697	-17.936399	-107.678001	0.000000	-0.000002	0.000000	0.576286	-1.223610	0.012306	-0.000000	-0.000000	-0.000001
0.718802	-1.330250	5.635060	-5.006900	10.125100	0.882384	5.219150	-14.130200	0.070892	0.000000	-0.000000	-0.000000	-1.595360	15.595000	0.429005	2.824370	-18.735399	0.413674	0.000000	-0.000000	-0.000000	0.000002	-0.000000	-0.000054	0.000000	0.000000	0.000000	10.170900	0.403958	29.011499	-13.966100	-0.629927	4.212070	0.000000	0.000000	-0.000000	0.000000	0.000000	0.000000	-21.877100	-47.758999	63.406300	-99.672600	-15.780000	-135.421997	0.000000	-0.000000	0.000001	0.569023	-0.988822	0.009820	0.000000	-0.000000	-0.000000
0.658025	-1.359000	6.283260	-4.955190	9.956770	0.858863	5.170110	-14.341500	0.071757	0.000000	-0.000000	-0.000000	-1.911010	15.205400	0.501404	3.770280	-17.634600	0.583721	0.000000	0.000000	-0.000000	0.000002	-0.000000	0.000034	0.000000	0.000000	0.000000	9.900130	0.605151	30.144300	-13.797000	-0.238284	4.175690	0.000000	0.000000	0.000000	0.000000	0.000000	0.000000	-22.607000	-46.009800	61.967499	-105.138000	-14.762300	-147.201996	0.000000	0.000001	-0.000001	0.655341	-0.812955	0.009298	-0.000000	-0.000000	-0.000000
0.357097	-1.464030	5.982060	-4.791360	9.795940	0.817057	5.843730	-13.511900	0.262268	0.000000	-0.000000	-0.000000	-1.349030	15.326400	0.356644	3.532940	-17.226801	0.661282	0.000000	-0.000000	0.000000	-0.000002	0.000000	-0.000004	0.000000	0.000000	0.000000	10.343800	0.630515	29.379601	-12.985800	0.005541	4.298800	0.000000	0.000000	0.000000	0.000000	0.000000	0.000000	-21.546200	-46.369202	63.330799	-106.589996	-13.590000	-151.388000	-0.000000	-0.000000	-0.000001	0.637766	-0.886603	0.009869	0.000000	0.000000	-0.000000
0.334670	-1.311160	5.059760	-4.502840	10.441100	0.817658	5.234090	-14.849000	0.206552	-0.000000	0.000000	0.000000	-0.776931	15.463200	0.207165	2.353890	-17.675900	0.487464	-0.000000	0.000000	0.000000	-0.000002	0.000000	0.000038	0.000000	0.000000	0.000000	10.374200	0.952071	30.758301	-12.566200	0.177200	4.294230	-0.000000	0.000000	-0.000000	0.000000	0.000000	0.000000	-20.100100	-48.091801	65.589203	-102.820000	-13.531900	-145.889008	0.000001	0.000001	-0.000000	0.638370	-1.229570	0.013699	-0.000000	-0.000000	-0.000000
0.224914	-1.524740	4.157208	-4.337680	10.875600	0.819943	5.065910	-15.345400	0.213377	0.000000	0.000000	-0.000000	-1.130180	15.661600	0.305144	3.037990	-17.993299	0.602497	0.000000	0.000000	0.000000	-0.000002	0.000000	-0.000034	0.000000	0.000000	0.000000	9.977630	1.646530	34.349998	-11.872600	0.533305	4.144100	0.000000	0.000000	-0.000000	0.000000	0.000000	0.000000	-19.139099	-50.216801	67.320801	-95.515701	-15.064800	-126.603996	0.000000	-0.000000	0.000000	0.548933	-1.145080	0.010969	-0.000000	0.000000	0.000000
0.368548	-1.047230	4.690948	-5.005170	10.579900	0.921251	5.869460	-15.834100	0.259113	-0.000000	-0.000000	-0.000000	-1.599680	14.589000	0.403041	3.352980	-16.827101	0.522635	-0.000000	0.000000	0.000000	0.000002	-0.000000	0.000024	0.000000	0.000000	0.000000	10.954800	0.389491	27.644699	-14.111200	1.569910	4.925720	-0.000000	0.000000	-0.000000	0.000000	0.000000	0.000000	-18.730900	-48.478500	67.292603	-89.173203	-16.556400	-103.246002	0.000000	-0.000000	-0.000000	0.302497	-1.227180	0.006477	-0.000000	0.000000	-0.000001
0.872373	-0.877469	4.663790	-5.429400	9.742440	0.921445	5.772310	-14.554400	0.105902	0.000000	0.000000	0.000000	-2.334070	13.502100	0.545251	3.910240	-14.820900	0.419793	-0.000000	0.000000	-0.000000	0.000000	0.000000	-0.000008	0.000000	0.000000	0.000000	11.798300	0.061794	24.966101	-16.168501	1.575220	5.219200	0.000000	0.000000	0.000000	0.000000	0.000000	0.000000	-17.502501	-46.540001	68.220802	-74.894600	-19.326900	-58.294701	0.000000	0.000001	-0.000001	-0.151405	-1.446110	-0.003820	-0.000000	-0.000000	-0.000000
0.967124	-0.790182	5.574980	-5.323820	10.510100	0.973825	5.302760	-16.044600	0.018929	-0.000000	0.000000	-0.000000	-2.124700	14.440100	0.530064	3.317640	-17.223600	0.373165	0.000000	-0.000000	-0.000000	-0.000002	0.000000	0.000014	0.000000	0.000000	0.000000	12.326500	-1.356270	18.851900	-17.717600	1.173900	5.529460	0.000000	0.000000	0.000001	0.000000	0.000000	0.000000	-13.854500	-45.175800	72.124702	-55.251701	-16.491100	-24.259100	-0.000000	0.000000	-0.000001	-0.300350	-1.317530	-0.006907	0.000000	-0.000000	-0.000000
0.680316	-1.076110	6.035773	-4.377930	10.694400	0.813950	4.433470	-15.936500	0.036158	0.000000	-0.000000	0.000000	-1.540520	15.605200	0.414514	3.362630	-18.612000	0.599852	0.000000	0.000000	0.000000	0.000000	-0.000000	-0.000051	0.000000	0.000000	0.000000	12.898800	-1.586510	17.235201	-17.973900	0.749246	5.474810	0.000000	-0.000000	0.000000	0.000000	0.000000	0.000000	-10.280100	-38.712700	75.088203	-46.189999	-13.981800	-14.940200	-0.000000	-0.000001	-0.000000	-0.385243	-0.971728	-0.006535	0.000000	-0.000000	0.000000
0.243364	-1.466090	5.964890	-4.072480	10.313600	0.730313	4.886690	-14.405100	0.218962	0.000000	0.000000	0.000000	-0.386523	15.763700	0.105016	2.390270	-18.004801	0.624068	0.000000	-0.000000	0.000000	0.000000	-0.000000	0.000007	0.000000	0.000000	0.000000	13.297900	-1.185120	18.206400	-17.521400	0.694623	5.378730	-0.000000	-0.000000	-0.000000	0.000000	0.000000	0.000000	-8.602650	-33.947701	76.246902	-33.327801	-13.243500	-8.801340	0.000000	-0.000000	-0.000000	-0.138905	-1.078650	-0.002615	-0.000000	0.000000	0.000001
0.288555	-1.567380	5.529160	-3.430960	10.739900	0.640109	3.810350	-15.078500	0.114341	-0.000000	-0.000000	0.000000	-0.190633	15.768700	0.051815	2.049450	-17.686001	0.567062	-0.000000	-0.000000	-0.000000	-0.000002	0.000000	-0.000067	0.000000	0.000000	0.000000	12.479200	-0.312702	22.365101	-15.882100	0.175142	4.922630	0.000000	0.000000	0.000000	0.000000	0.000000	0.000000	-7.460070	-31.252600	77.331299	-21.968901	-10.725500	-4.192610	-0.000000	-0.000000	-0.000000	-0.196801	-0.814942	-0.002800	0.000000	0.000000	0.000000
-0.571873	-1.753310	4.613440	-1.887450	11.986700	0.392139	3.781610	-17.045900	0.567504	-0.000000	0.000000	-0.000000	1.161380	16.107901	-0.322252	2.427650	-17.904900	1.090630	-0.000000	-0.000000	-0.000000	-0.000002	0.000000	0.000105	0.000000	0.000000	0.000000	13.151300	0.869484	25.514601	-15.597800	-0.267376	4.636300	0.000000	-0.000000	0.000000	0.000000	0.000000	0.000000	-4.994780	-28.710400	80.939102	-16.045500	-7.856700	-2.106550	0.000000	-0.000000	-0.000000	0.044597	-0.902050	0.000700	-0.000000	0.000000	0.000000
-0.704642	-1.999350	3.840590	-1.468490	11.655800	0.296753	3.313630	-15.385400	0.497722	0.000000	-0.000000	-0.000000	2.096410	15.858000	-0.573076	0.982367	-17.110901	0.883082	-0.000000	0.000000	0.000000	0.000002	-0.000000	-0.000043	0.000000	0.000000	0.000000	13.579100	1.975070	28.377199	-15.313700	0.231707	4.611390	0.000000	0.000000	0.000001	0.000000	0.000000	0.000000	-3.937260	-27.071800	82.606903	-16.101700	-6.885320	-1.820190	-0.000000	0.000000	0.000000	-0.055058	-0.864147	-0.000831	-0.000000	-0.000000	-0.000000
-1.154830	-1.766200	3.529190	0.127230	11.785600	-0.025976	2.190650	-15.409300	0.615476	-0.000000	-0.000000	0.000000	3.187980	15.312100	-0.842668	0.623718	-16.109900	1.027550	0.000000	-0.000000	0.000000	-0.000000	-0.000000	0.000043	0.000000	0.000000	0.000000	13.717000	1.843640	27.857100	-14.099300	0.878573	4.805540	0.000000	-0.000000	0.000000	0.000000	0.000000	0.000000	-5.050480	-27.487301	80.791603	-17.254200	-10.157500	-2.959370	-0.000000	-0.000000	-0.000000	0.279623	-0.774331	0.003778	-0.000000	-0.000000	-0.000000
0.380947	-1.650720	2.953491	-2.335610	11.706000	0.474130	2.920250	-15.290200	0.166988	-0.000000	-0.000000	0.000000	0.338709	14.212000	-0.083148	2.039940	-14.778500	0.604423	0.000000	-0.000000	0.000000	0.000000	-0.000000	0.000048	0.000000	0.000000	0.000000	12.252000	1.830130	30.452600	-13.084000	2.432960	4.977640	0.000000	0.000000	0.000000	0.000000	0.000000	0.000000	-7.026360	-28.438299	77.711197	-25.798800	-14.452000	-6.698330	0.000000	-0.000000	0.000000	-0.158306	-0.728436	-0.002013	0.000000	-0.000000	-0.000000
0.345263	-1.058030	2.509600	-3.090150	10.004800	0.537367	3.847980	-13.396300	0.186478	0.000000	0.000000	0.000000	-0.660705	12.948800	0.148065	3.351610	-14.140300	0.661939	0.000000	0.000000	0.000000	-0.000002	0.000000	0.000067	0.000000	0.000000	0.000000	12.038200	1.781870	30.849899	-12.861600	1.854270	4.843560	-0.000000	-0.000000	-0.000000	0.000000	0.000000	0.000000	-6.278180	-30.840401	79.664597	-34.742802	-13.391000	-9.157370	0.000000	0.000000	0.000000	-0.527649	-0.619454	-0.005705	0.000000	-0.000000	-0.000000
-0.262275	-1.571390	2.734560	-1.776950	10.779100	0.332442	2.521840	-13.713300	0.184020	0.000000	-0.000000	0.000000	0.833509	13.770100	-0.198399	1.916960	-14.391800	0.678145	-0.000000	-0.000000	0.000000	-0.000000	-0.000000	0.000002	0.000000	0.000000	0.000000	12.685000	2.116920	30.590401	-13.354800	1.212480	4.712630	0.000000	0.000000	0.000001	0.000000	0.000000	0.000000	-6.588860	-35.631802	80.163696	-41.546101	-13.258000	-11.926000	0.000000	0.000000	-0.000000	-0.330005	-0.888590	-0.005119	-0.000000	-0.000000	0.000000
-0.234943	-1.970060	3.126060	-2.163920	11.990100	0.449752	3.742100	-15.244000	0.427467	-0.000000	-0.000000	0.000000	0.685304	14.707800	-0.173990	2.602030	-14.675800	0.827986	0.000000	-0.000000	0.000000	0.000002	-0.000000	0.000092	0.000000	0.000000	0.000000	12.380400	1.648780	29.566700	-13.623200	0.411777	4.571030	0.000000	-0.000000	-0.000000	0.000000	0.000000	0.000000	-8.468860	-40.805698	78.440697	-50.345200	-14.317100	-17.745501	0.000000	-0.000000	-0.000000	-0.581151	-1.301020	-0.013197	0.000000	0.000000	0.000000
0.229263	-1.549040	3.368560	-3.010100	12.430300	0.648504	3.819850	-17.360500	0.262697	-0.000000	-0.000000	-0.000000	-0.354752	15.250600	0.093326	3.375940	-16.622400	0.868560	-0.000000	0.000000	-0.000000	-0.000000	-0.000000	-0.000048	0.000000	0.000000	0.000000	11.075600	0.890037	29.482700	-14.642100	-0.919579	4.247050	-0.000000	-0.000000	-0.000000	0.000000	0.000000	0.000000	-13.185300	-44.351601	73.079399	-64.098099	-19.228201	-37.753502	-0.000000	-0.000000	0.000000	-0.363480	-1.407030	-0.008927	0.000000	0.000000	0.000000
0.860074	-1.497160	4.088670	-4.401170	12.028400	0.918923	4.712170	-16.982800	0.119111	-0.000000	0.000000	-0.000000	-1.570270	15.010500	0.406795	3.735760	-16.266701	0.621864	-0.000000	0.000000	0.000000	-0.000002	0.000000	0.000086	0.000000	0.000000	0.000000	10.791500	-0.494338	24.678200	-15.418800	-0.322239	4.697960	0.000000	0.000000	-0.000001	0.000000	0.000000	0.000000	-15.422700	-47.082401	70.890800	-77.180298	-18.403400	-63.207901	-0.000000	0.000002	-0.000002	0.005040	-1.113410	0.000098	0.000000	-0.000000	-0.000000
1.268290	-1.906472	4.121091	-5.724810	12.113500	1.205190	5.863980	-16.278900	0.074854	0.000000	-0.000000	-0.000000	-2.461150	15.225200	0.646704	3.704380	-15.999400	0.366549	-0.000000	-0.000000	0.000000	-0.000002	-0.000000	0.000021	0.000000	0.000000	0.000000	11.513500	-0.122184	24.766199	-17.891800	0.256313	4.910500	0.000000	-0.000000	0.000001	0.000000	0.000000	0.000000	-17.197399	-49.995201	69.466301	-85.403702	-17.539400	-89.682899	0.000000	-0.000001	0.000000	-0.000227	-0.977163	-0.000004	-0.000000	0.000000	0.000000
0.438807	-2.112600	3.764700	-4.494140	12.405100	0.967340	4.963160	-16.063299	0.158863	-0.000000	-0.000000	-0.000000	-1.137500	15.953500	0.312696	2.787900	-16.787100	0.489438	-0.000000	-0.000000	-0.000000	-0.000002	0.000000	0.000023	0.000000	0.000000	0.000000	13.084900	0.751938	25.309700	-18.929800	0.427877	4.982270	0.000000	0.000000	-0.000000	0.000000	0.000000	0.000000	-16.397301	-51.283298	70.703201	-92.795303	-14.324500	-119.524002	0.000000	-0.000001	-0.000000	0.266936	-0.958960	0.004467	-0.000000	0.000000	-0.000001
-0.005949	-2.403150	2.969650	-3.588890	11.937000	0.743249	4.863400	-13.816900	0.322982	-0.000000	0.000000	0.000000	0.485720	16.747299	-0.139952	1.309890	-17.567900	0.535905	0.000000	-0.000000	-0.000000	0.000000	0.000000	0.000006	0.000000	0.000000	0.000000	13.889000	1.817170	27.490700	-18.348200	0.968068	5.029670	-0.000000	-0.000000	-0.000000	0.000000	0.000000	0.000000	-13.415600	-50.078300	74.014702	-99.549896	-11.961900	-142.897003	0.000000	-0.000000	0.000002	0.411632	-0.924318	0.006640	-0.000000	0.000000	0.000000
0.026179	-1.836960	2.323190	-3.226100	11.478300	0.642643	4.414470	-13.570600	0.294035	-0.000000	-0.000000	-0.000000	0.371924	15.809000	-0.101314	1.877170	-16.738501	0.643987	0.000000	-0.000000	-0.000000	-0.000002	0.000000	0.000029	0.000000	0.000000	0.000000	14.052000	2.582650	29.595900	-18.336100	1.365870	5.055880	0.000000	0.000000	-0.000000	0.000000	0.000000	0.000000	-13.338800	-49.849800	74.143303	-103.551003	-11.485600	-151.039993	0.000000	0.000000	-0.000001	0.459047	-0.789694	0.006326	0.000000	0.000000	0.000000
-0.618256	-1.675010	2.030810	-2.607120	11.539700	0.521903	4.678100	-14.894100	0.546088	0.000000	-0.000000	-0.000000	0.657729	15.395700	-0.174611	2.821550	-16.861601	1.003460	0.000000	0.000000	-0.000000	0.000000	0.000000	-0.000054	0.000000	0.000000	0.000000	14.518800	3.141300	30.445700	-18.242300	1.306760	4.991140	0.000000	0.000000	0.000000	0.000000	0.000000	0.000000	-12.371600	-48.670502	75.119003	-106.041000	-10.524500	-156.309998	0.000001	-0.000000	0.000000	0.145273	-0.997390	0.002528	-0.000000	0.000000	-0.000000
-0.509455	-2.377601	1.982410	-2.166410	12.294100	0.461511	3.583270	-13.732000	0.348196	-0.000000	-0.000000	0.000000	1.126930	15.905500	-0.308861	1.727750	-16.107800	0.780613	-0.000000	-0.000000	-0.000000	0.000002	-0.000000	-0.000025	0.000000	0.000000	0.000000	14.527900	3.653760	31.745600	-17.503700	2.281460	5.148930	-0.000000	-0.000000	0.000001	0.000000	0.000000	0.000000	-12.395700	-47.701099	74.923698	-104.089996	-11.878200	-150.850998	-0.000000	0.000000	0.000002	0.371339	-1.043010	0.006759	-0.000000	-0.000000	0.000000
-0.542310	-2.546080	1.927800	-2.607680	12.958800	0.585167	4.739610	-14.803100	0.561930	0.000000	0.000000	-0.000000	0.945457	16.389400	-0.266784	2.261150	-15.910300	0.869309	-0.000000	0.000000	-0.000000	-0.000002	0.000000	-0.000032	0.000000	0.000000	0.000000	14.750900	3.550760	31.115900	-17.032700	2.708560	5.293700	-0.000000	-0.000000	0.000000	0.000000	0.000000	0.000000	-10.880600	-47.491501	76.719902	-97.986298	-12.025500	-138.889008	0.000000	-0.000000	-0.000000	0.705114	-0.991809	0.012205	-0.000000	0.000000	0.000000
-0.242100	-1.302380	0.682788	-2.835100	10.882700	0.535694	4.385400	-13.534900	0.374853	-0.000000	0.000000	0.000000	0.179086	13.285800	-0.041147	2.772510	-13.042900	0.665588	-0.000000	0.000000	-0.000000	0.000002	0.000000	-0.000026	0.000000	0.000000	0.000000	14.582300	3.363100	31.217800	-17.841101	1.989300	5.223820	-0.000000	0.000000	-0.000002	0.000000	0.000000	0.000000	-9.693120	-49.818100	78.636497	-87.984802	-13.400300	-101.014999	0.000000	0.000001	-0.000000	0.592058	-0.553374	0.005718	-0.000000	-0.000000	-0.000000
-0.157563	-1.376770	1.158180	-3.106670	11.489700	0.619415	4.565360	-15.143400	0.397418	-0.000000	0.000000	0.000000	-0.237308	12.647100	0.051966	3.302680	-12.246900	0.652049	0.000000	-0.000000	0.000000	-0.000002	-0.000000	0.000020	0.000000	0.000000	0.000000	14.188200	2.482890	29.354700	-17.524401	1.889470	5.277120	0.000000	0.000000	-0.000002	0.000000	0.000000	0.000000	-9.988120	-48.880901	78.092697	-75.382797	-13.801000	-50.915600	0.000000	-0.000001	-0.000000	0.437826	-0.777870	0.005943	-0.000000	-0.000000	-0.000000
-0.186748	-2.170780	2.075380	-2.836990	12.947800	0.636167	4.417230	-16.355700	0.465428	-0.000000	0.000000	0.000000	-0.142911	14.995200	0.036988	3.564900	-14.950700	0.885060	0.000000	0.000000	0.000000	0.000002	-0.000000	-0.000056	0.000000	0.000000	0.000000	13.668500	1.758260	27.856600	-16.521999	1.690690	5.197850	-0.000000	0.000000	-0.000001	0.000000	0.000000	0.000000	-8.392260	-48.655499	79.856003	-57.799999	-12.003400	-20.224199	0.000001	0.000000	0.000000	0.110035	-1.354630	0.002600	-0.000000	-0.000000	-0.000000
0.375812	-2.280910	3.790739	-3.370730	13.217600	0.771567	4.348920	-16.373100	0.300965	0.000000	-0.000000	-0.000000	-0.124442	16.171000	0.034668	2.578520	-16.148399	0.684293	0.000000	-0.000000	-0.000000	0.000000	0.000000	-0.000094	0.000000	0.000000	0.000000	12.651900	0.087929	23.725901	-15.123700	1.330590	5.198430	-0.000000	-0.000000	0.000002	0.000000	0.000000	0.000000	-8.175510	-45.250401	79.426697	-45.003799	-9.758650	-10.242700	0.000000	0.000000	-0.000000	0.311156	-1.533490	0.008326	-0.000000	0.000000	-0.000000
0.723356	-2.485610	4.779390	-3.669870	12.908300	0.820889	3.852390	-15.089400	0.071683	-0.000000	0.000000	-0.000000	-1.006160	17.091700	0.295751	3.476290	-17.400101	0.752394	0.000000	-0.000000	-0.000000	0.000000	-0.000000	-0.000073	0.000000	0.000000	0.000000	11.181400	-0.503844	23.672100	-13.505700	0.926344	4.969160	0.000000	-0.000000	0.000000	0.000000	0.000000	0.000000	-8.556910	-38.936199	77.683899	-36.696301	-9.847750	-7.418180	0.000001	0.000000	0.000000	0.273205	-1.195440	0.005699	-0.000000	-0.000000	-0.000001
0.284758	-2.830892	4.935371	-3.190410	14.513400	0.800321	3.510690	-17.355801	0.125933	-0.000000	0.000000	-0.000000	-0.944393	17.941500	0.290953	4.181470	-17.625799	0.995066	0.000000	0.000000	-0.000000	-0.000002	0.000000	-0.000020	0.000000	0.000000	0.000000	10.543600	0.006075	26.692101	-12.540600	0.374284	4.589240	-0.000000	0.000000	-0.000001	0.000000	0.000000	0.000000	-7.057220	-36.340401	79.232597	-21.866800	-6.411650	-2.405540	-0.000000	0.000000	0.000000	0.290352	-1.104390	0.005595	-0.000000	-0.000000	-0.000000
1.111180	-2.481470	4.940060	-4.114390	13.730500	0.978162	3.300210	-15.960000	-0.191504	-0.000000	0.000000	-0.000000	-2.120220	17.625999	0.642280	4.577350	-17.336201	0.762296	0.000000	-0.000000	0.000000	-0.000002	-0.000000	0.000036	0.000000	0.000000	0.000000	9.749710	-0.152262	27.684601	-12.591700	0.857865	4.634540	0.000000	0.000000	0.000000	0.000000	0.000000	0.000000	-6.808210	-33.354198	78.944801	-12.842200	-4.389780	-0.628785	0.000001	-0.000000	-0.000000	-0.043357	-1.349710	-0.001022	0.000000	-0.000000	0.000000
1.529130	-2.772520	4.748670	-5.077810	14.777900	1.298400	4.210900	-18.101000	-0.217045	-0.000000	-0.000000	0.000000	-2.593210	16.992701	0.758347	4.239470	-15.238800	0.462613	0.000000	-0.000000	-0.000000	-0.000000	-0.000000	-0.000013	0.000000	0.000000	0.000000	11.145200	0.237737	26.447201	-14.079700	2.594680	5.207680	-0.000000	-0.000000	0.000000	0.000000	0.000000	0.000000	-6.590540	-30.335600	78.574402	-9.425830	-4.389240	-0.266386	-0.000000	-0.000000	-0.000000	-0.123930	-1.313220	-0.002841	-0.000000	-0.000000	0.000000
1.414580	-2.686170	4.383340	-5.249920	13.988400	1.272400	4.552110	-16.821899	-0.156777	0.000000	-0.000000	0.000000	-2.749720	16.833200	0.796848	4.141880	-15.544500	0.404760	0.000000	-0.000000	0.000000	-0.000002	0.000000	-0.000038	0.000000	0.000000	0.000000	11.893500	0.354030	25.639900	-14.414000	3.290360	5.483520	-0.000000	-0.000000	0.000002	0.000000	0.000000	0.000000	-6.694730	-29.080799	78.120598	-9.045410	-5.115470	-0.298892	0.000000	0.000000	-0.000000	-0.325808	-1.256350	-0.007145	0.000000	-0.000000	0.000000
1.591090	-3.212960	4.222250	-5.559620	15.306600	1.471950	4.770810	-18.035299	-0.182991	0.000000	-0.000000	0.000000	-3.005180	18.260900	0.942438	4.461900	-16.832399	0.465797	-0.000000	0.000000	0.000000	0.000002	-0.000000	0.000048	0.000000	0.000000	0.000000	12.049500	0.639680	26.349199	-13.690200	4.269290	5.611110	-0.000000	0.000000	-0.000001	0.000000	0.000000	0.000000	-6.782780	-28.403700	77.805496	-12.109900	-6.018120	-0.770141	-0.000001	-0.000000	-0.000000	-0.064915	-1.089860	-0.001235	0.000000	-0.000000	0.000001
