0.008028	0.775816	-1.075350	-4.638970	12.308800	0.991011	8.502740	-20.975901	1.423360	-0.000000	0.000000	0.000000	-2.076870	12.261500	0.441261	8.323350	-13.928700	1.520790	0.000000	0.000000	0.000000	0.000002	0.000000	-0.000006	0.000000	0.000000	0.000000	11.440200	2.185860	34.193901	-15.145500	-1.779770	3.980200	-0.000000	0.000000	0.000000	0.000000	0.000000	0.000000	-11.275500	-58.033199	77.986298	-96.411400	-7.910570	-148.679993	0.000000	0.000000	-0.000000	0.634028	-0.929398	0.010285	0.000000	-0.000000	0.000000
-0.370120	0.783670	-1.315450	-3.415300	11.964300	0.708808	7.580030	-20.773300	1.505850	-0.000000	0.000000	-0.000000	-0.914294	11.177000	0.177245	7.462790	-12.326000	1.407520	-0.000000	0.000000	0.000000	0.000000	-0.000000	-0.000032	0.000000	0.000000	0.000000	11.681900	1.587380	31.784599	-14.818200	-2.501880	3.977330	0.000000	0.000000	0.000001	0.000000	0.000000	0.000000	-10.402400	-57.597401	78.933403	-89.293503	-8.612390	-117.668999	-0.000000	0.000002	0.000000	0.679548	-1.254930	0.014883	0.000000	-0.000000	0.000000
-0.588038	0.972651	-1.188600	-2.949840	11.788000	0.603145	6.475440	-19.984501	1.227620	0.000000	0.000000	0.000000	-0.087778	11.299600	0.017205	5.119460	-13.253800	1.156790	0.000000	-0.000000	-0.000000	-0.000000	0.000000	-0.000004	0.000000	0.000000	0.000000	11.842600	0.976362	29.375401	-14.776900	-3.060530	3.985210	0.000000	0.000000	-0.000001	0.000000	0.000000	0.000000	-8.818230	-54.557800	80.403099	-76.955299	-8.115330	-39.753300	0.000002	-0.000000	0.000001	0.517041	-1.284650	0.011591	-0.000000	0.000000	0.000000
-0.407006	0.603380	-0.503006	-3.038300	12.138300	0.639450	6.019590	-20.247601	1.056160	0.000000	0.000000	0.000000	-0.293265	11.787000	0.059911	4.667660	-14.083900	1.067930	0.000000	0.000000	-0.000000	-0.000000	0.000000	-0.000063	0.000000	0.000000	0.000000	11.660300	0.515905	27.934099	-15.210200	-3.703020	3.837810	-0.000000	-0.000000	0.000001	0.000000	0.000000	0.000000	-8.949520	-53.674400	80.082001	-55.689400	-8.116530	-12.156000	-0.000000	0.000000	-0.000000	0.015089	-1.809420	0.000476	0.000000	-0.000000	0.000000
-0.076543	-0.073685	1.289420	-3.160080	14.012400	0.765892	5.626130	-22.068399	0.962435	0.000000	0.000000	-0.000000	-0.848718	13.900900	0.203917	5.610690	-15.292800	1.265270	0.000000	-0.000000	0.000000	-0.000002	0.000000	-0.000041	0.000000	0.000000	0.000000	11.322800	-1.334970	21.016199	-14.444300	-1.952980	4.632870	0.000000	0.000000	0.000000	0.000000	0.000000	0.000000	-7.737440	-44.872799	80.282204	-45.480999	-6.640580	-6.502390	-0.000000	0.000000	-0.000000	-0.425531	-1.655370	-0.012293	-0.000000	0.000000	-0.000000
-0.264794	-0.111674	1.740950	-2.809270	12.754800	0.620705	5.726740	-19.871901	1.016100	-0.000000	-0.000000	0.000000	0.423757	13.049800	-0.095681	3.701280	-13.992200	0.996353	-0.000000	-0.000000	0.000000	0.000002	-0.000000	-0.000069	0.000000	0.000000	0.000000	12.299100	-1.410220	19.258600	-16.163401	-2.723720	4.463400	-0.000000	-0.000000	-0.000000	0.000000	0.000000	0.000000	-6.923840	-39.937698	80.575798	-34.039299	-5.995740	-3.631690	-0.000000	-0.000000	-0.000000	0.063076	-1.493290	0.001643	0.000000	0.000000	0.000000
-0.396212	-0.395324	2.009790	-2.043650	13.215300	0.467394	4.495670	-20.282400	0.869235	-0.000000	0.000000	-0.000000	0.989002	14.032500	-0.239822	2.783180	-15.262600	0.986535	0.000000	-0.000000	-0.000000	-0.000002	0.000000	-0.000023	0.000000	0.000000	0.000000	12.798200	-0.803389	20.782000	-15.980300	-2.745960	4.358920	0.000000	-0.000000	-0.000000	0.000000	0.000000	0.000000	-7.094930	-35.599400	79.531799	-25.039400	-8.051220	-3.339940	-0.000001	-0.000000	0.000000	0.000896	-1.347550	0.000021	0.000000	0.000000	0.000000
0.157104	-0.045873	1.985020	-2.625930	13.913100	0.631825	4.709490	-22.762600	0.836315	0.000000	-0.000000	0.000000	0.213676	13.724300	-0.050692	3.790090	-15.025100	1.037930	-0.000000	-0.000000	0.000000	-0.000002	0.000000	0.000091	0.000000	0.000000	0.000000	12.017600	-0.532523	22.940300	-15.850900	-2.721170	4.251540	0.000000	0.000000	-0.000001	0.000000	0.000000	0.000000	-7.824870	-32.821999	77.803596	-20.761101	-10.669600	-3.568930	0.000002	-0.000000	-0.000000	-0.313997	-1.235430	-0.006771	-0.000000	-0.000000	-0.000000
0.060756	-0.168678	1.689380	-3.183010	14.090300	0.775662	6.098670	-22.798401	1.167840	0.000000	-0.000001	0.000000	-0.176510	13.933600	0.042506	5.151320	-14.730400	1.269260	0.000000	-0.000000	-0.000000	0.000002	-0.000000	-0.000040	0.000000	0.000000	0.000000	12.303000	0.118579	24.894300	-14.578500	-1.703090	4.449470	-0.000000	0.000000	0.000002	0.000000	0.000000	0.000000	-7.485940	-31.615999	78.071701	-20.079399	-11.125200	-3.578080	-0.000000	-0.000000	-0.000000	-0.102667	-1.513970	-0.002713	-0.000000	0.000000	0.000000
0.346700	0.453996	1.527390	-2.857360	12.921800	0.639472	4.852050	-22.711599	0.798385	-0.000000	-0.000001	0.000000	-0.212424	12.842700	0.047219	4.703440	-14.509200	1.128660	-0.000000	-0.000000	-0.000000	0.000002	-0.000000	0.000020	0.000000	0.000000	0.000000	12.176700	-0.050551	24.577101	-12.832900	-0.362161	4.814870	-0.000000	-0.000000	-0.000002	0.000000	0.000000	0.000000	-7.595020	-33.595600	78.417503	-23.294500	-11.200100	-4.395090	-0.000001	0.000000	0.000000	-0.098642	-1.181550	-0.002034	0.000000	-0.000000	-0.000000
0.353441	0.160558	1.503540	-3.459430	13.359300	0.800251	5.827260	-22.684900	0.949820	0.000000	0.000000	0.000000	-0.642489	13.771200	0.152950	5.022740	-15.801900	1.200010	-0.000000	0.000000	-0.000000	-0.000000	-0.000000	-0.000066	0.000000	0.000000	0.000000	11.911500	0.243325	26.064600	-11.045600	0.361117	4.839300	-0.000000	-0.000000	-0.000000	0.000000	0.000000	0.000000	-7.194460	-36.772400	79.679901	-28.550900	-10.878100	-5.675970	-0.000000	0.000000	0.000000	-0.306891	-1.289230	-0.006905	-0.000000	0.000000	-0.000000
0.332305	0.241716	1.795790	-3.416620	12.596600	0.745960	5.701090	-21.405500	0.864228	0.000000	-0.000000	-0.000000	-0.783688	12.879000	0.174692	5.383070	-14.004100	1.120060	0.000000	-0.000000	0.000000	-0.000000	-0.000000	-0.000094	0.000000	0.000000	0.000000	11.336700	-0.231324	25.274000	-10.962900	0.270350	4.854500	0.000000	-0.000000	0.000000	0.000000	0.000000	0.000000	-8.212400	-39.872799	78.791100	-38.911098	-10.615300	-8.410370	-0.000000	-0.000000	-0.000001	-0.540429	-1.072250	-0.010114	0.000000	0.000000	-0.000000
0.720591	0.121320	1.637430	-4.439160	13.134600	1.010670	6.609260	-22.506100	0.875614	0.000000	0.000000	0.000000	-1.830450	13.491800	0.427192	6.535730	-15.075400	1.239600	0.000000	-0.000000	0.000000	-0.000000	-0.000000	-0.000043	0.000000	0.000000	0.000000	10.857100	-0.346409	25.731800	-12.117000	-0.409700	4.711460	0.000000	0.000000	0.000000	0.000000	0.000000	0.000000	-8.309620	-43.413898	79.279800	-47.730000	-10.470700	-11.650900	0.000000	0.000000	0.000000	-0.349547	-1.030960	-0.006289	-0.000000	-0.000000	-0.000000
0.545735	0.177153	1.192240	-4.808280	13.081700	1.090740	7.454600	-22.503201	1.061410	-0.000000	-0.000000	0.000000	-2.586440	12.990800	0.581792	8.139660	-14.260500	1.388430	-0.000000	-0.000000	-0.000000	0.000002	-0.000000	0.000049	0.000000	0.000000	0.000000	10.784900	-0.213327	26.497801	-13.503600	-1.805130	4.367420	-0.000000	-0.000000	-0.000000	0.000000	0.000000	0.000000	-10.405900	-47.414101	77.351097	-59.395500	-12.752100	-22.119801	0.000000	-0.000000	-0.000000	-0.095091	-1.187150	-0.001970	0.000000	0.000000	0.000000
0.485903	0.215841	0.888507	-4.488960	12.147300	0.946443	7.181510	-21.329901	1.016710	-0.000000	-0.000001	-0.000000	-1.967580	13.358200	0.454756	7.059490	-15.343600	1.364860	-0.000000	0.000000	-0.000000	-0.000002	0.000000	-0.000003	0.000000	0.000000	0.000000	10.530800	-0.119555	27.446800	-14.124400	-2.355110	4.177300	-0.000000	-0.000000	0.000001	0.000000	0.000000	0.000000	-12.713000	-52.570400	75.470901	-69.539703	-14.221900	-38.376301	-0.000000	-0.000000	0.000000	0.290602	-1.368890	0.006942	0.000000	-0.000000	0.000000
0.476101	0.487132	1.386590	-4.596760	11.629300	0.928522	7.236480	-20.442400	0.955620	0.000000	-0.000000	0.000000	-1.894800	13.941700	0.456682	6.901900	-17.360800	1.514310	-0.000000	0.000000	0.000000	0.000002	-0.000000	0.000057	0.000000	0.000000	0.000000	10.256700	-0.405931	26.763500	-15.543100	-2.544830	4.114370	0.000000	0.000000	-0.000001	0.000000	0.000000	0.000000	-15.177300	-55.250900	73.048401	-79.764999	-13.292400	-64.997498	-0.000001	-0.000002	-0.000001	0.413695	-1.318050	0.009516	-0.000000	-0.000000	0.000000
0.575641	0.351532	2.094071	-4.236340	13.266900	0.973867	6.264950	-23.294600	0.847352	-0.000000	0.000000	-0.000000	-1.591840	14.581700	0.400858	6.212510	-18.084200	1.453160	0.000000	-0.000000	0.000000	-0.000003	0.000000	0.000048	0.000000	0.000000	0.000000	9.541170	-0.666744	26.975901	-15.481800	-1.964520	4.216750	0.000000	0.000000	-0.000002	0.000000	0.000000	0.000000	-17.777599	-54.446098	69.957298	-91.278900	-12.448400	-117.795998	-0.000000	0.000000	0.000001	0.460650	-1.307740	0.010513	-0.000000	-0.000000	0.000000
1.269580	0.462907	2.700820	-5.823740	13.015500	1.315890	6.921380	-23.521500	0.498037	-0.000000	0.000000	-0.000000	-3.586090	13.119800	0.815007	7.809150	-15.142200	1.129600	-0.000000	0.000000	-0.000000	0.000002	-0.000000	0.000021	0.000000	0.000000	0.000000	9.944280	-1.370470	22.928200	-17.294600	-0.733596	4.803050	0.000000	0.000000	0.000000	0.000000	0.000000	0.000000	-21.171200	-56.302399	66.525497	-98.412399	-11.986600	-141.440002	0.000001	-0.000000	0.000000	0.211895	-1.218370	0.004506	0.000000	0.000000	0.000000
1.658580	0.667479	3.034990	-7.178330	12.352200	1.543300	8.255420	-22.771900	0.481618	0.000000	-0.000000	-0.000000	-4.308820	13.467100	1.005250	7.894130	-16.202600	1.034870	0.000000	-0.000000	-0.000000	-0.000003	0.000000	-0.000023	0.000000	0.000000	0.000000	10.254500	-1.700430	20.865601	-18.013500	-0.636881	4.954160	-0.000000	-0.000000	-0.000000	0.000000	0.000000	0.000000	-21.806400	-52.550301	65.010101	-105.543999	-13.357200	-150.632996	0.000000	-0.000000	0.000002	0.106647	-0.996007	0.001854	0.000000	-0.000000	-0.000000
2.058570	1.286410	3.143860	-8.153720	10.549000	1.502570	9.007970	-21.399000	0.362334	-0.000000	-0.000000	0.000000	-5.785870	11.350300	1.142430	9.692740	-14.030200	0.976197	0.000000	-0.000000	0.000000	-0.000003	0.000000	0.000012	0.000000	0.000000	0.000000	10.260600	-2.156990	18.860800	-17.785999	-0.579060	5.093420	0.000000	0.000000	0.000000	0.000000	0.000000	0.000000	-22.350401	-52.295601	64.337502	-107.523003	-13.606900	-152.662994	0.000000	-0.000002	0.000002	-0.005861	-0.667306	-0.000069	-0.000000	-0.000000	0.000000
1.924490	1.698150	2.992011	-8.148580	10.291000	1.465300	8.811810	-21.335800	0.289339	0.000000	0.000000	-0.000000	-5.831120	10.737700	1.090040	9.558880	-13.637700	0.904370	-0.000000	-0.000000	0.000000	0.000000	-0.000000	-0.000086	0.000000	0.000000	0.000000	10.545500	-2.068590	18.896601	-17.612801	-0.354048	5.174170	0.000000	0.000000	-0.000001	0.000000	0.000000	0.000000	-22.332100	-51.486000	64.181000	-104.823997	-13.597600	-149.151993	0.000000	-0.000001	0.000000	-0.196479	-0.309874	-0.001062	0.000000	0.000000	0.000000
2.167920	1.321041	3.038710	-8.386630	9.541430	1.399910	8.924150	-19.095900	0.214086	0.000000	-0.000000	0.000000	-5.828420	11.608400	1.176700	9.056560	-14.890500	0.861197	0.000000	0.000000	-0.000000	0.000002	-0.000000	-0.000035	0.000000	0.000000	0.000000	10.235400	-2.076550	19.288200	-17.301300	0.337532	5.351340	0.000000	-0.000000	0.000001	0.000000	0.000000	0.000000	-22.277000	-53.159302	64.624001	-94.375099	-14.568200	-124.487999	0.000000	-0.000000	0.000000	-0.148600	-0.472914	-0.001226	-0.000000	-0.000000	-0.000001
2.169710	0.639084	3.211180	-8.650320	9.933730	1.503350	9.188070	-18.437000	0.211405	-0.000000	-0.000000	-0.000000	-6.190480	11.667700	1.256620	9.436720	-13.727500	0.801696	0.000000	-0.000000	0.000000	0.000000	0.000000	-0.000012	0.000000	0.000000	0.000000	9.890920	-2.261830	18.888201	-16.622299	0.811720	5.476110	0.000000	-0.000000	-0.000000	0.000000	0.000000	0.000000	-21.271700	-53.292099	65.723099	-81.661301	-15.763000	-75.042397	-0.000000	0.000000	-0.000000	-0.176401	-0.865120	-0.002663	-0.000000	0.000000	0.000000
2.118290	-0.103178	3.068241	-9.025660	11.019700	1.739090	9.640720	-19.215900	0.257675	0.000000	-0.000000	-0.000000	-6.330340	13.336500	1.465860	9.468620	-15.213200	0.869399	-0.000000	0.000000	-0.000000	0.000000	-0.000000	-0.000073	0.000000	0.000000	0.000000	9.695150	-2.249130	19.232599	-16.424801	0.991530	5.499690	0.000000	0.000000	-0.000000	0.000000	0.000000	0.000000	-17.347601	-50.647301	69.528900	-69.607101	-13.661400	-36.907700	-0.000000	-0.000001	-0.000000	-0.088614	-1.119810	-0.001731	-0.000000	0.000000	-0.000000
1.975670	0.304709	3.957939	-8.526200	10.775500	1.605520	8.883740	-19.859301	0.172912	0.000000	-0.000000	-0.000000	-5.652730	12.352900	1.213060	8.421620	-14.574900	0.730400	0.000000	-0.000000	0.000000	0.000003	-0.000000	0.000077	0.000000	0.000000	0.000000	10.303200	-3.212720	13.756900	-17.214800	-0.566791	5.321150	-0.000000	-0.000000	-0.000001	0.000000	0.000000	0.000000	-16.071899	-46.969299	70.070297	-53.570900	-13.424200	-18.346800	0.000000	0.000000	0.000001	-0.442376	-1.066810	-0.008236	0.000000	0.000000	0.000001
1.775110	-0.204738	4.278010	-6.965830	12.502500	1.515090	7.050060	-21.978100	0.093644	0.000000	0.000000	-0.000000	-4.319000	13.899200	1.039340	6.944970	-15.928200	0.755961	0.000000	-0.000000	-0.000000	0.000002	-0.000000	-0.000099	0.000000	0.000000	0.000000	11.119000	-3.108010	13.298500	-17.858000	-0.820342	5.254380	0.000000	0.000000	-0.000000	0.000000	0.000000	0.000000	-12.897000	-40.696400	72.364700	-41.990398	-13.100200	-11.645300	0.000000	-0.000000	-0.000000	-0.531028	-1.123880	-0.010416	0.000000	-0.000000	-0.000000
1.623260	-0.765973	4.199009	-6.284190	13.834400	1.508360	6.666090	-23.122101	0.221837	0.000000	-0.000000	0.000000	-3.951240	15.022700	1.025680	7.350610	-16.776501	1.021420	-0.000000	0.000000	-0.000000	0.000002	-0.000000	-0.000065	0.000000	0.000000	0.000000	11.417300	-2.529880	15.421400	-17.966299	-0.380586	5.280260	0.000000	0.000000	0.000000	0.000000	0.000000	0.000000	-11.444000	-35.988300	72.979897	-29.005301	-12.126700	-6.316180	0.000001	0.000000	-0.000001	-0.669142	-0.692078	-0.008083	0.000000	0.000000	0.000001
2.005121	-0.308228	4.807820	-6.364040	13.091300	1.447120	6.250310	-22.684900	0.020190	0.000000	-0.000001	0.000000	-4.031350	14.487000	1.010040	7.012290	-16.665300	0.892504	-0.000000	0.000000	0.000000	-0.000000	-0.000000	-0.000042	0.000000	0.000000	0.000000	11.054800	-3.125960	13.188300	-18.266500	-1.067620	5.158180	0.000000	0.000000	0.000000	0.000000	0.000000	0.000000	-10.927000	-32.837502	72.584396	-17.631300	-9.470720	-2.375920	-0.000001	0.000000	-0.000000	-0.636107	-0.843043	-0.009360	0.000000	0.000000	0.000001
2.260760	0.795612	4.459480	-7.475750	10.080800	1.315770	7.318950	-19.502399	-0.013596	0.000000	0.000000	0.000000	-5.297490	12.941000	1.189570	8.120520	-16.604099	0.845947	-0.000000	-0.000000	-0.000000	-0.000002	0.000000	-0.000065	0.000000	0.000000	0.000000	11.303900	-3.113340	13.174200	-18.954300	-1.852290	4.935460	-0.000000	0.000000	-0.000001	0.000000	0.000000	0.000000	-10.863200	-30.643499	71.918999	-11.888000	-8.771620	-1.019780	-0.000000	-0.000000	-0.000000	-0.668370	-0.232870	-0.002717	-0.000000	0.000000	-0.000000
2.235240	1.233970	3.984760	-7.747110	9.915410	1.341950	7.706660	-20.572399	0.026701	0.000000	0.000000	0.000000	-5.401770	11.415600	1.072200	8.214400	-15.182900	0.765324	0.000000	-0.000000	0.000000	-0.000003	0.000000	0.000104	0.000000	0.000000	0.000000	11.456900	-2.781250	14.554900	-18.923599	-1.351420	5.068010	0.000000	0.000000	0.000000	0.000000	0.000000	0.000000	-11.096600	-28.807600	70.869598	-11.444200	-9.836270	-1.025980	-0.000000	-0.000000	0.000000	-0.819836	-0.101932	-0.001458	0.000000	0.000000	-0.000000
1.322670	0.657683	3.673470	-6.159940	10.234200	1.098560	6.853970	-20.358801	0.275692	0.000000	-0.000000	0.000000	-3.859510	11.133900	0.746366	7.121060	-13.772700	0.794645	-0.000000	-0.000000	0.000000	0.000000	-0.000000	-0.000012	0.000000	0.000000	0.000000	12.346700	-2.050650	16.558500	-18.094400	0.173971	5.461910	-0.000000	-0.000000	0.000000	0.000000	0.000000	0.000000	-11.202800	-28.726299	70.739998	-12.863400	-12.104800	-1.858110	0.000000	-0.000000	-0.000000	-0.412490	-0.831132	-0.005983	-0.000000	-0.000000	-0.000000
0.667410	-0.137173	2.214900	-4.526280	12.042900	0.946267	5.649160	-21.259399	0.443389	0.000000	-0.000000	0.000000	-2.361030	13.160900	0.537867	6.010340	-15.632400	1.001380	0.000000	-0.000000	0.000000	0.000002	-0.000000	0.000013	0.000000	0.000000	0.000000	12.658200	-0.883947	20.754000	-15.360000	2.313990	5.784560	0.000000	0.000000	-0.000001	0.000000	0.000000	0.000000	-9.126790	-30.571800	75.046997	-19.712601	-11.806300	-3.556100	-0.000000	0.000000	0.000000	-0.281953	-0.575002	-0.002830	-0.000000	0.000000	0.000000
0.327456	0.395974	1.597610	-3.677810	10.759600	0.687520	5.505920	-20.035900	0.648713	0.000000	-0.000001	0.000000	-1.418200	11.584900	0.284861	5.783030	-14.302800	1.087450	-0.000000	0.000000	-0.000000	0.000000	-0.000000	-0.000083	0.000000	0.000000	0.000000	12.988600	-0.833168	20.658199	-14.898600	1.699590	5.642230	-0.000000	-0.000000	0.000001	0.000000	0.000000	0.000000	-7.893560	-35.544201	78.393898	-29.110201	-9.997840	-5.132500	0.000000	-0.000000	-0.000000	-0.278495	-0.684662	-0.003328	-0.000000	0.000000	0.000000
0.259301	0.373627	1.445290	-3.813110	10.383300	0.688230	6.266280	-19.292200	0.831625	0.000000	0.000000	-0.000000	-1.035690	12.089700	0.216942	5.403840	-15.114500	1.147070	-0.000000	-0.000000	-0.000000	0.000000	-0.000000	-0.000029	0.000000	0.000000	0.000000	12.702000	-1.035300	20.343700	-15.806300	0.932728	5.507340	0.000000	0.000000	0.000000	0.000000	0.000000	0.000000	-7.390370	-39.721401	79.930801	-42.016602	-8.343990	-7.251290	0.000000	-0.000000	0.000000	-0.213939	-0.933935	-0.003487	0.000000	-0.000000	-0.000000
0.185826	0.377862	0.803863	-3.760820	10.512600	0.687128	6.440690	-19.971399	0.937529	-0.000000	-0.000000	0.000000	-0.934325	11.594500	0.187804	5.240070	-14.351800	1.073920	-0.000000	0.000000	0.000000	-0.000002	0.000000	0.000052	0.000000	0.000000	0.000000	11.645300	-0.678813	23.368000	-14.784200	-0.028601	5.067510	-0.000000	-0.000000	0.000000	0.000000	0.000000	0.000000	-9.201000	-43.888599	78.334801	-55.158501	-10.640900	-15.370400	0.000000	-0.000000	-0.000000	0.162515	-1.176100	0.003336	0.000000	-0.000000	0.000000
0.108152	0.429058	0.068273	-3.798860	11.109900	0.733043	6.586050	-21.134300	1.031380	0.000000	0.000000	0.000000	-1.080040	11.635400	0.217854	5.515870	-14.724000	1.135210	-0.000000	0.000000	-0.000000	-0.000000	0.000000	-0.000019	0.000000	0.000000	0.000000	10.686800	-0.196878	27.148300	-14.271500	-1.289650	4.540750	-0.000000	-0.000001	0.000002	0.000000	0.000000	0.000000	-9.857620	-48.582199	78.335403	-69.566200	-9.954560	-28.003500	0.000000	0.000000	0.000000	0.166540	-1.213590	0.003527	0.000000	0.000000	0.000000
-0.018553	0.132052	0.284450	-3.825810	11.479700	0.762506	6.669190	-21.084801	1.051260	0.000000	-0.000000	0.000000	-1.142870	11.741900	0.232611	6.213220	-14.111800	1.245140	0.000000	-0.000000	0.000000	-0.000002	-0.000000	-0.000095	0.000000	0.000000	0.000000	10.267200	-0.106555	28.298700	-14.273900	-2.262420	4.197400	-0.000000	0.000000	0.000001	0.000000	0.000000	0.000000	-11.978300	-50.826801	76.136101	-81.955299	-9.376800	-65.978600	-0.000000	0.000001	0.000001	0.438171	-0.965425	0.007383	0.000000	0.000000	-0.000000
-0.183358	0.201321	0.223038	-3.262960	11.813900	0.668736	5.667260	-21.451500	0.905068	0.000000	0.000000	0.000000	-0.902230	10.975900	0.171797	5.833970	-12.472400	1.071210	-0.000000	-0.000000	0.000000	0.000000	-0.000000	0.000023	0.000000	0.000000	0.000000	10.221100	-0.151596	28.231899	-14.063500	-2.877370	4.053480	0.000000	0.000000	-0.000002	0.000000	0.000000	0.000000	-14.015300	-51.921398	73.975098	-93.059196	-8.838440	-134.828995	0.000000	-0.000002	0.000001	0.202886	-1.279450	0.004530	0.000000	0.000000	0.000000
0.063587	-0.345974	0.231406	-3.764300	12.184800	0.795612	6.164580	-20.611099	0.875325	0.000000	-0.000000	0.000000	-0.849639	12.309300	0.181149	4.723260	-14.125600	0.951494	-0.000000	-0.000000	0.000000	-0.000002	0.000000	-0.000066	0.000000	0.000000	0.000000	10.035300	0.489771	31.114100	-14.163400	-1.976920	4.074320	-0.000000	-0.000000	-0.000001	0.000000	0.000000	0.000000	-15.889900	-54.004398	72.205597	-99.916397	-8.528820	-154.121002	-0.000001	-0.000001	0.000000	0.288046	-0.969213	0.004872	-0.000000	0.000000	0.000000
1.068560	0.821774	0.555259	-5.281270	10.871500	0.998814	6.468160	-20.034401	0.439235	0.000000	0.000000	0.000000	-1.866820	10.315400	0.334399	4.012320	-12.304200	0.463854	0.000000	-0.000000	-0.000000	-0.000003	-0.000000	-0.000000	0.000000	0.000000	0.000000	9.421600	-0.027906	30.471701	-14.463200	-2.209170	4.045070	0.000000	0.000000	-0.000000	0.000000	0.000000	0.000000	-19.038500	-54.741402	68.809196	-105.776001	-9.671370	-159.026993	0.000001	-0.000001	-0.000000	-0.107661	-0.720432	-0.001354	0.000000	-0.000000	0.000000
0.748019	0.627104	1.450370	-5.275100	11.114700	1.019680	7.077250	-20.588200	0.668829	0.000000	-0.000001	-0.000000	-2.521820	10.821000	0.473746	6.141010	-12.425100	0.789396	0.000000	0.000000	-0.000000	-0.000000	-0.000000	-0.000072	0.000000	0.000000	0.000000	10.656500	-0.525643	25.515400	-15.403900	-1.112070	4.599030	-0.000000	0.000000	0.000000	0.000000	0.000000	0.000000	-20.075800	-54.195999	67.465897	-106.265999	-9.104930	-160.826996	0.000001	0.000000	0.000000	0.245421	-0.609746	0.002612	0.000000	-0.000000	-0.000000
0.926241	0.657111	1.656520	-5.329230	11.003700	1.020040	6.683320	-20.324200	0.504539	-0.000000	0.000001	0.000000	-3.031510	10.986400	0.578254	6.594060	-12.653800	0.793594	-0.000000	0.000000	-0.000000	-0.000002	0.000000	0.000046	0.000000	0.000000	0.000000	10.995000	-0.797223	23.757200	-15.867700	-0.407779	4.898170	-0.000000	0.000000	0.000001	0.000000	0.000000	0.000000	-19.391800	-54.099800	68.163597	-103.999001	-9.616830	-156.973999	0.000000	0.000000	0.000000	0.544477	-0.480742	0.004569	-0.000000	0.000000	0.000000
1.294880	0.571925	1.961380	-6.167080	10.713900	1.150780	7.425460	-19.815001	0.463232	-0.000000	-0.000000	0.000000	-3.525600	11.857700	0.725320	6.912280	-14.250700	0.853201	0.000000	-0.000000	0.000000	0.000002	-0.000000	0.000044	0.000000	0.000000	0.000000	11.025000	-1.307460	21.570101	-16.426399	-0.192697	5.086900	0.000000	-0.000000	-0.000001	0.000000	0.000000	0.000000	-19.198099	-53.817600	68.274597	-96.989197	-10.721400	-141.365997	-0.000000	0.000000	0.000000	0.328177	-0.449732	0.002576	-0.000000	0.000000	0.000000
1.781670	1.165260	2.630580	-7.450670	10.429400	1.356150	8.170610	-21.010401	0.302526	0.000000	0.000000	0.000000	-4.724310	10.737800	0.882139	7.540640	-13.790200	0.691641	-0.000000	0.000000	-0.000000	-0.000002	0.000000	-0.000051	0.000000	0.000000	0.000000	10.638900	-2.322830	17.727400	-16.811300	-0.575809	5.176830	-0.000000	0.000000	-0.000001	0.000000	0.000000	0.000000	-18.860100	-51.961300	68.177200	-87.488098	-12.339400	-99.813202	-0.000000	0.000002	-0.000000	0.289266	-0.290857	0.001469	0.000000	0.000000	-0.000000
1.575340	0.245444	2.534450	-7.556940	11.138500	1.468060	8.313590	-20.429899	0.314114	0.000000	-0.000000	-0.000000	-5.407670	11.332100	1.065620	9.133060	-12.813600	0.850876	-0.000000	0.000000	0.000000	-0.000002	0.000000	-0.000015	0.000000	0.000000	0.000000	10.598300	-1.850900	19.780800	-16.962601	0.226103	5.294230	0.000000	-0.000000	-0.000000	0.000000	0.000000	0.000000	-17.745100	-50.614101	69.149101	-71.030403	-13.723900	-39.546001	-0.000000	0.000000	-0.000001	-0.066755	-0.930524	-0.001084	-0.000000	-0.000000	0.000000
1.388500	-0.195467	3.798141	-6.904170	12.648300	1.518780	7.822180	-22.205000	0.410595	0.000000	0.000001	0.000000	-4.521380	13.612500	1.066220	8.291720	-15.795000	1.062430	0.000000	0.000000	-0.000000	0.000000	-0.000000	0.000005	0.000000	0.000000	0.000000	10.911300	-2.901620	14.500400	-17.085600	0.039603	5.469570	0.000000	0.000000	-0.000001	0.000000	0.000000	0.000000	-15.226300	-47.035301	71.121002	-53.129002	-12.507700	-16.862101	0.000000	-0.000000	0.000001	-0.453485	-1.412040	-0.011175	-0.000000	0.000000	-0.000000
0.927760	-0.270763	4.025720	-6.213790	12.601100	1.360690	8.031190	-21.398500	0.718145	0.000000	-0.000000	-0.000000	-3.605740	13.315200	0.831469	7.954020	-14.332600	1.102520	0.000000	-0.000000	0.000000	-0.000000	0.000000	0.000082	0.000000	0.000000	0.000000	11.803700	-2.588060	14.832800	-17.574600	-0.587563	5.253720	-0.000000	-0.000000	-0.000000	0.000000	0.000000	0.000000	-12.182300	-41.068100	73.436699	-40.392101	-12.329700	-10.350800	-0.000000	0.000000	-0.000000	-0.405406	-0.767207	-0.005428	0.000000	-0.000000	0.000001
0.801463	-0.093600	4.150649	-5.167000	12.380800	1.110720	6.750250	-21.327400	0.619799	0.000000	0.000000	-0.000000	-3.104510	13.403500	0.720318	8.124160	-14.689700	1.297580	0.000000	-0.000000	-0.000000	0.000000	-0.000000	0.000066	0.000000	0.000000	0.000000	11.735600	-2.719520	14.359300	-17.051701	-1.244380	5.063080	-0.000000	-0.000000	-0.000001	0.000000	0.000000	0.000000	-11.088500	-36.098701	73.536797	-28.088600	-13.264200	-6.759790	0.000001	0.000000	0.000000	-0.164706	-0.633853	-0.001822	-0.000000	0.000000	0.000000
1.370590	0.769092	4.074591	-6.015980	9.876560	1.035590	6.711610	-18.021200	0.242903	0.000000	0.000000	-0.000000	-3.057450	12.040100	0.638349	5.797400	-14.704200	0.713100	0.000000	-0.000000	0.000000	0.000002	-0.000000	-0.000024	0.000000	0.000000	0.000000	11.387000	-2.967240	13.753600	-17.376699	-1.956650	4.889880	-0.000000	0.000000	-0.000001	0.000000	0.000000	0.000000	-10.467900	-32.227100	73.190697	-20.771299	-13.180800	-4.493870	-0.000001	-0.000000	0.000000	-0.420179	-0.532599	-0.003906	-0.000000	-0.000000	0.000000
1.644400	0.137633	3.896080	-6.140810	10.388000	1.111390	5.885650	-17.724400	-0.046924	0.000000	-0.000000	0.000000	-2.835880	13.234700	0.649748	3.759590	-16.604799	0.285535	0.000000	-0.000000	0.000000	0.000000	-0.000000	0.000070	0.000000	0.000000	0.000000	11.798500	-1.998910	17.268101	-18.092300	-0.447598	5.186730	-0.000000	-0.000000	-0.000000	0.000000	0.000000	0.000000	-10.879700	-29.054100	71.352898	-15.013500	-14.912400	-3.318920	-0.000000	0.000000	-0.000000	-0.448869	-0.700868	-0.005491	0.000000	-0.000000	0.000000
1.887590	0.175938	3.902710	-6.059200	11.911600	1.255120	5.221980	-20.020500	-0.241807	0.000000	-0.000001	-0.000000	-3.167730	13.293100	0.729066	3.982890	-15.619400	0.242375	-0.000000	-0.000000	-0.000000	0.000002	-0.000000	-0.000112	0.000000	0.000000	0.000000	11.678500	-1.911420	17.760401	-16.950001	0.849761	5.529510	-0.000000	-0.000000	-0.000000	0.000000	0.000000	0.000000	-11.426300	-28.537701	70.244003	-14.770000	-15.077600	-3.195140	0.000000	-0.000000	-0.000000	-0.580932	-0.805434	-0.008166	0.000000	-0.000000	-0.000000
1.655640	-0.682826	3.803420	-5.744860	13.057600	1.302080	4.920920	-20.348000	-0.234689	-0.000000	-0.000000	0.000000	-3.264670	13.834500	0.781439	4.390400	-14.870300	0.313274	0.000000	0.000000	0.000000	-0.000003	0.000000	0.000026	0.000000	0.000000	0.000000	11.849900	-1.509250	19.073799	-15.418000	2.412250	5.806290	0.000000	0.000000	-0.000000	0.000000	0.000000	0.000000	-11.718700	-29.376600	70.181602	-18.567499	-14.912900	-4.239880	0.000000	-0.000000	0.000000	-0.438753	-1.175070	-0.008997	0.000000	0.000000	0.000001
2.804260	-0.639272	3.329090	-7.428990	13.086200	1.691040	5.096910	-20.030300	-0.732629	-0.000000	0.000000	-0.000000	-4.937660	13.163900	1.127130	4.729760	-13.280900	-0.017877	0.000000	-0.000000	0.000000	0.000003	-0.000000	0.000031	0.000000	0.000000	0.000000	10.478800	-1.061390	23.029301	-14.014000	3.702850	5.804740	-0.000000	-0.000000	0.000001	0.000000	0.000000	0.000000	-12.841900	-32.652000	69.912003	-24.713499	-16.120899	-6.755930	-0.000000	-0.000000	-0.000000	-0.747457	-0.976479	-0.012739	-0.000000	-0.000000	-0.000000
1.629570	0.279007	2.051820	-6.489880	12.586600	1.420030	6.240570	-21.802200	-0.034427	0.000000	-0.000001	0.000000	-3.814640	12.236300	0.809630	5.091750	-13.638900	0.321668	0.000000	0.000000	-0.000000	-0.000000	0.000000	-0.000089	0.000000	0.000000	0.000000	12.422300	-0.818859	21.295099	-15.076700	2.597620	5.801360	-0.000000	-0.000000	0.000001	0.000000	0.000000	0.000000	-9.483550	-37.946499	76.580803	-36.552700	-11.769200	-8.416300	-0.000000	0.000000	0.000000	-0.555240	-1.092210	-0.010584	0.000000	-0.000000	-0.000000
1.245690	-0.512389	2.258610	-5.266020	12.988700	1.186760	6.071520	-21.193501	0.340069	0.000000	-0.000001	0.000000	-2.330830	14.626700	0.588888	4.775640	-16.883600	0.732420	0.000000	-0.000000	-0.000000	0.000002	0.000000	-0.000025	0.000000	0.000000	0.000000	12.032800	-0.966858	21.218201	-15.253100	1.279350	5.447440	0.000000	0.000000	-0.000000	0.000000	0.000000	0.000000	-9.542740	-40.420101	77.025703	-46.701801	-11.383400	-12.015300	-0.000000	-0.000000	-0.000000	-0.554124	-1.145900	-0.011082	-0.000000	-0.000000	-0.000000
0.802066	0.367635	1.123530	-4.913400	11.700500	0.998769	6.922670	-20.575899	0.742412	-0.000000	-0.000000	0.000000	-2.319490	13.110800	0.526415	6.689710	-15.947900	1.219640	0.000000	-0.000000	0.000000	-0.000000	-0.000000	-0.000042	0.000000	0.000000	0.000000	12.423700	-0.851204	21.376301	-16.303301	-0.792620	4.961280	-0.000000	0.000000	0.000000	0.000000	0.000000	0.000000	-9.486410	-46.303902	78.309998	-57.854801	-11.553400	-18.877600	0.000000	0.000000	0.000000	0.056793	-1.325900	0.001314	0.000000	0.000000	0.000000
0.521501	-0.062713	0.305572	-4.838490	11.767600	0.989031	7.314950	-19.927299	0.879309	0.000000	0.000000	-0.000000	-2.249230	13.426000	0.522504	7.043660	-15.914400	1.334460	-0.000000	-0.000000	0.000000	-0.000002	0.000000	0.000036	0.000000	0.000000	0.000000	12.046200	-0.073707	24.929399	-16.898199	-1.422590	4.596040	0.000000	0.000000	0.000000	0.000000	0.000000	0.000000	-11.087700	-50.145901	77.062698	-69.878700	-13.018000	-36.181198	0.000001	-0.000000	0.000001	0.169790	-1.473300	0.004365	0.000000	-0.000000	-0.000000
0.536266	0.810032	0.228764	-5.230110	11.954100	1.086200	8.068850	-21.844900	1.099440	-0.000000	-0.000001	0.000000	-3.274820	12.789200	0.725681	9.218680	-16.449600	1.711970	0.000000	-0.000000	-0.000000	-0.000000	0.000000	-0.000035	0.000000	0.000000	0.000000	12.001000	-0.728305	22.661800	-17.405800	-3.015700	4.251370	0.000000	0.000000	-0.000001	0.000000	0.000000	0.000000	-12.129000	-53.056801	76.285202	-80.275002	-13.352700	-66.606903	-0.000000	0.000000	0.000001	0.462806	-1.146110	0.009257	-0.000000	-0.000000	-0.000000
-0.138782	0.412660	-0.007363	-3.976180	12.361900	0.852554	7.215460	-21.683901	1.232180	0.000000	-0.000001	0.000000	-1.485220	12.795900	0.329018	6.916590	-15.833700	1.496200	0.000000	-0.000000	0.000000	0.000000	0.000000	0.000053	0.000000	0.000000	0.000000	12.407600	-0.234895	23.863100	-16.939199	-2.900230	4.235770	-0.000000	-0.000001	-0.000000	0.000000	0.000000	0.000000	-13.319700	-54.490799	75.177101	-89.256599	-13.114300	-107.819000	-0.000000	0.000001	-0.000000	0.557606	-0.740637	0.007208	-0.000000	-0.000000	-0.000000
0.256266	1.004480	0.328841	-3.909210	11.261300	0.764548	6.612180	-21.527800	1.020210	-0.000000	0.000000	0.000000	-1.804030	10.600800	0.331986	7.340610	-13.258000	1.280620	-0.000000	-0.000000	0.000000	-0.000002	0.000000	-0.000028	0.000000	0.000000	0.000000	12.367100	-0.534785	22.811899	-17.114000	-2.847460	4.303400	0.000000	0.000000	0.000000	0.000000	0.000000	0.000000	-14.502400	-55.140999	73.910797	-96.452301	-13.311200	-132.828995	0.000000	-0.000000	-0.000000	0.650657	-0.622524	0.007069	0.000000	-0.000000	-0.000000
-0.650256	0.275445	0.059741	-3.318810	12.096600	0.696240	6.622560	-20.642500	1.191900	0.000000	-0.000000	-0.000000	-0.801942	12.689900	0.176184	6.293660	-14.991800	1.429770	0.000000	-0.000000	0.000000	0.000002	-0.000000	0.000068	0.000000	0.000000	0.000000	12.780400	0.534320	25.921801	-17.256500	-1.157740	4.640250	-0.000000	0.000000	-0.000000	0.000000	0.000000	0.000000	-13.928500	-52.578098	74.206398	-103.134003	-12.224000	-149.100998	0.000000	-0.000000	0.000000	0.504405	-0.834161	0.007343	-0.000000	-0.000000	0.000000
-0.875989	0.358973	0.689834	-1.729650	11.883900	0.356294	4.531450	-19.705099	0.957901	0.000000	-0.000000	0.000000	1.241790	12.222700	-0.262935	2.937920	-14.862700	1.066630	-0.000000	0.000000	-0.000000	-0.000002	-0.000000	-0.000010	0.000000	0.000000	0.000000	11.914200	0.365454	26.715200	-15.031200	-1.606160	4.431880	0.000000	0.000000	-0.000001	0.000000	0.000000	0.000000	-13.954200	-50.824001	73.816399	-105.869003	-11.896100	-153.503998	0.000000	0.000001	-0.000000	0.538399	-0.803898	0.007554	0.000000	0.000000	0.000000
-0.975127	0.250136	0.989661	-1.536570	12.236700	0.325759	3.985060	-20.196800	0.857849	0.000000	-0.000000	0.000000	0.822077	12.149600	-0.173022	3.790380	-13.928300	1.108050	-0.000000	0.000000	-0.000000	-0.000002	-0.000000	-0.000012	0.000000	0.000000	0.000000	11.506700	0.885308	29.236799	-14.085300	-1.607180	4.254060	0.000000	-0.000000	-0.000000	0.000000	0.000000	0.000000	-13.608600	-50.797100	74.172096	-105.505997	-11.332500	-154.149994	0.000001	0.000000	-0.000001	0.488761	-0.731035	0.006236	-0.000000	0.000000	-0.000000
-0.764162	0.345274	0.642709	-1.780420	11.887300	0.366865	4.149710	-19.855400	0.818110	0.000000	0.000000	-0.000000	0.774000	12.142100	-0.162804	3.073840	-14.463900	0.958078	0.000000	-0.000000	-0.000000	0.000000	-0.000000	-0.000091	0.000000	0.000000	0.000000	11.216400	1.130080	30.772600	-13.476700	-1.409500	4.227880	0.000000	-0.000000	-0.000000	0.000000	0.000000	0.000000	-11.857900	-50.890598	76.256599	-101.236000	-11.587500	-146.944000	-0.000000	0.000000	-0.000000	0.490296	-0.656638	0.005619	-0.000000	-0.000000	-0.000000
-0.488884	-0.211999	0.362589	-2.144830	11.546800	0.429523	4.206520	-17.563999	0.635515	-0.000000	-0.000000	-0.000000	0.947517	12.689600	-0.208154	2.174170	-14.325800	0.767386	0.000000	0.000000	0.000000	0.000000	0.000000	0.000064	0.000000	0.000000	0.000000	10.909500	1.464100	32.620899	-13.421900	-1.153290	4.169450	0.000000	0.000000	-0.000001	0.000000	0.000000	0.000000	-11.371000	-50.126900	76.742699	-91.063904	-13.642600	-113.564003	-0.000000	0.000000	0.000000	0.607954	-0.773711	0.008209	-0.000000	0.000000	-0.000000
-0.040876	-0.671437	0.493810	-3.159660	13.241800	0.724451	4.914730	-20.240000	0.636454	-0.000000	0.000000	-0.000000	-0.421205	13.293400	0.096855	3.698480	-14.192100	0.807102	0.000000	0.000000	0.000000	-0.000002	0.000000	0.000003	0.000000	0.000000	0.000000	10.425800	1.377770	33.346001	-13.509500	-0.984078	4.140210	0.000000	-0.000000	0.000001	0.000000	0.000000	0.000000	-10.754400	-49.174000	77.301903	-75.681000	-14.137000	-52.112598	-0.000000	-0.000001	0.000000	0.205997	-1.068890	0.003843	0.000000	0.000000	0.000000
-0.102942	-0.096387	0.911132	-3.661580	12.473600	0.791894	5.704630	-20.056400	0.730627	-0.000000	0.000001	-0.000000	-0.337442	12.460300	0.072813	3.267460	-13.720500	0.697419	-0.000000	0.000000	0.000000	-0.000000	-0.000000	-0.000030	0.000000	0.000000	0.000000	10.804700	0.489655	29.233801	-13.729400	-1.714430	4.230850	-0.000000	-0.000000	-0.000001	0.000000	0.000000	0.000000	-8.107440	-46.752602	80.114098	-60.449100	-11.135000	-20.482599	0.000000	-0.000000	0.000000	-0.213949	-0.964097	-0.003600	-0.000000	-0.000000	0.000000
-0.551022	-0.073136	1.941741	-2.289310	11.388100	0.452267	4.761600	-18.222601	0.787661	0.000000	-0.000000	0.000000	1.483130	12.621400	-0.324140	1.541010	-14.590700	0.753420	0.000000	0.000000	0.000000	-0.000002	0.000000	-0.000011	0.000000	0.000000	0.000000	11.500500	-0.593338	23.611099	-13.841100	-2.264470	4.394490	0.000000	-0.000000	0.000000	0.000000	0.000000	0.000000	-8.006450	-43.608101	79.676804	-43.394901	-10.685400	-10.254900	-0.000000	-0.000000	-0.000000	-0.150728	-0.971913	-0.002557	0.000000	0.000000	-0.000000
-0.505782	-0.980959	2.704140	-1.925370	12.787500	0.426310	4.731850	-19.029200	0.931311	-0.000000	0.000000	0.000000	1.889480	14.576800	-0.475695	1.376000	-15.903700	0.878979	-0.000000	-0.000000	0.000000	-0.000002	-0.000000	0.000042	0.000000	0.000000	0.000000	11.577200	-0.883439	22.139400	-13.634000	-2.056050	4.478910	0.000000	0.000001	-0.000000	0.000000	0.000000	0.000000	-7.639410	-39.814899	79.443001	-30.865200	-9.515300	-5.575320	0.000001	-0.000000	-0.000000	-0.035820	-1.216990	-0.000762	0.000000	0.000000	0.000000
-0.357595	-0.388845	2.353520	-2.075820	13.496400	0.484668	4.732240	-21.636400	1.001250	-0.000000	0.000001	-0.000000	1.146720	13.983200	-0.277118	2.792390	-15.230200	1.027340	0.000000	-0.000000	-0.000000	0.000000	0.000000	0.000101	0.000000	0.000000	0.000000	11.700800	-0.263979	24.393299	-14.682000	-2.805150	4.154060	-0.000000	-0.000000	0.000001	0.000000	0.000000	0.000000	-7.366550	-37.105598	79.378403	-25.039200	-9.701000	-4.288570	0.000000	0.000000	0.000000	0.097252	-0.847644	0.001438	-0.000000	-0.000000	-0.000000
-0.196174	0.182178	1.941840	-2.088720	12.780200	0.462247	4.722840	-22.079500	1.010230	-0.000000	0.000000	-0.000000	0.465776	12.698200	-0.102383	4.562990	-13.735300	1.194190	-0.000000	0.000000	-0.000000	-0.000000	0.000000	0.000066	0.000000	0.000000	0.000000	11.527600	0.144364	26.324600	-14.835300	-2.745020	4.077890	0.000000	0.000000	-0.000002	0.000000	0.000000	0.000000	-7.695940	-35.790298	78.697304	-22.411900	-10.731500	-4.103850	0.000001	-0.000000	-0.000000	-0.196265	-0.934963	-0.003203	0.000000	0.000000	-0.000000
0.157294	0.466756	1.924600	-3.031440	12.520800	0.657784	5.495920	-22.358999	0.965493	0.000000	0.000001	-0.000000	-0.466320	11.787800	0.095268	5.685420	-12.484000	1.133320	0.000000	0.000000	0.000000	0.000000	-0.000000	-0.000027	0.000000	0.000000	0.000000	11.053400	0.142492	27.225800	-15.256300	-2.018210	4.212430	-0.000000	-0.000000	-0.000000	0.000000	0.000000	0.000000	-7.919950	-36.891602	78.600601	-23.057899	-10.874600	-4.334600	-0.000000	0.000000	0.000000	-0.443668	-0.929789	-0.007200	-0.000000	0.000000	-0.000000
0.102608	-0.639563	2.485330	-2.884890	13.001800	0.649571	5.340180	-21.007900	0.907259	0.000000	0.000000	0.000000	0.127404	13.530300	-0.029804	4.426970	-13.638200	1.075180	-0.000000	0.000000	0.000000	0.000002	-0.000000	-0.000061	0.000000	0.000000	0.000000	11.150800	0.074564	26.588600	-14.291700	-0.650619	4.569490	-0.000000	-0.000000	-0.000000	0.000000	0.000000	0.000000	-7.294460	-37.271999	79.482903	-28.891800	-10.058700	-5.374320	-0.000000	0.000000	-0.000000	-0.304447	-0.912396	-0.004848	-0.000000	-0.000000	0.000000
0.086272	0.453905	1.970190	-2.699180	11.446700	0.536054	4.777560	-20.243601	0.738029	0.000000	-0.000000	0.000000	-0.320940	11.598600	0.064531	4.968720	-12.695600	1.025030	0.000000	-0.000000	0.000000	0.000002	-0.000000	0.000049	0.000000	0.000000	0.000000	11.399300	-0.097826	25.692400	-14.126100	-1.230260	4.530330	0.000000	0.000000	0.000000	0.000000	0.000000	0.000000	-6.416030	-40.521301	81.309998	-37.929199	-8.189340	-6.291010	0.000001	-0.000000	-0.000000	-0.158021	-0.966786	-0.002667	-0.000000	0.000000	-0.000000
0.079906	0.227748	1.585580	-2.920440	11.257000	0.570580	5.131550	-19.801201	0.768428	-0.000000	-0.000000	0.000000	-0.774523	12.650500	0.169636	5.996840	-14.653500	1.329320	0.000000	0.000000	0.000000	-0.000002	0.000000	0.000016	0.000000	0.000000	0.000000	11.304500	-0.046050	26.137699	-14.173300	-0.918009	4.601290	0.000000	-0.000000	0.000000	0.000000	0.000000	0.000000	-6.830140	-43.492901	81.216698	-47.580898	-8.512910	-9.431380	-0.000000	-0.000000	-0.000000	-0.162132	-1.299840	-0.003678	-0.000000	-0.000000	0.000000
0.456613	0.536489	1.142570	-3.451570	11.654600	0.698066	5.291800	-20.855200	0.680718	0.000000	-0.000001	0.000000	-0.984312	12.410400	0.211563	5.257430	-14.581300	1.083460	-0.000000	-0.000000	-0.000000	0.000000	0.000000	0.000075	0.000000	0.000000	0.000000	10.134800	-0.291124	27.608200	-13.478400	-1.622970	4.362420	-0.000000	-0.000000	-0.000000	0.000000	0.000000	0.000000	-10.255500	-47.554501	77.563202	-58.042000	-11.774000	-19.375200	0.000000	0.000000	-0.000000	0.252600	-1.047750	0.004619	0.000000	0.000000	0.000000
0.777927	0.181655	0.931597	-4.475210	12.615700	0.979334	5.709390	-22.850500	0.521385	-0.000000	0.000000	0.000000	-2.156420	10.945400	0.409636	6.045650	-11.583000	0.789976	0.000000	-0.000000	0.000000	0.000002	-0.000000	0.000014	0.000000	0.000000	0.000000	9.969540	0.165948	29.816799	-14.343300	-1.620230	4.210520	0.000000	-0.000000	0.000002	0.000000	0.000000	0.000000	-12.165500	-50.790100	75.820099	-68.995003	-12.573100	-33.670101	-0.000000	0.000000	0.000000	0.272690	-1.057210	0.005031	-0.000000	0.000000	-0.000000
0.052690	-0.027187	0.651915	-4.016300	12.285300	0.855930	6.870750	-21.874901	1.098670	-0.000000	0.000000	-0.000000	-0.814833	11.961600	0.168894	5.099950	-13.053100	0.973541	0.000000	-0.000000	-0.000000	-0.000002	0.000000	-0.000019	0.000000	0.000000	0.000000	10.382900	0.408012	29.907499	-14.242600	-1.947690	4.138580	0.000000	0.000000	-0.000002	0.000000	0.000000	0.000000	-11.978900	-52.653702	76.354103	-79.929604	-10.596700	-59.546001	-0.000000	0.000000	0.000000	0.448538	-0.747055	0.005848	-0.000000	-0.000000	-0.000000
0.073768	0.560468	0.443305	-4.558530	11.992300	0.949095	7.556720	-22.368700	1.179920	-0.000000	-0.000000	0.000000	-1.088530	10.528500	0.198926	4.899270	-11.687500	0.776775	-0.000000	0.000000	-0.000000	-0.000002	0.000000	-0.000005	0.000000	0.000000	0.000000	11.316200	0.465299	28.271400	-16.421200	-2.143560	4.181800	-0.000000	-0.000000	0.000000	0.000000	0.000000	0.000000	-13.203300	-57.522301	75.638397	-86.111702	-8.975340	-95.951698	0.000000	-0.000002	0.000000	0.401560	-0.508998	0.003567	0.000000	0.000000	-0.000000
-0.571876	0.561566	0.935159	-2.769830	11.493500	0.552325	6.141040	-21.156099	1.238040	0.000000	-0.000000	0.000000	0.021961	10.535700	-0.004012	5.229030	-11.437200	1.043970	-0.000000	-0.000000	-0.000000	-0.000000	0.000000	0.000051	0.000000	0.000000	0.000000	12.822500	0.370419	25.173201	-17.048201	-2.439530	4.254310	0.000000	0.000000	-0.000000	0.000000	0.000000	0.000000	-14.310400	-57.572300	74.391403	-94.635696	-7.291920	-146.494003	0.000001	-0.000001	0.000001	0.577610	-0.594658	0.005995	-0.000000	0.000000	-0.000000
-0.322746	0.035991	1.146600	-2.556060	12.358000	0.547396	5.053270	-21.200399	0.925023	-0.000000	0.000000	0.000000	0.475126	11.742600	-0.096693	3.540770	-12.932600	0.897936	0.000000	0.000000	0.000000	-0.000002	0.000000	-0.000005	0.000000	0.000000	0.000000	12.545900	0.534263	26.090700	-17.212299	-1.255180	4.534830	-0.000000	0.000000	-0.000002	0.000000	0.000000	0.000000	-15.710700	-56.671001	72.714203	-101.852997	-7.168570	-160.563004	0.000000	-0.000001	-0.000000	0.297349	-0.828540	0.004299	0.000000	0.000000	0.000000
0.541288	0.885246	1.378680	-3.706130	12.018800	0.772769	4.412870	-22.026501	0.295574	0.000000	0.000000	0.000000	-1.538790	11.551000	0.308199	4.612660	-14.378600	0.771778	0.000000	0.000000	-0.000000	-0.000002	0.000000	-0.000020	0.000000	0.000000	0.000000	10.947200	0.055496	27.254200	-15.509100	-1.518570	4.382290	-0.000000	0.000000	0.000000	0.000000	0.000000	0.000000	-15.960700	-54.921299	72.132202	-109.436996	-7.623200	-165.994995	0.000000	0.000000	-0.000000	-0.061102	-0.745578	-0.000795	-0.000000	-0.000000	-0.000000
0.123286	0.853352	1.374020	-3.950660	9.736520	0.669159	5.619630	-17.441700	0.517470	0.000000	-0.000000	-0.000000	-0.623902	11.635800	0.125842	3.035720	-14.971700	0.626733	0.000000	0.000000	-0.000000	-0.000000	0.000000	-0.000002	0.000000	0.000000	0.000000	11.095300	0.484740	28.570601	-14.537000	-1.549930	4.295620	0.000000	0.000000	0.000002	0.000000	0.000000	0.000000	-15.448900	-54.181499	72.589600	-111.084000	-6.959930	-168.292007	-0.000000	-0.000000	0.000001	0.023103	-0.694014	0.000280	0.000000	0.000000	0.000000
-0.480251	-0.359699	1.271980	-2.622580	12.730300	0.578307	4.915500	-20.448999	0.824024	-0.000000	-0.000000	-0.000000	0.272705	12.935500	-0.061042	3.160620	-14.680300	0.869300	-0.000000	-0.000000	0.000000	-0.000002	0.000000	0.000018	0.000000	0.000000	0.000000	11.325900	1.138920	30.382799	-13.739500	-0.842765	4.340780	-0.000000	-0.000000	0.000001	0.000000	0.000000	0.000000	-14.298600	-53.563801	73.800102	-110.199997	-6.126060	-169.466995	0.000000	0.000000	0.000000	0.154598	-0.839033	0.002264	0.000000	0.000000	0.000000
-0.683977	0.295416	1.089031	-2.172900	12.341500	0.464652	4.703980	-20.855600	0.919518	0.000000	-0.000000	0.000000	0.439545	12.511300	-0.095215	3.431280	-14.790800	0.986911	-0.000000	0.000000	-0.000000	0.000002	-0.000000	-0.000117	0.000000	0.000000	0.000000	11.216700	0.912113	29.905899	-13.647700	-1.599440	4.212670	-0.000000	-0.000000	-0.000001	0.000000	0.000000	0.000000	-14.656400	-55.626598	73.731796	-105.185997	-6.342720	-165.878006	0.000000	-0.000000	0.000001	0.450146	-0.516748	0.004060	-0.000000	0.000000	0.000000
-0.410467	0.592046	1.218260	-2.060410	11.293500	0.403671	3.952310	-19.566401	0.647176	0.000000	0.000000	-0.000000	0.050127	11.282300	-0.009803	3.941250	-13.348800	0.922709	-0.000000	-0.000000	-0.000000	-0.000002	-0.000000	0.000075	0.000000	0.000000	0.000000	11.037700	0.303385	28.061899	-13.724800	-2.035410	4.227930	0.000000	0.000000	-0.000000	0.000000	0.000000	0.000000	-14.270500	-55.699402	74.151604	-97.949699	-7.893210	-151.945999	0.000000	-0.000001	0.000000	0.518560	-0.522186	0.004726	-0.000000	-0.000000	-0.000000
-0.370789	-0.134763	1.022890	-2.471330	11.821400	0.506587	4.724640	-19.363199	0.764846	0.000000	-0.000000	-0.000000	0.929943	12.128400	-0.195396	1.555750	-13.689000	0.583666	0.000000	0.000000	0.000000	0.000002	-0.000000	0.000004	0.000000	0.000000	0.000000	10.716200	0.412873	29.125601	-13.418500	-1.869430	4.201890	-0.000000	-0.000001	0.000003	0.000000	0.000000	0.000000	-12.412500	-53.621399	75.958099	-89.668503	-9.085940	-117.667000	0.000000	-0.000001	-0.000000	0.389697	-0.906588	0.006166	-0.000000	0.000000	-0.000000
-0.479631	0.228526	1.128640	-2.449670	10.902600	0.463610	4.599580	-18.421301	0.693651	0.000000	0.000000	-0.000000	0.336411	11.537100	-0.067278	3.062110	-13.723800	0.805543	0.000000	-0.000000	0.000000	0.000000	0.000000	0.000032	0.000000	0.000000	0.000000	10.749900	-0.198747	26.731899	-13.201300	-2.333190	4.254260	0.000000	0.000000	-0.000001	0.000000	0.000000	0.000000	-11.560700	-52.623901	76.777802	-79.039101	-9.768930	-53.371601	0.000000	-0.000000	-0.000000	0.426382	-0.750567	0.005585	0.000000	-0.000000	-0.000000
-0.107256	-0.188360	2.516860	-3.450110	11.397400	0.682581	5.675720	-19.087500	0.750425	0.000000	0.000000	0.000000	-0.727228	12.263500	0.154480	4.412540	-14.118000	0.904150	0.000000	-0.000000	0.000000	-0.000002	0.000000	-0.000046	0.000000	0.000000	0.000000	9.780470	-1.077310	24.624599	-12.404200	-2.392460	4.299090	-0.000000	-0.000000	-0.000001	0.000000	0.000000	0.000000	-10.369600	-49.962601	77.601303	-64.661697	-7.433050	-16.679399	-0.000001	-0.000000	-0.000000	0.577157	-0.845117	0.008513	0.000000	0.000000	0.000000
0.161342	-0.630262	4.139480	-3.667720	11.711500	0.745469	5.577100	-18.799601	0.640176	-0.000000	-0.000000	0.000000	-0.490147	13.905100	0.117796	3.948380	-15.371700	0.921562	0.000000	-0.000000	-0.000000	0.000000	-0.000000	0.000005	0.000000	0.000000	0.000000	9.898580	-1.860350	20.479401	-12.512600	-1.890260	4.563360	-0.000000	-0.000000	-0.000001	0.000000	0.000000	0.000000	-10.960700	-45.653099	75.977097	-50.005600	-7.963260	-9.561360	-0.000000	0.000000	-0.000000	0.328774	-1.119760	0.006424	0.000000	-0.000000	-0.000000
0.224465	-0.745569	4.869280	-3.979320	12.764100	0.880532	6.233330	-21.137600	0.848739	0.000000	-0.000000	-0.000000	-1.217160	14.235200	0.299351	5.580390	-14.878100	1.131990	-0.000000	0.000000	-0.000000	0.000002	-0.000000	-0.000084	0.000000	0.000000	0.000000	10.094400	-1.962010	19.523399	-12.314300	-1.414050	4.687850	-0.000000	-0.000000	0.000000	0.000000	0.000000	0.000000	-9.687260	-40.198200	76.410500	-38.994301	-6.877360	-5.295010	0.000000	-0.000000	-0.000000	0.021332	-0.930139	0.000347	0.000000	-0.000000	0.000000
1.119740	-0.718867	5.189010	-5.087830	12.888100	1.137670	6.457240	-21.153500	0.540658	-0.000000	0.000000	-0.000000	-1.974740	14.935200	0.509130	5.447440	-15.551600	0.950067	0.000000	-0.000000	0.000000	0.000000	-0.000000	-0.000079	0.000000	0.000000	0.000000	9.862960	-1.891850	20.112801	-13.739800	-0.675784	4.807790	-0.000000	0.000000	-0.000002	0.000000	0.000000	0.000000	-10.092600	-36.123501	74.786499	-27.565100	-7.544240	-3.478660	-0.000001	-0.000000	-0.000000	-0.231458	-1.033860	-0.004177	0.000000	-0.000000	0.000001
0.829580	-0.838117	4.992469	-5.337680	12.835900	1.189090	7.283200	-20.771200	0.737674	-0.000000	0.000000	-0.000000	-2.290450	14.975700	0.592167	6.609010	-15.441500	1.172700	-0.000000	-0.000000	0.000000	0.000002	-0.000000	0.000007	0.000000	0.000000	0.000000	10.209100	-1.659020	20.616100	-13.407100	-0.031683	4.938100	-0.000000	-0.000000	-0.000001	0.000000	0.000000	0.000000	-8.672950	-33.332199	76.107101	-16.740700	-6.287060	-1.383840	-0.000000	-0.000000	0.000000	-0.159818	-0.978174	-0.002728	0.000000	-0.000000	0.000000
0.500212	-0.217325	5.192271	-4.645850	12.379100	0.998064	6.592270	-21.084400	0.739418	0.000000	-0.000000	0.000000	-1.774910	13.901200	0.426553	6.427880	-14.745800	1.200080	-0.000000	0.000000	-0.000000	-0.000003	0.000000	-0.000022	0.000000	0.000000	0.000000	10.254000	-1.624250	20.694700	-12.503100	0.095775	4.942620	-0.000000	-0.000000	0.000000	0.000000	0.000000	0.000000	-7.285340	-31.172300	77.622597	-11.892000	-4.689130	-0.492453	0.000001	0.000000	-0.000000	-0.001441	-0.814205	-0.000021	0.000000	-0.000000	0.000000
