-0.067658	1.733961	2.393680	-2.078200	7.632510	0.276143	3.368080	-11.678600	0.264873	0.000000	0.000000	0.000000	0.795192	13.359900	-0.183755	2.573050	-20.210501	1.157350	-0.000000	-0.000000	-0.000000	-0.000000	-0.000000	-0.000086	0.000000	0.000000	0.000000	12.456300	0.000192	24.252600	-17.975300	-1.993760	4.376960	0.000000	0.000001	-0.000002	0.000000	0.000000	0.000000	-14.583800	-53.123299	73.285797	-94.895203	-12.744700	-129.042007	0.000000	-0.000000	-0.000000	0.783279	-0.430828	0.005891	0.000000	-0.000000	-0.000000
0.266755	1.961959	2.254200	-2.760540	7.095490	0.341249	3.644840	-11.160900	0.175281	0.000000	0.000000	0.000000	0.508850	13.014700	-0.114600	1.972740	-20.109900	0.849200	0.000000	-0.000000	-0.000000	0.000002	-0.000000	0.000048	0.000000	0.000000	0.000000	12.096400	-0.514444	23.009899	-18.460899	-2.659750	4.239590	0.000000	0.000000	0.000000	0.000000	0.000000	0.000000	-14.261400	-53.389702	73.703598	-89.143799	-12.909200	-106.851997	0.000000	-0.000002	0.000000	0.760507	-0.516648	0.006858	-0.000000	0.000000	-0.000000
0.115706	1.745686	2.244830	-2.735820	7.583550	0.361320	4.031690	-11.982500	0.274061	-0.000000	0.000000	-0.000000	0.303076	12.741500	-0.066846	2.705300	-19.026100	0.979100	0.000000	-0.000000	-0.000000	0.000000	0.000000	0.000040	0.000000	0.000000	0.000000	12.378200	-0.765141	21.650000	-18.696600	-3.014260	4.192210	-0.000000	-0.000000	-0.000001	0.000000	0.000000	0.000000	-13.944400	-51.482800	73.751999	-81.140999	-13.418100	-69.619797	-0.000000	0.000001	-0.000000	0.768165	-0.542628	0.007275	-0.000000	0.000000	-0.000000
0.129943	1.221580	2.591820	-2.537650	8.016960	0.354142	3.666870	-11.839200	0.236801	-0.000000	0.000000	-0.000000	1.185120	13.873800	-0.284214	1.081320	-20.270800	0.773593	0.000000	-0.000000	0.000000	0.000000	-0.000000	0.000060	0.000000	0.000000	0.000000	12.483900	-1.154660	19.966499	-18.620701	-2.915170	4.298380	-0.000000	0.000000	0.000000	0.000000	0.000000	0.000000	-10.301600	-47.777199	77.386101	-65.243401	-12.531300	-28.191700	-0.000001	-0.000000	-0.000000	0.091276	-0.885710	0.001411	0.000000	-0.000000	0.000000
0.562128	1.044080	3.318209	-3.433140	7.681120	0.459411	4.582420	-10.615400	0.217429	-0.000000	-0.000000	-0.000000	-0.171795	13.351700	0.039669	2.957700	-18.633200	0.892240	0.000000	-0.000000	0.000000	0.000000	0.000000	0.000081	0.000000	0.000000	0.000000	12.399400	-1.636970	18.116600	-18.688299	-3.109720	4.292760	0.000000	0.000000	0.000000	0.000000	0.000000	0.000000	-7.672660	-44.501301	80.047897	-49.800400	-10.381300	-12.816600	0.000000	0.000000	0.000001	-0.500081	-0.955893	-0.008343	-0.000000	0.000000	0.000000
0.238809	0.149002	3.536870	-3.400100	8.957570	0.530012	5.024600	-10.244900	0.296392	-0.000000	-0.000000	0.000000	-0.586964	15.387800	0.155755	4.401960	-19.863899	1.305170	-0.000000	0.000000	0.000000	0.000000	0.000000	0.000068	0.000000	0.000000	0.000000	12.747500	-0.810756	20.606701	-18.875000	-3.024650	4.138890	-0.000000	-0.000000	0.000001	0.000000	0.000000	0.000000	-7.548520	-39.383900	79.376701	-36.125702	-11.696700	-8.681530	0.000000	-0.000000	-0.000000	-0.479837	-0.965032	-0.008081	0.000000	0.000000	-0.000000
-0.302919	-0.517188	3.666441	-1.709150	10.672400	0.316616	3.596450	-11.838900	0.393407	0.000000	-0.000000	-0.000000	1.977550	17.922701	-0.608776	1.465350	-22.719500	1.293890	-0.000000	0.000000	0.000000	0.000000	0.000000	-0.000020	0.000000	0.000000	0.000000	13.683900	-0.099073	21.750200	-19.237400	-2.346950	4.280360	-0.000000	-0.000000	0.000000	0.000000	0.000000	0.000000	-6.872930	-35.313599	79.560097	-24.002501	-11.243600	-4.953260	-0.000000	0.000000	-0.000000	0.150935	-1.133260	0.002985	0.000000	0.000000	0.000000
-0.559661	-0.363208	3.348790	-1.015110	10.665000	0.187880	3.319100	-12.461800	0.501221	-0.000000	-0.000000	-0.000000	3.149150	17.039700	-0.923661	-0.059832	-21.388399	1.077000	0.000000	-0.000000	-0.000000	0.000001	-0.000000	0.000001	0.000000	0.000000	0.000000	14.255300	0.444779	22.818600	-19.405800	-2.277370	4.260240	-0.000000	-0.000000	0.000000	0.000000	0.000000	0.000000	-5.856770	-33.300900	80.752899	-15.349100	-9.605770	-2.482590	0.000001	0.000000	-0.000000	0.321445	-1.273450	0.007144	0.000000	-0.000000	-0.000001
-0.549513	-0.296469	3.002991	-0.935656	10.924900	0.177342	3.164080	-13.185000	0.512409	-0.000000	-0.000000	-0.000000	2.362720	16.768801	-0.682027	1.710160	-20.942600	1.421840	-0.000000	0.000000	-0.000000	-0.000002	0.000000	0.000073	0.000000	0.000000	0.000000	14.304000	1.198030	25.122200	-19.530399	-1.555090	4.387080	0.000000	0.000000	-0.000001	0.000000	0.000000	0.000000	-5.272890	-32.241001	81.526001	-13.317900	-7.758630	-1.582500	0.000001	0.000000	0.000000	0.165927	-1.161240	0.003363	0.000000	0.000000	0.000000
-0.517524	-0.045253	2.351110	-0.549732	10.575700	0.100896	2.414210	-12.630500	0.409873	-0.000000	0.000000	-0.000000	2.538380	15.786300	-0.690988	1.579460	-19.552200	1.348000	-0.000000	0.000000	-0.000000	-0.000001	0.000000	0.000089	0.000000	0.000000	0.000000	14.708100	1.665950	26.058001	-19.584700	-0.179988	4.853870	-0.000000	0.000000	0.000000	0.000000	0.000000	0.000000	-4.792090	-32.589199	82.459198	-13.239900	-7.146620	-1.406120	0.000000	0.000000	-0.000000	0.159109	-1.276430	0.003544	-0.000000	-0.000000	-0.000000
-0.325367	0.113287	1.748810	-0.660974	9.966780	0.114403	1.718350	-11.479100	0.212440	-0.000000	0.000000	-0.000000	2.494910	15.656900	-0.673715	0.480000	-20.406099	1.005720	0.000000	-0.000000	0.000000	-0.000001	0.000000	-0.000009	0.000000	0.000000	0.000000	14.444400	1.944670	27.373501	-19.034700	-0.143268	4.803620	-0.000000	0.000000	-0.000002	0.000000	0.000000	0.000000	-5.390030	-33.142601	81.719803	-19.676001	-8.904030	-2.892520	0.000000	-0.000000	-0.000000	0.293636	-1.259590	0.006455	-0.000000	-0.000000	0.000000
0.187636	0.208275	1.843590	-1.371210	10.006200	0.238296	1.956980	-12.033600	0.126482	-0.000000	0.000000	-0.000000	1.713460	15.193500	-0.449194	0.938683	-19.895000	0.882671	0.000000	0.000000	-0.000000	-0.000001	0.000000	0.000008	0.000000	0.000000	0.000000	14.023800	1.459390	26.570900	-18.517200	0.420263	5.026710	0.000000	0.000000	-0.000000	0.000000	0.000000	0.000000	-6.750570	-35.038898	79.982201	-29.609600	-11.223800	-6.143240	0.000000	-0.000000	-0.000000	-0.039356	-1.318770	-0.000906	-0.000000	-0.000000	0.000000
0.547665	0.212447	2.401320	-2.274280	9.700080	0.383388	2.746390	-11.772100	0.102962	0.000000	-0.000000	0.000000	0.524324	15.456000	-0.139740	2.159600	-20.753700	0.944934	-0.000000	-0.000000	0.000000	0.000000	0.000000	0.000053	0.000000	0.000000	0.000000	13.566400	0.721807	24.875799	-18.574400	0.170001	5.027540	0.000000	0.000000	-0.000002	0.000000	0.000000	0.000000	-7.389640	-38.983700	79.703102	-40.403702	-10.390100	-8.789910	-0.000000	0.000000	0.000000	-0.191513	-1.319090	-0.004408	-0.000000	-0.000000	0.000000
0.984681	1.140281	1.663480	-2.834700	8.592220	0.423842	2.464450	-11.280400	-0.066192	0.000000	0.000000	-0.000000	-0.472814	14.386800	0.117476	2.464590	-20.868401	0.715061	0.000000	0.000000	-0.000000	0.000000	0.000000	0.000062	0.000000	0.000000	0.000000	12.811400	0.263562	24.716499	-19.011801	-1.099060	4.677080	0.000000	-0.000000	-0.000000	0.000000	0.000000	0.000000	-8.744360	-43.364399	78.742401	-52.981800	-12.568900	-16.936001	-0.000000	-0.000000	-0.000001	-0.027772	-0.764631	-0.000370	0.000000	0.000000	0.000000
0.577033	1.951528	2.148080	-2.957030	6.645530	0.342505	3.202970	-9.986400	0.046099	0.000000	-0.000000	0.000000	-0.069387	12.420300	0.014921	2.415970	-19.427601	0.781445	0.000000	-0.000000	-0.000000	0.000002	-0.000000	0.000072	0.000000	0.000000	0.000000	12.684700	-0.854642	20.945999	-19.254000	-3.154560	4.184820	-0.000000	-0.000000	0.000000	0.000000	0.000000	0.000000	-12.855300	-46.980301	74.226402	-68.051399	-15.376400	-37.178398	0.000001	-0.000000	-0.000001	0.576560	-0.756543	0.007613	0.000000	0.000000	0.000000
1.091490	1.723410	1.603040	-3.802230	8.300500	0.549693	3.931390	-13.218400	0.038664	-0.000000	0.000000	-0.000000	-1.351190	12.639400	0.295705	3.969650	-18.941999	0.861176	0.000000	0.000000	0.000000	-0.000003	0.000000	-0.000064	0.000000	0.000000	0.000000	12.143300	-0.164267	24.328899	-20.113001	-4.010420	3.658420	0.000000	0.000001	-0.000001	0.000000	0.000000	0.000000	-13.794700	-50.137600	73.770302	-78.049797	-15.065300	-60.651600	-0.000000	-0.000002	0.000002	0.308109	-0.501050	0.002695	0.000000	0.000000	-0.000000
1.315125	1.726374	1.558030	-4.846500	7.293120	0.616685	5.310920	-11.312000	0.098813	0.000000	0.000000	0.000000	-1.662870	12.586700	0.362459	3.656920	-18.869699	0.658092	0.000000	-0.000000	0.000000	0.000003	-0.000000	-0.000006	0.000000	0.000000	0.000000	11.093700	-0.174517	26.123501	-19.285500	-3.936780	3.606610	0.000000	0.000001	-0.000001	0.000000	0.000000	0.000000	-15.450800	-54.433498	72.616600	-85.779099	-13.193400	-91.374901	-0.000000	-0.000000	-0.000000	0.316939	-0.292976	0.001621	0.000000	-0.000000	-0.000000
0.330640	1.149520	1.910240	-3.302840	7.170510	0.412716	4.635390	-10.034300	0.236733	-0.000000	0.000000	-0.000000	0.168544	13.260700	-0.038665	2.374730	-19.480400	0.847142	0.000000	-0.000000	0.000000	0.000000	0.000000	0.000014	0.000000	0.000000	0.000000	11.682200	-0.001151	25.608601	-18.688999	-3.888100	3.657970	-0.000000	0.000000	-0.000001	0.000000	0.000000	0.000000	-16.414801	-55.632500	71.716202	-90.832397	-11.608400	-117.639999	0.000001	-0.000001	-0.000001	0.580816	-0.473980	0.004805	-0.000000	0.000000	-0.000000
0.031650	1.301044	1.822156	-3.100730	7.859360	0.424404	4.841100	-11.170700	0.342924	-0.000000	0.000000	-0.000000	0.431909	13.984900	-0.104383	2.562130	-20.528500	1.046270	-0.000000	0.000000	-0.000000	-0.000000	-0.000000	-0.000099	0.000000	0.000000	0.000000	11.677700	0.192475	26.348101	-18.114201	-3.023310	3.929880	0.000000	0.000000	0.000001	0.000000	0.000000	0.000000	-16.423401	-57.549999	72.006699	-91.852303	-9.822360	-127.021004	0.000001	-0.000002	-0.000001	0.558550	-0.392116	0.003823	-0.000000	-0.000000	-0.000000
-0.347033	1.655770	1.917320	-2.003520	7.490400	0.261283	3.630120	-11.719100	0.333948	-0.000000	0.000000	-0.000000	0.771251	13.140600	-0.175348	2.961040	-20.233400	1.285390	0.000000	-0.000000	-0.000000	-0.000000	0.000000	0.000080	0.000000	0.000000	0.000000	11.852700	0.060925	25.572201	-17.339899	-2.885940	4.050040	-0.000000	-0.000000	-0.000000	0.000000	0.000000	0.000000	-15.211600	-57.442402	73.295998	-91.294899	-8.904770	-127.135002	0.000000	-0.000002	0.000000	0.685432	-0.357992	0.004283	-0.000000	0.000000	-0.000000
-0.269157	0.812477	1.888890	-2.051360	9.769810	0.348240	3.458560	-14.303600	0.355085	0.000000	0.000000	-0.000000	0.761745	14.727700	-0.193667	2.918220	-21.072399	1.315680	-0.000000	-0.000000	0.000000	0.000000	-0.000000	0.000018	0.000000	0.000000	0.000000	11.790100	1.080450	29.199100	-16.955900	-1.295870	4.286660	-0.000000	0.000000	-0.000003	0.000000	0.000000	0.000000	-14.097500	-53.355801	73.930702	-85.749496	-10.887300	-91.344597	-0.000000	0.000001	-0.000000	0.438829	-0.794223	0.006083	0.000000	-0.000000	-0.000000
-0.043789	0.489077	1.991210	-2.477710	9.862200	0.424634	3.517110	-13.259000	0.246822	-0.000000	0.000000	-0.000000	0.435790	14.621600	-0.110013	2.543620	-20.090500	1.019400	-0.000000	0.000000	-0.000000	0.000002	-0.000000	0.000050	0.000000	0.000000	0.000000	11.845800	1.266970	29.670700	-16.487801	-0.002028	4.620070	-0.000000	0.000000	0.000000	0.000000	0.000000	0.000000	-10.807400	-49.667900	77.140198	-75.691902	-9.877710	-41.429798	-0.000000	0.000000	0.000000	0.154149	-0.828770	0.002230	0.000000	-0.000000	0.000000
-0.078585	0.483130	2.324780	-2.813750	9.640780	0.471588	4.495640	-12.788400	0.381201	-0.000000	0.000000	-0.000000	0.557733	15.127200	-0.145553	2.497650	-20.823500	1.080170	-0.000000	0.000000	0.000000	0.000000	-0.000000	0.000044	0.000000	0.000000	0.000000	12.728500	0.973023	27.047600	-16.740499	-0.012592	4.784100	-0.000000	-0.000000	-0.000002	0.000000	0.000000	0.000000	-9.317380	-47.957100	78.637398	-56.500702	-9.550280	-15.010400	0.000000	0.000000	0.000000	0.054338	-1.243690	0.001179	-0.000000	0.000000	0.000000
-0.192254	0.460040	3.403763	-1.757620	9.905810	0.302453	3.422300	-13.710700	0.400885	-0.000000	-0.000000	0.000000	1.495310	15.476400	-0.399094	1.801940	-21.469601	1.188070	-0.000000	0.000000	-0.000000	0.000002	-0.000000	0.000056	0.000000	0.000000	0.000000	13.190500	0.076837	23.161800	-17.516199	-0.279090	4.916300	-0.000000	0.000000	-0.000002	0.000000	0.000000	0.000000	-7.801800	-43.747898	79.779503	-42.671600	-8.671900	-8.130960	-0.000000	0.000000	-0.000000	-0.137566	-1.109200	-0.002663	0.000000	0.000000	0.000000
-0.846956	0.231913	4.171602	-0.369103	9.986910	0.064012	2.553910	-13.454000	0.509864	0.000000	-0.000000	0.000000	2.875810	16.080799	-0.797196	0.979719	-21.935600	1.399930	0.000000	-0.000001	0.000000	0.000000	-0.000000	0.000055	0.000000	0.000000	0.000000	13.640700	-0.623190	20.076900	-17.533199	-0.848796	4.887290	-0.000000	-0.000000	0.000000	0.000000	0.000000	0.000000	-7.376800	-40.112202	79.666801	-27.633600	-7.609710	-3.871510	-0.000001	-0.000000	-0.000000	0.049953	-1.059720	0.000924	0.000000	-0.000000	0.000000
-1.194880	-0.121168	4.498443	0.644040	11.235900	-0.125495	1.421040	-15.150700	0.536713	0.000000	0.000000	0.000000	3.919780	16.547600	-1.118000	0.224040	-21.862900	1.484620	0.000000	0.000000	-0.000000	-0.000001	0.000000	-0.000060	0.000000	0.000000	0.000000	14.024600	-0.454093	20.100500	-18.305500	-1.173290	4.765020	0.000000	-0.000000	0.000000	0.000000	0.000000	0.000000	-7.034470	-36.709000	79.486504	-16.264000	-7.637060	-2.036630	0.000001	-0.000000	-0.000000	-0.089794	-1.054140	-0.001652	0.000000	0.000000	-0.000000
-1.071560	-0.048112	4.705911	0.962874	10.141800	-0.169561	0.741963	-12.648500	0.370113	0.000000	-0.000000	-0.000000	3.981480	15.990500	-1.098440	-0.064317	-20.673000	1.330090	-0.000000	0.000000	-0.000000	0.000000	0.000000	0.000005	0.000000	0.000000	0.000000	13.644500	-0.478477	20.440500	-18.247101	-2.036440	4.445740	-0.000000	0.000000	0.000000	0.000000	0.000000	0.000000	-7.206340	-34.645302	78.770203	-10.644500	-7.435920	-1.115910	-0.000000	0.000000	0.000000	-0.142227	-0.891834	-0.002214	-0.000000	0.000000	-0.000001
-0.682054	0.088191	4.596240	0.091632	10.223900	-0.016264	1.441740	-13.433100	0.355959	-0.000000	-0.000000	0.000000	2.622560	15.783200	-0.713796	1.631360	-20.236700	1.439430	0.000000	0.000000	-0.000000	-0.000002	0.000000	0.000000	0.000000	0.000000	0.000000	13.675100	-0.343561	20.873301	-18.968901	-2.078890	4.404520	-0.000000	0.000000	0.000000	0.000000	0.000000	0.000000	-7.379380	-34.355999	78.457901	-10.779700	-7.797700	-1.187640	0.000000	0.000000	-0.000000	-0.119324	-1.024820	-0.002135	-0.000000	0.000000	0.000000
0.167801	0.395812	4.594280	-1.033380	10.070900	0.180721	1.640440	-14.124900	0.152040	0.000000	0.000000	0.000000	1.183470	14.981700	-0.305984	2.465010	-19.684900	1.216860	-0.000000	-0.000000	0.000000	-0.000002	0.000000	0.000046	0.000000	0.000000	0.000000	13.100700	-0.726076	20.313900	-18.273899	-1.738280	4.562270	0.000000	-0.000000	0.000000	0.000000	0.000000	0.000000	-8.304640	-35.477402	77.345802	-14.086400	-8.550500	-1.833110	0.000002	-0.000000	-0.000000	-0.158911	-0.846571	-0.002348	0.000000	-0.000000	0.000000
0.406894	-0.016527	4.034080	-2.201170	9.772500	0.373797	2.823290	-12.090000	0.137003	0.000000	0.000000	0.000000	0.598654	15.589500	-0.160892	2.540080	-19.560600	1.044410	0.000000	-0.000000	0.000000	-0.000000	0.000000	-0.000002	0.000000	0.000000	0.000000	12.966300	-0.224369	22.284000	-17.039600	-1.146580	4.645990	-0.000000	0.000000	-0.000001	0.000000	0.000000	0.000000	-7.923810	-37.276001	78.374496	-21.884001	-9.340930	-3.570470	0.000000	-0.000000	-0.000000	0.019182	-0.762818	0.000255	0.000000	0.000000	-0.000001
0.640204	0.273841	3.666231	-3.121770	8.508010	0.462304	3.662440	-9.794720	0.097834	0.000000	-0.000000	0.000000	-0.341018	15.377700	0.090428	3.233320	-19.576900	0.973966	-0.000000	0.000000	0.000000	0.000000	-0.000000	0.000033	0.000000	0.000000	0.000000	12.657700	-0.417883	22.136200	-16.074100	-1.834950	4.477200	0.000000	0.000000	0.000000	0.000000	0.000000	0.000000	-7.308850	-40.305500	79.833298	-33.031700	-8.436500	-5.446010	-0.000000	0.000000	0.000000	-0.388654	-0.916402	-0.006216	-0.000000	0.000000	-0.000000
1.283170	0.310382	3.674691	-4.109220	9.176990	0.656451	3.860660	-11.859100	-0.040249	0.000000	0.000000	-0.000000	-1.226500	15.630000	0.330488	2.989270	-20.660601	0.638162	-0.000000	0.000000	-0.000000	0.000000	0.000000	-0.000045	0.000000	0.000000	0.000000	11.620900	-0.641617	22.860500	-15.290700	-1.724550	4.465300	-0.000000	0.000000	-0.000001	0.000000	0.000000	0.000000	-9.431550	-41.653000	77.237297	-45.834801	-10.640900	-11.062200	-0.000000	-0.000000	0.000000	-0.673321	-1.081670	-0.012711	-0.000000	0.000000	-0.000000
1.670260	0.872939	3.652272	-5.177530	8.021270	0.724405	4.752690	-11.070900	-0.071820	0.000000	-0.000000	0.000000	-2.704370	14.275600	0.667316	4.481320	-19.839300	0.631637	-0.000000	0.000000	0.000000	-0.000003	0.000000	0.000027	0.000000	0.000000	0.000000	10.955800	-0.977220	22.666500	-14.934500	-1.934770	4.432530	-0.000000	0.000000	-0.000000	0.000000	0.000000	0.000000	-12.016800	-44.875801	74.591103	-57.706699	-13.088400	-21.113300	0.000001	0.000001	0.000001	-0.570223	-1.012070	-0.010072	0.000000	-0.000000	-0.000000
1.959440	0.696072	2.936540	-6.151080	8.712750	0.935276	5.260110	-12.114900	-0.172039	-0.000000	-0.000000	0.000000	-3.283430	14.574900	0.827098	4.241060	-19.679399	0.358158	0.000000	-0.000000	0.000000	-0.000000	-0.000000	0.000046	0.000000	0.000000	0.000000	10.483600	-0.376632	26.058300	-15.424400	-1.943600	4.240830	-0.000000	-0.000000	0.000000	0.000000	0.000000	0.000000	-13.440400	-49.375801	73.842400	-68.190002	-13.460700	-34.221100	0.000001	0.000000	0.000001	-0.339537	-0.987074	-0.005848	0.000000	-0.000000	-0.000000
1.517060	0.109979	2.599890	-5.603330	9.783380	0.955092	5.007960	-12.203800	-0.108572	0.000000	-0.000000	-0.000000	-2.542090	15.571100	0.682790	3.506640	-20.238400	0.366006	0.000000	-0.000000	0.000000	0.000000	0.000000	0.000007	0.000000	0.000000	0.000000	10.274000	0.094835	28.377501	-15.166100	-1.625570	4.184780	0.000000	0.000000	-0.000000	0.000000	0.000000	0.000000	-14.349100	-51.259300	73.174698	-79.261101	-13.158100	-62.109901	-0.000000	-0.000000	0.000001	-0.307601	-1.325380	-0.007114	0.000000	-0.000000	-0.000000
0.850367	-0.233708	1.856360	-5.392500	10.057200	0.944399	5.856120	-11.744300	0.111289	-0.000000	0.000000	0.000000	-2.437330	14.879100	0.626207	4.610800	-18.009701	0.697603	0.000000	-0.000000	0.000000	0.000000	0.000000	0.000042	0.000000	0.000000	0.000000	10.771500	1.034630	31.000999	-15.344100	-1.804750	3.996280	0.000000	-0.000000	-0.000001	0.000000	0.000000	0.000000	-14.491400	-53.882000	73.551598	-86.932098	-11.652100	-98.084198	-0.000000	-0.000001	0.000000	0.062856	-1.018370	0.001117	0.000000	0.000000	0.000000
0.063122	0.058773	2.190810	-3.376440	10.320000	0.605554	4.453580	-12.901500	0.252741	-0.000000	0.000000	-0.000000	-0.770677	15.014000	0.199656	4.179350	-18.875000	1.112430	0.000000	0.000000	-0.000000	-0.000002	0.000000	0.000033	0.000000	0.000000	0.000000	11.595600	0.959059	29.007999	-15.173700	-2.948420	3.812350	-0.000000	0.000000	-0.000001	0.000000	0.000000	0.000000	-14.729400	-57.245998	73.747299	-90.177803	-9.106150	-121.167000	0.000000	0.000000	-0.000000	0.402689	-1.128420	0.007931	0.000000	0.000000	0.000000
-0.309611	0.887520	2.107550	-2.501110	9.318020	0.405214	3.933330	-12.380800	0.314229	0.000000	-0.000000	0.000000	0.935092	14.931000	-0.240954	1.986380	-20.583500	1.016770	-0.000000	-0.000000	-0.000000	0.000000	0.000000	-0.000040	0.000000	0.000000	0.000000	12.241100	0.771159	27.270901	-15.455200	-3.617000	3.761120	0.000000	0.000000	0.000002	0.000000	0.000000	0.000000	-14.326400	-59.522999	74.487099	-91.255501	-7.913110	-130.893997	-0.000000	0.000000	0.000002	0.331812	-0.630822	0.003654	-0.000000	-0.000000	-0.000000
-0.670289	1.437891	2.352460	-1.495350	7.489650	0.194958	3.278520	-10.679400	0.332915	-0.000000	-0.000000	-0.000000	1.215960	13.198400	-0.277671	2.818900	-18.963499	1.302650	0.000000	0.000000	-0.000000	0.000002	-0.000000	-0.000051	0.000000	0.000000	0.000000	12.776800	0.433078	25.225401	-16.468201	-3.078480	4.009110	0.000000	-0.000000	0.000002	0.000000	0.000000	0.000000	-14.177100	-60.006500	74.681396	-91.446800	-7.181440	-134.701996	0.000000	0.000001	0.000001	0.587102	-0.123900	0.001269	0.000000	-0.000000	-0.000000
-0.442977	1.422350	2.458420	-1.501070	7.990580	0.208709	3.403530	-12.176200	0.404484	0.000000	-0.000000	0.000000	1.211980	13.355800	-0.280004	2.711690	-19.250601	1.284590	0.000000	-0.000000	-0.000000	-0.000002	0.000000	0.000092	0.000000	0.000000	0.000000	12.884500	0.706386	25.933500	-17.849400	-1.989230	4.260630	-0.000000	-0.000000	0.000002	0.000000	0.000000	0.000000	-14.001700	-56.943199	74.484299	-93.761803	-8.847690	-136.908997	-0.000001	0.000001	-0.000000	0.707407	-0.373947	0.004617	-0.000000	0.000000	-0.000000
-0.066045	1.832720	2.622440	-2.360250	7.399880	0.304153	3.917660	-11.598400	0.317152	-0.000000	-0.000000	-0.000000	1.149150	13.037000	-0.259260	1.655510	-19.644300	0.933560	0.000000	-0.000000	-0.000000	0.000002	-0.000000	-0.000069	0.000000	0.000000	0.000000	12.611200	0.396676	25.318199	-18.459299	-2.205600	4.217670	0.000000	0.000000	0.000000	0.000000	0.000000	0.000000	-13.939500	-56.169998	74.422997	-89.503197	-9.416750	-115.692001	-0.000001	0.000001	-0.000000	0.674581	-0.618393	0.007281	-0.000000	-0.000000	0.000000
-0.036068	2.062752	2.834921	-2.201930	7.420030	0.284499	3.309690	-12.358900	0.241080	0.000000	-0.000000	-0.000000	1.039770	13.003800	-0.233991	1.513280	-20.145800	0.870613	0.000000	-0.000000	0.000000	-0.000002	0.000000	0.000063	0.000000	0.000000	0.000000	12.711200	-0.123640	23.360001	-18.499901	-2.663530	4.185160	-0.000000	-0.000000	0.000001	0.000000	0.000000	0.000000	-12.280200	-51.741798	75.631302	-84.142303	-10.176000	-80.533600	0.000000	-0.000000	0.000000	0.454778	-0.518717	0.004117	-0.000000	0.000000	-0.000000
-0.045186	2.216580	3.131600	-2.371190	6.831920	0.282228	3.429660	-11.421000	0.212957	0.000000	-0.000000	-0.000000	0.797902	12.344600	-0.170596	2.110540	-19.129700	0.947790	0.000000	0.000000	-0.000000	-0.000002	-0.000000	-0.000039	0.000000	0.000000	0.000000	12.978200	-0.601087	21.278000	-18.802999	-2.860850	4.229920	-0.000000	-0.000000	-0.000000	0.000000	0.000000	0.000000	-11.733900	-50.567200	76.049301	-68.347000	-11.705900	-30.943399	0.000000	-0.000001	-0.000000	0.452988	-0.612157	0.004839	0.000000	-0.000000	-0.000000
-0.349603	0.618734	3.416070	-1.438920	9.510660	0.237802	2.724630	-13.953100	0.314842	0.000000	-0.000000	-0.000000	1.409980	14.739600	-0.358803	2.153830	-20.571600	1.237300	0.000000	-0.000001	0.000000	-0.000000	-0.000000	-0.000041	0.000000	0.000000	0.000000	13.144900	-0.162443	22.412001	-18.689199	-2.339510	4.293370	-0.000000	-0.000000	0.000001	0.000000	0.000000	0.000000	-8.516550	-46.346100	79.246498	-50.572899	-8.929750	-11.274400	-0.000000	-0.000000	-0.000001	0.075061	-1.269140	0.001662	-0.000000	-0.000000	-0.000000
0.027187	0.617861	4.262811	-1.666230	9.893340	0.286359	2.437420	-14.383800	0.197748	-0.000000	-0.000000	-0.000000	1.563920	14.911600	-0.402537	1.090840	-19.909500	0.886642	-0.000000	0.000000	-0.000000	0.000002	-0.000000	-0.000041	0.000000	0.000000	0.000000	12.920800	-0.775215	20.441299	-18.626699	-1.989100	4.488200	0.000000	0.000000	0.000000	0.000000	0.000000	0.000000	-8.109700	-40.158798	78.651497	-40.093800	-9.473970	-8.034140	-0.000000	0.000000	-0.000000	-0.491355	-1.093430	-0.009376	0.000000	-0.000000	0.000000
-0.796228	0.101638	4.743119	-0.515675	9.712900	0.087003	2.042100	-12.425500	0.330104	-0.000000	0.000000	-0.000000	2.398840	15.060000	-0.623628	1.489560	-18.737600	1.224220	0.000000	-0.000000	0.000000	0.000002	-0.000000	0.000009	0.000000	0.000000	0.000000	14.156200	-0.503055	19.741699	-18.483999	-2.282300	4.401660	0.000000	0.000000	0.000000	0.000000	0.000000	0.000000	-7.652730	-35.794800	78.359100	-29.791401	-10.000400	-5.629850	-0.000000	-0.000000	0.000000	-0.179871	-0.884996	-0.002778	-0.000000	0.000000	-0.000000
-0.936279	-0.169282	4.689250	0.653134	10.166700	-0.115290	0.731838	-12.571800	0.299280	0.000000	-0.000000	0.000000	3.039520	15.225700	-0.798940	1.446010	-18.440399	1.387510	0.000000	-0.000000	0.000000	-0.000000	-0.000000	0.000015	0.000000	0.000000	0.000000	14.579700	-0.081299	20.588400	-19.309999	-2.274760	4.340500	0.000000	-0.000000	0.000000	0.000000	0.000000	0.000000	-6.895990	-34.697399	79.246803	-19.700001	-9.446430	-3.266350	-0.000001	-0.000000	0.000000	0.057638	-1.053370	0.001060	0.000000	0.000000	0.000000
-0.943731	0.032821	4.744240	0.705817	10.966100	-0.134270	0.830349	-14.225100	0.374398	-0.000000	0.000000	0.000000	3.030980	15.627200	-0.817180	1.424150	-19.403601	1.445290	0.000000	0.000000	0.000000	-0.000000	0.000000	0.000010	0.000000	0.000000	0.000000	14.148900	-0.178607	20.796900	-18.093901	-2.146130	4.387350	-0.000000	-0.000000	-0.000001	0.000000	0.000000	0.000000	-6.703900	-32.998199	79.152100	-16.790001	-8.674100	-2.412530	0.000001	-0.000000	-0.000000	-0.101316	-0.964686	-0.001706	-0.000000	-0.000000	0.000001
-0.737586	0.418831	3.796820	-0.393873	9.169940	0.062769	2.145430	-11.940800	0.363549	0.000000	-0.000000	0.000000	2.120420	13.847000	-0.507699	2.325580	-17.305700	1.306540	0.000000	-0.000000	-0.000000	-0.000001	0.000000	0.000037	0.000000	0.000000	0.000000	14.285200	0.599057	23.252800	-18.164801	-2.144950	4.291820	-0.000000	-0.000000	0.000003	0.000000	0.000000	0.000000	-6.321640	-33.773499	80.058800	-17.688999	-8.115090	-2.343670	0.000001	-0.000000	-0.000000	-0.067496	-0.868741	-0.001023	-0.000000	0.000000	-0.000000
0.253573	-0.122660	3.444260	-1.494500	10.081700	0.261671	1.936790	-12.675600	0.102121	0.000000	0.000000	0.000000	0.934666	14.667700	-0.236692	2.204530	-17.924400	0.957603	-0.000000	0.000000	0.000000	-0.000002	0.000000	-0.000047	0.000000	0.000000	0.000000	13.386100	0.687021	24.818899	-16.450500	-0.766233	4.627350	-0.000000	0.000000	0.000000	0.000000	0.000000	0.000000	-7.102410	-33.722198	78.903999	-23.103001	-9.305800	-3.677440	0.000001	-0.000000	-0.000001	-0.268170	-1.171040	-0.005480	0.000000	0.000000	-0.000000
0.426195	-0.903529	3.375130	-2.601170	10.424800	0.470978	3.250830	-11.204100	0.134591	-0.000000	0.000000	-0.000000	0.668822	16.220501	-0.186839	1.645560	-18.728600	0.734919	-0.000000	0.000000	0.000000	-0.000002	0.000000	0.000082	0.000000	0.000000	0.000000	12.746800	0.923931	26.537001	-15.119200	0.009572	4.697380	0.000000	0.000000	0.000000	0.000000	0.000000	0.000000	-7.034910	-34.718102	79.221802	-31.578100	-8.714720	-5.102170	0.000001	0.000000	-0.000000	-0.497333	-1.030980	-0.008949	-0.000000	0.000000	0.000000
0.264680	0.069433	2.740840	-2.631000	9.675230	0.442474	3.475370	-11.549400	0.176567	0.000000	-0.000000	-0.000000	-0.016410	14.784100	0.004183	3.239400	-17.743999	0.983362	0.000000	-0.000000	0.000000	0.000000	-0.000000	-0.000004	0.000000	0.000000	0.000000	12.946400	0.841604	26.147800	-15.576800	-1.150630	4.468650	0.000000	0.000000	-0.000000	0.000000	0.000000	0.000000	-6.244350	-38.969398	81.222000	-41.375301	-7.456240	-6.483190	0.000000	0.000000	0.000000	-0.203373	-0.886102	-0.003145	0.000000	-0.000000	-0.000000
0.235787	0.339803	2.285090	-2.058850	8.793410	0.314872	2.426550	-10.889800	0.074042	-0.000000	0.000000	-0.000000	0.947299	14.015900	-0.229449	1.335710	-17.780500	0.688876	0.000000	0.000000	-0.000000	0.000002	-0.000000	-0.000067	0.000000	0.000000	0.000000	13.054600	0.806479	25.977600	-16.015499	-1.989430	4.274340	-0.000000	-0.000000	0.000000	0.000000	0.000000	0.000000	-7.057490	-42.103298	80.651604	-53.125599	-9.569170	-13.101500	-0.000000	0.000000	0.000000	-0.019025	-0.829660	-0.000275	-0.000000	0.000000	-0.000000
0.947810	0.397423	2.186970	-3.021990	9.127920	0.479835	2.658450	-11.560000	-0.065170	0.000000	-0.000000	-0.000000	-0.726198	14.429500	0.180962	3.126680	-18.821800	0.782276	0.000000	0.000000	0.000000	-0.000003	0.000000	-0.000051	0.000000	0.000000	0.000000	11.755800	0.684953	27.795300	-16.252600	-2.441720	4.018310	0.000000	0.000000	-0.000000	0.000000	0.000000	0.000000	-9.430920	-46.087399	78.218903	-65.123703	-11.583000	-25.992701	0.000001	0.000000	0.000002	0.190701	-0.661844	0.002203	-0.000000	0.000000	0.000000
1.373050	-0.286910	2.858680	-4.678350	9.698370	0.789822	4.354820	-11.305700	-0.050285	-0.000000	-0.000000	0.000000	-2.041760	14.933200	0.526349	4.012090	-18.125999	0.634697	0.000000	-0.000000	-0.000000	-0.000000	0.000000	0.000047	0.000000	0.000000	0.000000	10.562300	0.069655	27.630501	-15.493900	-2.431050	3.992430	0.000000	0.000000	0.000001	0.000000	0.000000	0.000000	-13.684700	-49.229900	73.547600	-73.934998	-14.706300	-48.613899	0.000000	-0.000000	-0.000000	0.089469	-1.271530	0.001986	-0.000000	-0.000000	-0.000000
1.054210	-0.686178	2.718720	-5.038460	9.816840	0.861205	5.185950	-10.844600	0.041671	-0.000000	-0.000000	-0.000000	-2.403000	15.044500	0.624079	4.714220	-17.546000	0.722002	0.000000	-0.000000	0.000000	0.000000	0.000000	-0.000041	0.000000	0.000000	0.000000	10.074000	0.374307	29.837700	-14.404200	-2.351940	3.887270	0.000000	0.000000	-0.000001	0.000000	0.000000	0.000000	-15.248700	-51.770100	72.227097	-83.020599	-13.169800	-78.300598	-0.000000	-0.000000	0.000000	0.130805	-1.229840	0.002808	-0.000000	0.000000	-0.000000
0.712836	-0.893226	2.980660	-4.425830	10.699300	0.823256	4.682680	-11.903200	0.068882	0.000000	0.000000	-0.000000	-1.708620	15.575400	0.458899	4.175220	-18.044399	0.783945	0.000000	-0.000000	0.000000	0.000000	-0.000000	-0.000065	0.000000	0.000000	0.000000	10.433100	0.458041	29.301100	-14.240900	-2.481400	3.876460	0.000000	0.000001	-0.000002	0.000000	0.000000	0.000000	-16.250999	-51.622700	71.038696	-91.352798	-12.944100	-116.660004	-0.000000	-0.000000	0.000000	0.152973	-1.255610	0.003353	0.000000	0.000000	-0.000000
0.056974	0.057008	2.104500	-3.833890	9.339770	0.623102	4.929440	-11.078500	0.220325	0.000000	0.000000	-0.000000	-1.171950	14.507100	0.293610	4.479990	-17.634899	1.014540	-0.000000	-0.000000	-0.000000	-0.000000	0.000000	0.000026	0.000000	0.000000	0.000000	11.442800	0.870040	29.055700	-14.619200	-3.121190	3.795960	0.000000	-0.000000	0.000002	0.000000	0.000000	0.000000	-15.580800	-55.914398	72.635101	-91.963997	-11.120600	-123.677002	-0.000000	0.000002	-0.000001	0.336895	-1.189570	0.006995	0.000000	0.000000	0.000000
-0.386938	0.043639	1.188910	-2.537810	8.797950	0.388407	4.013760	-10.392200	0.271690	0.000000	-0.000000	-0.000000	0.527965	14.083900	-0.128481	2.667280	-17.997000	0.983239	0.000000	-0.000000	0.000000	-0.000000	0.000000	-0.000041	0.000000	0.000000	0.000000	11.662600	1.769380	31.873800	-14.995700	-2.561300	3.798820	0.000000	-0.000000	-0.000001	0.000000	0.000000	0.000000	-14.225300	-55.932400	74.243301	-93.373901	-11.592900	-127.693001	0.000000	0.000000	0.000000	0.432570	-1.104990	0.008342	0.000000	-0.000000	0.000000
-0.862466	0.323416	0.623021	-1.785590	9.040100	0.280652	3.563640	-10.996100	0.343488	0.000000	0.000000	-0.000000	0.841434	13.767700	-0.200262	2.965140	-17.493099	1.138460	0.000000	0.000000	0.000000	-0.000000	0.000000	0.000024	0.000000	0.000000	0.000000	12.549100	2.227470	31.729900	-15.561000	-1.854210	4.037480	-0.000000	-0.000000	-0.000000	0.000000	0.000000	0.000000	-12.252100	-55.213100	76.413300	-89.682800	-11.456200	-112.515999	0.000000	-0.000002	-0.000001	0.379031	-0.929808	0.006151	0.000000	0.000000	0.000000
-0.839814	-0.268073	0.456316	-0.993447	10.073700	0.173785	2.447770	-12.603700	0.320752	-0.000000	-0.000000	-0.000000	1.006140	13.748300	-0.239141	3.561640	-16.689400	1.306020	0.000000	-0.000000	-0.000000	-0.000002	-0.000000	0.000042	0.000000	0.000000	0.000000	12.503300	2.804080	33.549099	-15.058200	-0.821830	4.189850	0.000000	0.000000	-0.000001	0.000000	0.000000	0.000000	-11.289900	-53.587200	77.310501	-82.426300	-11.182100	-73.378601	0.000000	-0.000000	0.000000	0.299948	-0.984756	0.005155	0.000000	0.000000	0.000000
-0.622340	0.408422	0.708649	-1.592410	9.062610	0.250890	2.852260	-11.644300	0.258337	-0.000000	-0.000000	-0.000000	0.818912	13.189300	-0.186863	3.130600	-16.953199	1.146980	0.000000	0.000000	0.000000	0.000002	-0.000000	0.000115	0.000000	0.000000	0.000000	12.804800	2.313760	31.501301	-16.010700	-1.446230	4.161860	0.000000	-0.000000	0.000003	0.000000	0.000000	0.000000	-8.471860	-53.361801	80.461502	-70.838699	-8.843650	-28.149200	0.000001	0.000000	-0.000000	0.324402	-0.767488	0.004345	0.000000	0.000000	0.000000
-0.756714	0.075219	2.617330	-1.000680	8.903080	0.154886	2.294270	-11.691000	0.264611	-0.000000	0.000000	0.000000	0.938444	12.940400	-0.210170	3.749710	-15.729200	1.267050	0.000000	-0.000000	-0.000000	-0.000000	-0.000000	-0.000034	0.000000	0.000000	0.000000	13.070300	0.892041	26.198601	-15.708200	-1.812120	4.302730	-0.000000	0.000000	0.000000	0.000000	0.000000	0.000000	-8.455070	-49.783798	79.864098	-53.160500	-6.964420	-9.615120	-0.000001	-0.000000	0.000000	-0.077000	-1.258120	-0.001690	0.000000	0.000000	-0.000000
-1.080060	-0.432404	4.100549	-0.034254	9.462870	0.005633	1.455230	-11.935400	0.294023	0.000000	-0.000000	0.000000	2.446890	14.708900	-0.621637	2.108420	-18.031601	1.387770	0.000000	0.000000	0.000000	0.000000	0.000000	0.000028	0.000000	0.000000	0.000000	13.102600	-0.027954	22.799900	-14.994300	-1.821730	4.433370	-0.000000	0.000000	0.000000	0.000000	0.000000	0.000000	-9.603490	-42.072498	77.067802	-42.880199	-9.446890	-8.776680	0.000000	-0.000000	0.000001	-0.401115	-1.081880	-0.007574	-0.000000	-0.000000	0.000001
-1.391325	-0.976973	4.171110	0.584267	9.563520	-0.097072	1.336440	-10.457100	0.347254	-0.000000	0.000000	-0.000000	3.496810	15.291600	-0.923282	0.870052	-17.648001	1.288450	-0.000000	0.000000	0.000000	0.000003	-0.000000	-0.000020	0.000000	0.000000	0.000000	13.873900	0.322471	22.840799	-15.214300	-1.686040	4.452720	0.000000	-0.000000	-0.000000	0.000000	0.000000	0.000000	-6.427730	-37.036301	80.453697	-29.164200	-7.446990	-4.054510	0.000000	0.000000	-0.000000	-0.103516	-0.992081	-0.001793	0.000000	0.000000	0.000000
-1.266490	-1.120920	3.717680	0.881041	10.787800	-0.164916	1.118680	-12.660100	0.435023	-0.000000	0.000000	0.000000	3.398310	14.906200	-0.875128	1.252960	-16.564199	1.295880	-0.000000	0.000000	-0.000000	0.000002	-0.000000	-0.000023	0.000000	0.000000	0.000000	14.498500	0.542683	22.775999	-15.841400	-1.792700	4.444190	0.000000	0.000000	-0.000001	0.000000	0.000000	0.000000	-3.991890	-33.702499	83.630997	-18.584200	-4.935380	-1.531010	0.000001	0.000000	-0.000000	0.037265	-0.995915	0.000647	-0.000000	0.000000	0.000000
-1.153250	-0.538544	3.464830	1.040520	9.721200	-0.175713	0.403426	-11.136500	0.276060	-0.000000	0.000000	-0.000000	3.966320	14.439900	-0.990542	-0.204405	-16.466700	1.032040	-0.000000	-0.000000	0.000000	-0.000001	0.000000	-0.000042	0.000000	0.000000	0.000000	14.605200	0.804710	23.508600	-16.172100	-2.407790	4.241100	0.000000	-0.000000	0.000000	0.000000	0.000000	0.000000	-4.118790	-30.151199	82.948097	-17.522200	-6.346110	-1.812950	0.000002	0.000000	-0.000000	0.218759	-0.417673	0.001595	0.000000	-0.000000	0.000000
-0.679434	-0.931589	3.406960	0.464055	9.551510	-0.077004	0.167682	-9.598080	0.104264	0.000000	0.000000	0.000000	3.416910	14.583200	-0.861286	-0.289453	-16.090401	0.836955	-0.000000	0.000000	0.000000	-0.000002	0.000000	-0.000017	0.000000	0.000000	0.000000	14.154200	0.762933	23.963301	-16.383200	-1.391710	4.499420	0.000000	-0.000000	0.000000	0.000000	0.000000	0.000000	-5.148880	-29.770901	81.164200	-16.896900	-6.976500	-1.800850	0.000000	0.000000	0.000000	0.334253	-0.492027	0.002870	0.000000	0.000000	0.000000
-0.528971	-0.823868	3.590030	-0.352614	9.491430	0.058146	1.422370	-9.975930	0.186176	-0.000000	-0.000000	0.000000	2.287170	15.425100	-0.608639	1.381860	-17.739100	1.094070	0.000000	0.000000	-0.000000	-0.000000	0.000000	0.000027	0.000000	0.000000	0.000000	13.440100	0.040162	22.615601	-15.990900	-0.964707	4.700690	-0.000000	-0.000000	0.000001	0.000000	0.000000	0.000000	-6.501260	-31.875900	79.393402	-19.532000	-8.062140	-2.511150	0.000002	0.000000	-0.000000	0.083535	-0.737574	0.001075	0.000000	0.000000	-0.000000
-0.520717	-0.851499	3.344810	-0.487889	9.936130	0.084187	1.415630	-11.174800	0.181233	0.000000	-0.000000	0.000000	1.982540	15.362500	-0.525421	1.854430	-17.879601	1.157770	0.000000	-0.000000	0.000000	-0.000002	0.000000	-0.000098	0.000000	0.000000	0.000000	13.386900	-0.091756	22.287201	-15.578500	-0.743041	4.792340	0.000000	-0.000000	-0.000000	0.000000	0.000000	0.000000	-6.667800	-35.093498	79.866203	-25.641199	-7.862580	-3.500960	0.000000	-0.000000	-0.000000	0.099447	-0.775017	0.001345	0.000000	-0.000000	-0.000000
-0.306188	-0.792266	3.293910	-0.943038	9.193760	0.150686	1.747930	-9.370900	0.133038	-0.000000	0.000000	0.000000	1.811000	15.566300	-0.486136	1.771420	-18.152100	1.096600	-0.000000	0.000000	-0.000000	0.000002	-0.000000	0.000010	0.000000	0.000000	0.000000	13.114000	-0.265917	22.085800	-14.842200	-1.347910	4.639410	0.000000	0.000000	-0.000000	0.000000	0.000000	0.000000	-6.326430	-38.640202	80.984703	-36.616501	-6.297060	-4.495490	-0.000000	0.000000	0.000000	0.046749	-0.837983	0.000684	0.000000	0.000000	0.000000
-0.134391	-0.594864	2.878530	-1.689090	8.973110	0.263522	2.867870	-9.907720	0.206412	-0.000000	0.000000	-0.000000	1.072620	14.026600	-0.260006	2.653780	-15.521500	0.989904	0.000000	0.000000	0.000000	-0.000002	0.000000	0.000097	0.000000	0.000000	0.000000	12.596300	-0.429657	22.337900	-15.066500	-1.872000	4.506230	0.000000	-0.000000	0.000001	0.000000	0.000000	0.000000	-6.962200	-43.143700	80.835701	-47.519798	-6.216410	-6.751960	-0.000000	-0.000000	-0.000000	-0.005829	-0.978014	-0.000100	0.000000	-0.000000	0.000000
0.172299	-0.503894	2.350440	-2.538670	8.957370	0.395521	3.061740	-10.159300	0.097730	0.000000	-0.000000	0.000000	-0.033726	13.679700	0.007973	3.288020	-15.474800	0.869418	0.000000	0.000000	-0.000000	0.000000	-0.000000	0.000020	0.000000	0.000000	0.000000	11.616700	0.112199	25.949301	-15.079800	-1.809320	4.320230	-0.000000	0.000000	0.000000	0.000000	0.000000	0.000000	-9.705270	-45.989700	77.846397	-63.772800	-9.763140	-20.716101	0.000000	0.000000	0.000000	0.233473	-0.928878	0.003785	-0.000000	-0.000000	-0.000000
0.677790	-0.720069	1.841060	-3.823190	9.585390	0.637544	3.877530	-10.589700	0.019814	0.000000	-0.000000	-0.000000	-1.289320	15.033500	0.334476	3.978300	-17.695200	0.831317	-0.000000	0.000000	-0.000000	-0.000000	0.000000	-0.000042	0.000000	0.000000	0.000000	11.149300	0.705377	29.055700	-15.278000	-1.599390	4.190750	0.000000	0.000000	0.000000	0.000000	0.000000	0.000000	-11.629700	-48.906399	76.050697	-77.165497	-11.745400	-51.246300	0.000000	-0.000001	0.000001	0.015364	-1.032780	0.000277	0.000000	0.000000	0.000000
0.564671	-1.176450	2.123070	-3.844370	10.125800	0.676862	3.829850	-9.955860	0.007861	0.000000	-0.000000	0.000000	-1.697960	15.006100	0.439755	4.813060	-16.113199	0.881466	0.000000	0.000000	0.000000	0.000000	-0.000000	-0.000023	0.000000	0.000000	0.000000	11.086100	1.305120	31.172001	-15.104900	-1.213290	4.119410	0.000000	0.000000	-0.000000	0.000000	0.000000	0.000000	-13.917800	-54.338902	74.228699	-85.335403	-9.905900	-89.981201	0.000000	0.000001	0.000000	0.119120	-1.108840	0.002306	0.000000	-0.000000	-0.000000
0.090020	-0.065648	1.955710	-3.031080	8.934470	0.471169	3.794870	-10.150600	0.141107	-0.000000	0.000000	-0.000000	-0.209597	13.652000	0.049468	3.172200	-15.874900	0.812680	-0.000000	-0.000000	0.000000	-0.000002	0.000000	0.000006	0.000000	0.000000	0.000000	11.932200	1.498790	30.244400	-16.075899	-2.350400	3.888910	0.000000	0.000000	-0.000000	0.000000	0.000000	0.000000	-14.748000	-56.696301	73.678703	-95.886002	-8.342360	-145.647995	0.000001	-0.000000	-0.000000	0.205142	-0.839396	0.003005	0.000000	-0.000000	0.000000
-0.128365	0.179091	2.220550	-2.162350	8.683260	0.326605	2.284970	-9.795640	0.025082	-0.000000	-0.000000	-0.000000	0.285592	13.815300	-0.068200	2.855210	-16.593500	0.895411	0.000000	0.000000	-0.000000	0.000002	-0.000000	0.000062	0.000000	0.000000	0.000000	12.096300	1.785110	30.796600	-16.149200	-2.521730	3.784120	0.000000	0.000000	0.000001	0.000000	0.000000	0.000000	-16.867100	-56.586899	71.321098	-103.228996	-8.466390	-158.457001	0.000000	-0.000000	0.000000	0.194508	-0.672420	0.002282	-0.000000	0.000000	0.000000
-0.197145	1.003021	2.320699	-1.810400	8.742430	0.275256	1.899360	-11.773200	0.022446	-0.000000	-0.000000	-0.000000	0.377838	12.783200	-0.083605	3.097150	-16.393999	0.979242	-0.000000	-0.000000	0.000000	0.000000	-0.000000	0.000015	0.000000	0.000000	0.000000	12.116400	1.268030	29.118900	-15.625900	-2.830110	3.840120	-0.000000	-0.000000	-0.000001	0.000000	0.000000	0.000000	-17.299900	-57.468601	70.977501	-105.415001	-7.788680	-162.425003	-0.000000	0.000000	0.000001	0.445027	-0.575375	0.004469	0.000000	0.000000	0.000000
-0.195419	0.578166	1.946421	-1.810680	8.852110	0.278725	2.013590	-11.704800	0.045543	0.000000	0.000000	0.000000	0.433818	13.108600	-0.098393	3.169070	-16.665600	1.031260	-0.000000	0.000000	0.000000	0.000000	-0.000000	-0.000119	0.000000	0.000000	0.000000	12.145400	1.885270	31.108801	-15.817300	-1.999320	3.943860	0.000000	-0.000000	0.000000	0.000000	0.000000	0.000000	-16.044600	-58.375999	72.503899	-101.823997	-7.898610	-158.153000	0.000001	-0.000000	-0.000000	0.445532	-0.975704	0.007587	-0.000000	-0.000000	-0.000001
0.029146	0.325506	1.929570	-2.479840	9.067410	0.391050	2.970560	-11.143600	0.100841	0.000000	0.000000	-0.000000	0.080457	13.630900	-0.018965	3.162690	-16.930099	0.944687	0.000000	-0.000000	-0.000000	-0.000002	0.000000	0.000057	0.000000	0.000000	0.000000	11.738100	1.860320	31.813900	-15.524100	-1.642840	3.990860	-0.000000	-0.000000	-0.000001	0.000000	0.000000	0.000000	-15.735900	-58.947399	72.907204	-94.359703	-8.148940	-142.244995	-0.000000	-0.000000	-0.000000	0.257273	-1.154030	0.005182	-0.000000	-0.000000	0.000000
0.434820	1.138421	1.621041	-2.988860	7.793540	0.405660	2.730610	-10.816200	-0.043274	0.000000	-0.000000	-0.000000	-0.095890	12.514500	0.020775	2.061530	-17.187401	0.581728	-0.000000	0.000000	0.000000	-0.000000	-0.000000	-0.000052	0.000000	0.000000	0.000000	11.536700	0.942416	29.290001	-15.759100	-1.968820	4.111840	-0.000000	-0.000000	0.000001	0.000000	0.000000	0.000000	-13.712300	-57.132702	74.901604	-87.391701	-9.761140	-103.191002	0.000000	-0.000001	-0.000000	0.483234	-0.765981	0.006460	-0.000000	-0.000000	0.000000
0.153591	0.762428	1.479092	-2.591030	8.427450	0.379986	2.631240	-11.501100	0.013602	0.000000	0.000000	-0.000000	-0.253696	12.671500	0.055650	3.080590	-16.589001	0.809465	-0.000000	0.000000	0.000000	0.000000	-0.000000	-0.000060	0.000000	0.000000	0.000000	11.538100	0.993722	29.475700	-15.492500	-2.369260	3.994650	0.000000	-0.000000	0.000002	0.000000	0.000000	0.000000	-12.129900	-54.424599	76.326797	-77.553200	-10.531000	-50.221001	0.000001	-0.000000	0.000000	0.542789	-0.901218	0.008537	-0.000000	-0.000000	0.000000
-0.069461	0.692275	1.516520	-2.619350	8.518600	0.388268	2.806200	-10.771700	0.040328	-0.000000	0.000000	0.000000	0.164350	13.610300	-0.038677	2.333930	-18.389999	0.787161	-0.000000	0.000000	-0.000000	0.000000	-0.000000	0.000000	0.000000	0.000000	0.000000	11.528800	1.005150	29.517401	-15.775000	-2.961290	3.813710	-0.000000	-0.000000	0.000002	0.000000	0.000000	0.000000	-9.717040	-52.362202	78.809998	-60.381401	-8.862380	-16.489100	-0.000000	-0.000000	0.000000	0.280235	-1.021690	0.004997	-0.000000	-0.000000	-0.000000
0.007088	0.662767	2.497690	-2.521200	9.563000	0.419113	2.869130	-14.324100	0.094759	-0.000000	-0.000000	-0.000000	0.534379	13.551300	-0.125219	1.765990	-18.156601	0.712540	0.000000	-0.000000	0.000000	0.000002	-0.000000	-0.000058	0.000000	0.000000	0.000000	11.776600	0.302466	26.366600	-15.727700	-3.416430	3.836890	0.000000	0.000000	-0.000000	0.000000	0.000000	0.000000	-8.007940	-47.939602	80.177299	-46.963600	-6.681910	-7.209780	-0.000000	-0.000000	0.000000	-0.163368	-0.870411	-0.002481	-0.000000	0.000000	0.000000
-0.552242	0.490158	2.844759	-1.409770	10.420400	0.255033	2.708800	-16.691500	0.379847	-0.000000	0.000000	0.000000	1.670130	13.803600	-0.398592	1.226540	-18.303801	0.895231	0.000000	-0.000000	0.000000	-0.000002	0.000000	-0.000013	0.000000	0.000000	0.000000	12.579900	0.352823	25.117500	-15.847200	-3.307420	3.925150	0.000000	0.000000	-0.000000	0.000000	0.000000	0.000000	-6.488650	-41.108799	81.183296	-38.112499	-7.756880	-6.062190	0.000000	-0.000000	-0.000000	-0.074013	-0.708924	-0.000916	0.000000	0.000000	-0.000000
-0.978027	0.234767	3.173260	-0.538205	10.736400	0.100265	2.373520	-17.033199	0.540542	-0.000000	0.000000	-0.000000	2.815110	13.844200	-0.674118	0.544299	-17.612700	0.992716	-0.000000	-0.000000	0.000000	-0.000002	0.000000	-0.000105	0.000000	0.000000	0.000000	13.484800	0.470780	24.068701	-16.078600	-3.041160	4.042830	0.000000	-0.000000	0.000000	0.000000	0.000000	0.000000	-5.530630	-37.482899	81.953102	-24.423401	-8.533660	-3.849860	-0.000000	0.000000	0.000000	0.017329	-0.555076	0.000168	-0.000000	0.000000	0.000000
-0.861962	0.230515	2.582400	-0.341994	11.086700	0.065764	2.235820	-18.103901	0.590669	0.000000	-0.000000	0.000000	3.070820	13.899400	-0.738335	0.192482	-17.400801	0.949874	-0.000000	0.000000	-0.000000	-0.000002	0.000000	0.000113	0.000000	0.000000	0.000000	13.448800	1.245730	26.689899	-16.613199	-2.436980	4.069470	-0.000000	-0.000000	-0.000000	0.000000	0.000000	0.000000	-3.914320	-34.323601	84.001099	-13.949300	-7.084320	-1.676010	0.000000	0.000000	0.000000	0.027138	-0.519709	0.000246	-0.000000	0.000000	0.000000
-0.984321	-0.362531	2.807675	-0.049038	11.673900	0.009924	1.711460	-17.536600	0.501345	0.000000	0.000000	-0.000000	2.969070	14.669800	-0.752540	0.622374	-17.783501	1.068520	-0.000000	-0.000000	0.000000	0.000000	0.000000	0.000012	0.000000	0.000000	0.000000	13.682200	1.879410	28.163601	-17.233500	-1.431610	4.242010	-0.000000	-0.000001	0.000001	0.000000	0.000000	0.000000	-4.418570	-30.884399	82.676903	-9.495740	-8.344820	-1.240310	0.000001	0.000000	-0.000000	-0.314144	-0.748572	-0.004104	0.000000	0.000000	-0.000000
-0.603537	0.099471	2.329010	-1.094880	11.568900	0.219600	3.322400	-18.675699	0.720734	-0.000000	-0.000000	-0.000000	1.744420	14.403400	-0.434043	2.219900	-17.694599	1.189930	0.000000	-0.000000	0.000000	0.000000	-0.000000	-0.000004	0.000000	0.000000	0.000000	13.356100	2.390870	30.329500	-17.463900	-0.822542	4.312840	0.000000	-0.000000	0.000001	0.000000	0.000000	0.000000	-6.258270	-29.585501	79.444298	-9.417650	-11.318700	-1.526200	0.000001	-0.000000	-0.000000	-0.400791	-0.662479	-0.004634	0.000000	0.000000	-0.000000
