-1.097500	-1.208820	-14.385999	-2.796210	15.379700	0.742129	7.741230	-14.812200	1.292950	0.000000	-0.000000	-0.000000	1.799960	14.110600	-0.438970	8.026900	-10.172500	1.742360	0.000000	0.000000	0.000000	0.000001	0.000000	-0.000066	0.000000	0.000000	0.000000	39.771000	20.276100	30.253599	44.634499	-24.925600	28.850700	0.000000	0.000000	-0.000001	0.000000	0.000000	0.000000	-36.966099	-10.777000	24.150200	-64.582397	20.472000	44.474800	-0.000000	0.000000	0.000001	0.244886	-1.127270	0.004818	0.000000	-0.000000	0.000001
-1.184710	-0.711758	-14.627800	-2.329440	14.494100	0.583300	7.294010	-14.212700	1.240140	-0.000000	-0.000000	0.000000	2.492010	13.256800	-0.571810	7.140390	-10.303000	1.726460	-0.000000	-0.000000	-0.000000	-0.000001	-0.000000	-0.000011	0.000000	0.000000	0.000000	40.558201	20.278000	29.664900	49.653500	-26.642500	34.223000	-0.000000	0.000000	0.000001	0.000000	0.000000	0.000000	-41.514702	-15.458700	25.787800	-63.389198	27.426300	49.097198	0.000000	-0.000000	0.000000	0.152445	-0.823437	0.002192	-0.000000	-0.000000	0.000000
-1.367910	-0.749535	-14.267800	-2.451270	15.224800	0.644072	8.098430	-15.765600	1.562580	0.000000	0.000000	0.000000	3.873450	12.988300	-0.871841	3.603540	-9.643230	1.242560	0.000000	0.000000	-0.000000	0.000000	-0.000000	-0.000063	0.000000	0.000000	0.000000	45.325600	17.602200	24.158701	54.671902	-20.841101	34.135502	0.000000	-0.000000	0.000001	0.000000	0.000000	0.000000	-41.773800	-15.898700	25.992800	-71.812401	24.395500	58.303200	-0.000000	0.000001	0.000001	0.093595	-0.937844	0.001535	-0.000000	0.000000	-0.000000
-1.389380	-0.834429	-14.093100	-2.011760	14.872100	0.516529	7.180330	-14.602400	1.323500	0.000000	0.000000	-0.000000	3.895180	12.959600	-0.874839	3.949630	-9.163630	1.240880	-0.000000	-0.000000	0.000000	0.000001	0.000000	0.000023	0.000000	0.000000	0.000000	47.795200	16.503099	21.839300	63.728901	-22.100201	45.077702	0.000000	-0.000001	-0.000000	0.000000	0.000000	0.000000	-45.581600	-18.990700	25.930500	-76.339401	22.869600	64.902199	-0.000000	0.000000	-0.000001	0.143005	-1.026790	0.002562	0.000000	-0.000000	-0.000001
-1.277730	-0.960166	-13.605500	-2.111940	14.765800	0.538485	7.153160	-14.679700	1.298440	0.000000	-0.000000	-0.000000	2.381880	13.603500	-0.560538	7.777120	-10.341700	1.830090	-0.000000	-0.000000	0.000000	-0.000001	-0.000000	0.000015	0.000000	0.000000	0.000000	52.600800	12.540700	16.653999	73.038803	-17.161600	53.300400	0.000000	0.000002	0.000003	0.000000	0.000000	0.000000	-48.941399	-20.827900	24.999500	-84.788002	17.953100	79.580399	-0.000000	0.000001	0.000000	0.453822	-1.146050	0.009077	-0.000000	0.000000	-0.000000
-0.952893	0.251636	-12.900200	-1.926430	13.420300	0.447261	6.841860	-15.237800	1.308800	0.000000	-0.000000	-0.000000	2.130810	11.712200	-0.432744	8.008070	-9.233970	1.636360	-0.000001	-0.000000	0.000000	-0.000001	-0.000000	0.000060	0.000000	0.000000	0.000000	57.689301	7.455480	11.719100	81.665001	-13.419700	66.889198	-0.000001	0.000001	0.000000	0.000000	0.000000	0.000000	-53.137798	-25.684500	25.146099	-91.423203	17.374599	96.815697	0.000000	-0.000000	0.000000	0.371915	-0.708476	0.004598	-0.000000	0.000000	-0.000000
-1.202830	0.812890	-12.054102	-1.598220	11.760300	0.325820	6.875880	-13.619500	1.254050	0.000000	-0.000000	-0.000001	3.442270	10.744500	-0.642498	6.239790	-8.985100	1.516620	0.000000	0.000000	-0.000000	-0.000001	-0.000000	0.000002	0.000000	0.000000	0.000000	64.309303	0.712020	6.999590	89.134697	-9.572270	85.697998	0.000000	0.000000	0.000000	0.000000	0.000000	0.000000	-56.628101	-28.999599	24.431801	-99.194000	12.857000	120.565002	-0.000000	-0.000000	-0.000000	0.263391	-0.664077	0.003053	-0.000000	-0.000000	-0.000000
-1.019990	0.637033	-10.661602	-1.462290	13.119400	0.331969	7.180020	-17.096300	1.697350	-0.000000	0.000000	-0.000001	3.664960	10.800500	-0.687692	5.858590	-8.374940	1.390030	-0.000001	-0.000000	-0.000000	0.000001	0.000000	0.000086	0.000000	0.000000	0.000000	68.394096	-7.323790	3.464920	98.149597	-8.228070	117.286003	0.000000	0.000000	0.000000	0.000000	0.000000	0.000000	-60.423698	-32.990700	23.440300	-105.375999	6.859940	144.845993	0.000000	0.000000	-0.000000	0.232559	-0.675443	0.002741	0.000000	0.000000	0.000001
-0.825554	-0.344796	-9.836671	-2.579980	13.628100	0.608274	7.974260	-16.533600	1.560140	0.000000	-0.000000	-0.000000	3.269730	12.314600	-0.698095	4.947360	-9.678140	1.377770	-0.000000	-0.000000	0.000000	-0.000001	-0.000000	-0.000057	0.000000	0.000000	0.000000	68.264297	-14.313400	0.521771	106.862999	-10.620700	133.649002	-0.000000	-0.000000	0.000000	0.000000	0.000000	0.000000	-64.287003	-37.049702	22.058599	-109.443001	-2.374400	171.421997	0.000000	0.000000	0.000001	0.198560	-1.234350	0.004280	-0.000000	0.000000	-0.000002
-0.385966	-0.055058	-9.217493	-3.776040	12.143100	0.795392	9.290510	-13.995800	1.358220	0.000000	-0.000000	-0.000000	2.685750	11.397200	-0.531116	4.748730	-8.165920	1.054200	-0.000000	0.000000	0.000001	-0.000002	-0.000000	-0.000019	0.000000	0.000000	0.000000	69.396599	-22.405600	-2.384100	114.695999	-11.553600	143.806000	0.000000	0.000000	-0.000000	0.000000	0.000000	0.000000	-63.796001	-43.077099	23.981899	-113.959000	-7.667110	-176.014999	0.000000	-0.000000	-0.000001	0.467993	-1.201420	0.009814	0.000000	0.000000	-0.000001
-0.345475	0.043117	-8.847081	-3.841120	12.212700	0.813709	8.938320	-15.283400	1.370030	0.000000	-0.000000	-0.000001	1.519500	11.125500	-0.293276	7.388270	-8.028450	1.249950	-0.000000	0.000000	0.000001	0.000002	0.000000	-0.000078	0.000000	0.000000	0.000000	68.180000	-27.585300	-4.988220	121.708000	-15.725100	146.065002	-0.000000	-0.000000	0.000000	0.000000	0.000000	0.000000	-64.454102	-45.886299	24.097401	-117.291000	-15.025500	-164.529007	-0.000000	-0.000001	-0.000000	0.333878	-1.120390	0.006531	0.000000	0.000000	-0.000001
-0.352444	0.329250	-8.759549	-3.882910	12.761800	0.858968	8.511360	-16.660000	1.357320	-0.000000	0.000000	0.000000	1.115560	12.026300	-0.232481	8.304350	-10.279400	1.691310	0.000000	0.000000	0.000000	0.000002	0.000000	0.000045	0.000000	0.000000	0.000000	69.137398	-31.188801	-5.906580	125.835999	-19.793301	145.764999	0.000000	0.000000	0.000000	0.000000	0.000000	0.000000	-59.788200	-45.391602	27.688801	-123.220001	-18.108999	-164.039001	-0.000000	0.000000	-0.000000	0.364926	-2.655940	0.016912	-0.000000	0.000000	0.000001
-0.163118	-0.784009	-8.676950	-3.985380	13.692100	0.944782	7.089430	-15.603200	0.866279	0.000000	0.000000	0.000001	0.482373	12.661700	-0.105747	8.179910	-8.423640	1.276740	0.000000	0.000000	-0.000001	0.000002	0.000000	-0.000030	0.000000	0.000000	0.000000	65.367500	-31.370899	-8.120140	129.389999	-21.872299	147.113998	-0.000001	0.000000	0.000000	0.000000	0.000000	0.000000	-58.268398	-45.254799	28.881201	-124.224998	-20.267200	-162.156998	-0.000001	-0.000000	-0.000001	0.429784	-1.976590	0.014825	0.000000	-0.000000	0.000001
-0.251093	-0.478421	-8.636642	-4.287940	12.925600	0.960842	8.434420	-14.462700	1.064610	-0.000000	0.000000	0.000000	0.880914	11.856500	-0.181017	7.775120	-7.374530	1.116970	0.000000	0.000000	-0.000000	0.000000	0.000000	-0.000001	0.000000	0.000000	0.000000	65.378601	-30.901300	-7.895590	127.323997	-20.421600	146.542999	0.000001	0.000000	0.000000	0.000000	0.000000	0.000000	-62.336102	-44.508900	25.414700	-121.727997	-16.812901	-164.869003	0.000000	0.000001	0.000000	0.472854	-1.460890	0.012056	0.000000	-0.000000	-0.000001
-0.030858	-0.988976	-8.123330	-4.704180	14.076100	1.146520	8.605390	-15.753800	1.099330	0.000000	-0.000000	-0.000000	0.317469	13.794400	-0.075710	8.518820	-10.692800	1.650450	0.000000	0.000000	-0.000000	-0.000000	0.000000	-0.000092	0.000000	0.000000	0.000000	63.875099	-27.681700	-7.185760	124.358002	-18.265301	145.891006	-0.000001	0.000000	-0.000000	0.000000	0.000000	0.000000	-65.567299	-42.124100	22.326599	-118.254997	-9.917120	-173.427994	-0.000000	0.000000	-0.000000	0.346564	-1.454480	0.008798	-0.000000	-0.000000	-0.000001
-0.212207	-1.136580	-7.879283	-4.441420	14.132700	1.086490	8.762880	-14.935200	1.150650	0.000000	0.000000	0.000000	0.929128	14.397100	-0.231051	7.848690	-11.009500	1.683380	-0.000000	-0.000000	0.000000	-0.000002	-0.000000	0.000030	0.000000	0.000000	0.000000	66.275101	-22.735701	-3.742990	117.021004	-16.231001	140.399994	0.000000	0.000000	0.000000	0.000000	0.000000	0.000000	-67.897903	-34.035198	18.695400	-114.070999	-2.586820	172.815994	-0.000000	0.000000	-0.000002	0.463601	-1.518970	0.012291	-0.000000	-0.000000	-0.000000
-0.047186	-1.222360	-7.969996	-4.486000	15.030500	1.165580	8.244140	-16.863501	1.136450	-0.000000	0.000000	0.000001	0.942081	14.472800	-0.235480	6.789260	-10.527900	1.415420	0.000001	0.000000	-0.000000	-0.000000	0.000000	0.000018	0.000000	0.000000	0.000000	65.088898	-16.582001	-1.302930	108.848999	-13.132000	133.177002	-0.000000	0.000000	0.000000	0.000000	0.000000	0.000000	-66.567497	-27.946600	17.741199	-109.213997	6.288100	150.501999	-0.000000	0.000000	0.000000	0.376272	-1.643820	0.010795	0.000000	0.000000	-0.000001
-0.345160	-1.653800	-8.358110	-4.412450	14.962500	1.141330	8.326550	-15.024200	1.055160	-0.000000	0.000000	0.000000	1.482040	15.577600	-0.398092	5.874120	-11.896100	1.513010	-0.000000	0.000000	-0.000001	0.000002	0.000000	0.000030	0.000000	0.000000	0.000000	60.285702	-8.425540	1.996200	101.896004	-12.832700	120.724998	0.000000	-0.000000	-0.000000	0.000000	0.000000	0.000000	-62.022701	-21.473801	17.747700	-101.359001	12.563200	124.621002	0.000000	-0.000001	0.000001	0.333107	-1.670310	0.009711	0.000000	0.000000	0.000000
-0.116723	-0.758346	-9.007000	-4.451550	13.025100	1.005190	8.154770	-12.461400	0.825026	0.000000	-0.000000	0.000000	1.794850	13.900400	-0.431334	4.787090	-10.578400	1.203720	0.000000	0.000000	-0.000000	-0.000002	-0.000000	0.000011	0.000000	0.000000	0.000000	55.977100	-0.416626	6.935880	91.594597	-10.497000	94.741501	0.000000	0.000000	0.000001	0.000000	0.000000	0.000000	-58.959202	-16.341600	16.742800	-87.368896	17.998100	85.062500	0.000000	0.000002	-0.000000	0.165213	-1.307800	0.003771	-0.000000	-0.000000	0.000000
0.070033	-0.477724	-9.886740	-4.901960	13.180800	1.120340	8.522940	-13.430300	0.872273	-0.000000	0.000000	0.000001	0.864079	13.235900	-0.197869	6.016350	-9.487950	1.135680	-0.000000	-0.000000	0.000001	-0.000000	-0.000000	-0.000003	0.000000	0.000000	0.000000	50.668201	7.077220	13.331200	78.828697	-13.981600	60.837101	0.000000	-0.000001	0.000000	0.000000	0.000000	0.000000	-53.494202	-13.043600	17.153099	-74.023697	20.641199	58.433601	-0.000000	0.000001	-0.000001	0.007420	-1.143930	0.000148	0.000000	0.000000	0.000002
0.177033	-0.381099	-10.446700	-5.146630	13.656800	1.218230	9.037220	-14.181600	0.990481	-0.000000	-0.000000	0.000001	0.165493	13.048900	-0.037381	7.660240	-8.902870	1.217850	0.000000	0.000000	-0.000000	-0.000000	0.000000	0.000001	0.000000	0.000000	0.000000	43.235298	13.836700	22.160299	66.628502	-23.198200	49.821400	0.000001	-0.000000	0.000001	0.000000	0.000000	0.000000	-47.935902	-10.934600	18.044500	-63.863998	21.478600	44.458199	0.000001	-0.000001	-0.000001	-0.194710	-1.001110	-0.003401	0.000000	-0.000000	0.000000
-0.003718	-0.784699	-11.139400	-5.195520	14.449100	1.299710	9.467220	-15.497400	1.187620	0.000000	-0.000000	0.000000	-0.410201	12.529300	0.088979	9.605970	-6.483960	1.048460	0.000000	-0.000000	0.000000	-0.000000	-0.000000	-0.000055	0.000000	0.000000	0.000000	39.232399	19.129499	29.487000	54.217701	-28.999701	40.170601	-0.000000	-0.000000	-0.000001	0.000000	0.000000	0.000000	-43.636799	-8.671200	18.001499	-59.079498	19.015499	36.657299	-0.000000	0.000001	-0.000000	-0.501107	-1.121600	-0.009808	-0.000000	0.000000	-0.000001
-0.198304	-0.967037	-11.134399	-4.885210	15.379700	1.298540	9.655330	-16.445700	1.403320	-0.000000	0.000000	0.000000	-0.238851	13.357600	0.055166	10.405600	-7.476120	1.337530	-0.000000	-0.000000	0.000000	0.000000	-0.000000	0.000003	0.000000	0.000000	0.000000	38.173100	20.361401	31.380100	42.845798	-25.427700	27.790899	-0.000000	-0.000000	0.000002	0.000000	0.000000	0.000000	-41.739799	-7.202700	17.386499	-54.900398	17.484800	31.245899	-0.000000	0.000000	-0.000000	-0.124983	-1.145670	-0.002495	0.000000	0.000000	-0.000001
0.125796	-0.733093	-11.185901	-5.425290	14.382800	1.351410	9.362500	-14.307500	1.016780	-0.000000	0.000000	0.000001	0.049684	12.774800	-0.011001	8.200080	-6.764480	0.978264	-0.000000	0.000000	0.000000	0.000000	0.000000	0.000009	0.000000	0.000000	0.000000	35.864799	21.622101	34.458199	35.627800	-26.299500	23.224100	-0.000000	-0.000000	0.000001	0.000000	0.000000	0.000000	-40.880001	-7.090220	17.659500	-54.198200	17.683599	30.831200	0.000000	0.000000	-0.000002	-0.278305	-1.063540	-0.005167	-0.000000	-0.000000	0.000002
0.351230	-0.727710	-11.046997	-5.537760	14.510000	1.391520	8.979230	-15.201700	0.950060	-0.000000	0.000000	0.000000	-0.914783	12.751200	0.201911	9.796720	-7.106940	1.110500	-0.000000	0.000000	0.000000	-0.000000	0.000000	-0.000047	0.000000	0.000000	0.000000	34.612301	21.066700	35.126598	33.661400	-25.385099	21.440701	0.000000	-0.000000	-0.000001	0.000000	0.000000	0.000000	-39.810200	-6.883160	17.940800	-57.033001	17.018600	32.667702	-0.000000	0.000000	0.000002	-0.493190	-0.875510	-0.007535	-0.000000	-0.000000	-0.000000
-0.014736	-0.615168	-11.029703	-4.620490	13.904100	1.112550	7.811110	-13.507900	0.777790	0.000000	0.000000	0.000001	0.017879	13.377600	-0.004150	8.600920	-9.407270	1.419110	-0.000001	-0.000000	0.000001	-0.000000	-0.000000	0.000031	0.000000	0.000000	0.000000	35.774200	21.052500	34.052200	34.518398	-25.449800	22.071699	0.000000	0.000000	-0.000001	0.000000	0.000000	0.000000	-41.239899	-8.084500	18.547899	-57.427200	17.272200	33.331200	0.000000	-0.000000	0.000001	-0.459976	-1.071500	-0.008601	-0.000000	0.000000	-0.000002
-0.739891	0.259599	-11.177602	-3.115370	13.465700	0.726119	7.566200	-14.638900	1.148770	0.000000	0.000000	0.000001	1.255440	12.611700	-0.274168	9.054780	-9.079120	1.639350	-0.000000	0.000000	0.000000	0.000000	0.000000	-0.000048	0.000000	0.000000	0.000000	38.083302	21.155899	32.171501	40.369598	-27.549801	27.390200	0.000000	-0.000000	0.000001	0.000000	0.000000	0.000000	-43.074001	-11.144700	20.655199	-59.151299	21.883600	39.490898	0.000000	-0.000000	0.000000	-0.191241	-0.752413	-0.002510	0.000000	-0.000000	0.000000
-0.979227	1.008911	-11.477400	-2.159390	11.676300	0.437213	7.367290	-12.677800	1.155870	0.000000	-0.000000	-0.000000	3.880300	11.008000	-0.742029	4.477880	-8.183650	1.187710	-0.000000	-0.000000	0.000000	-0.000000	0.000000	0.000022	0.000000	0.000000	0.000000	41.985901	20.171101	28.331499	49.883202	-27.298401	35.134701	0.000000	0.000000	0.000002	0.000000	0.000000	0.000000	-46.447399	-13.825200	21.183901	-63.569599	22.687599	45.279202	0.000000	-0.000001	0.000000	-0.215085	-0.388583	-0.001458	0.000000	0.000000	0.000000
-1.465580	0.332036	-11.696800	-1.788670	12.955100	0.401113	7.898180	-14.146900	1.509820	0.000000	-0.000000	0.000000	4.049880	11.739500	-0.825321	5.337230	-8.743080	1.426250	0.000000	-0.000000	-0.000000	0.000002	0.000000	0.000031	0.000000	0.000000	0.000000	46.764702	18.657801	23.941700	60.091999	-26.062000	44.546101	-0.000000	0.000000	-0.000001	0.000000	0.000000	0.000000	-48.327000	-16.456699	22.193600	-72.085503	21.358601	56.241600	-0.000001	-0.000000	0.000001	-0.064924	-0.827360	-0.000937	0.000000	-0.000000	-0.000001
-1.772550	0.007960	-11.604001	-1.213060	14.071700	0.294971	7.063030	-15.948900	1.622750	0.000000	-0.000000	-0.000001	4.381990	12.639000	-0.960604	5.546410	-9.518340	1.639860	-0.000000	-0.000000	-0.000001	-0.000000	-0.000000	0.000038	0.000000	0.000000	0.000000	53.131699	14.506600	17.688900	72.174202	-20.501101	55.905201	0.000000	-0.000000	-0.000001	0.000000	0.000000	0.000000	-51.169300	-17.705000	21.471500	-83.297699	15.067000	73.685501	0.000000	-0.000002	0.000000	-0.179558	-0.828458	-0.002595	-0.000000	-0.000000	-0.000001
-1.647180	0.181890	-11.492200	-1.067280	14.422200	0.265846	6.925590	-17.346800	1.762380	0.000000	0.000000	0.000000	3.676170	12.161500	-0.775474	7.023730	-8.616630	1.608750	0.000000	0.000000	-0.000000	-0.000000	-0.000000	-0.000044	0.000000	0.000000	0.000000	57.478600	9.790120	13.143500	86.571602	-18.431000	83.246696	0.000000	0.000001	0.000000	0.000000	0.000000	0.000000	-53.359402	-20.736700	22.131901	-94.456001	11.846600	106.927002	-0.000000	-0.000000	0.000000	0.126283	-0.845674	0.001866	-0.000000	-0.000000	0.000001
-1.579590	0.387063	-10.916500	-1.115730	13.334900	0.257359	7.022870	-15.478600	1.589820	0.000000	-0.000000	0.000001	4.604790	12.623100	-1.008390	4.799150	-11.143600	1.811240	-0.000000	-0.000000	-0.000000	-0.000000	0.000000	-0.000009	0.000000	0.000000	0.000000	63.194901	3.074550	8.262680	96.394402	-15.229500	107.277000	0.000000	0.000000	0.000000	0.000000	0.000000	0.000000	-59.945000	-25.855801	20.890900	-102.535004	8.408580	134.466003	0.000000	0.000000	-0.000001	-0.009476	-0.648852	-0.000106	-0.000000	-0.000000	0.000000
-1.862870	0.348075	-10.417102	-0.732150	12.992500	0.164605	7.190820	-14.983500	1.681380	0.000000	0.000000	0.000000	4.526980	12.192200	-0.957971	6.002990	-10.161400	1.859590	-0.000001	-0.000000	-0.000000	-0.000000	-0.000000	0.000047	0.000000	0.000000	0.000000	69.506401	-4.326260	4.737540	104.469002	-13.474300	126.254997	-0.000000	0.000000	-0.000002	0.000000	0.000000	0.000000	-63.598499	-30.218500	20.376600	-108.851997	1.831840	159.634995	-0.000000	-0.000000	-0.000000	-0.152902	-0.719301	-0.001917	0.000000	0.000000	0.000001
-1.165390	0.019902	-10.020100	-1.223690	14.163200	0.299450	5.897730	-16.719299	1.358160	-0.000000	-0.000000	-0.000000	3.249780	12.193000	-0.687086	6.668990	-8.701440	1.503960	-0.000000	-0.000000	-0.000000	-0.000000	0.000000	0.000024	0.000000	0.000000	0.000000	69.977097	-10.173300	2.531740	114.495003	-14.419200	140.445007	-0.000000	0.000000	0.000000	0.000000	0.000000	0.000000	-65.804604	-32.423100	19.694799	-115.851997	-5.908630	179.028000	-0.000000	0.000000	-0.000001	0.097249	-0.824243	0.001401	0.000000	-0.000000	0.000000
-0.852485	-0.233291	-9.530161	-2.734530	13.516800	0.639589	6.941620	-15.126100	1.119550	0.000000	0.000000	0.000000	1.926030	12.459100	-0.415686	7.260810	-9.132470	1.463040	0.000000	0.000000	-0.000000	0.000002	0.000000	-0.000013	0.000000	0.000000	0.000000	69.158897	-17.673500	-0.606013	120.162003	-15.516200	145.089996	0.000001	0.000000	-0.000000	0.000000	0.000000	0.000000	-68.796898	-37.291302	19.016100	-119.086998	-10.953600	-172.621994	-0.000000	-0.000001	-0.000000	-0.013414	-0.746402	-0.000174	-0.000000	0.000000	-0.000002
-0.582649	-0.632014	-8.997513	-2.995210	14.029700	0.726723	6.429410	-15.986300	0.971574	0.000000	0.000000	0.000000	1.026350	12.720400	-0.226029	8.644050	-8.834910	1.495210	-0.000000	-0.000000	0.000000	0.000002	0.000000	0.000028	0.000000	0.000000	0.000000	68.489304	-24.426001	-3.582200	123.431000	-18.250299	145.125000	0.000001	0.000000	0.000000	0.000000	0.000000	0.000000	-67.018700	-40.343601	20.923000	-120.945999	-14.112300	-168.479996	-0.000000	0.000000	-0.000001	0.256464	-1.073420	0.004805	0.000000	-0.000000	-0.000001
-0.748132	-1.448390	-9.086850	-3.880720	14.283800	0.958837	8.295680	-14.692900	1.152540	-0.000000	-0.000000	-0.000000	2.314280	13.167900	-0.527493	5.008340	-7.357300	0.934849	0.000000	0.000000	-0.000001	0.000000	0.000000	-0.000022	0.000000	0.000000	0.000000	66.479500	-26.315201	-5.331590	126.382004	-21.230400	145.020996	0.000001	0.000000	0.000000	0.000000	0.000000	0.000000	-61.977100	-39.298698	24.312500	-124.835999	-14.793700	-169.466003	0.000001	-0.000000	-0.000001	0.172156	-1.690250	0.005081	-0.000000	-0.000000	0.000000
-0.804605	-1.734891	-9.331530	-3.764520	14.553900	0.947254	8.590070	-14.251100	1.220550	-0.000000	-0.000000	0.000000	2.512030	13.745900	-0.597274	5.221510	-7.915850	1.061360	0.000000	-0.000000	-0.000000	-0.000002	-0.000000	0.000018	0.000000	0.000000	0.000000	64.873001	-26.367800	-6.158350	126.836998	-21.431499	145.244995	-0.000001	-0.000000	-0.000000	0.000000	0.000000	0.000000	-61.906799	-40.823002	24.824499	-122.973000	-11.637700	-172.714005	0.000000	0.000000	0.000001	0.025605	-2.003350	0.000896	0.000000	0.000000	0.000002
-0.944206	-1.159040	-8.696560	-2.719470	14.969200	0.702920	6.890300	-16.294201	1.198170	0.000000	-0.000000	-0.000000	2.014900	13.436100	-0.468378	6.928660	-8.638690	1.345640	-0.000000	-0.000000	0.000000	-0.000002	-0.000000	-0.000017	0.000000	0.000000	0.000000	62.687401	-25.608500	-6.797590	125.014999	-19.687099	145.121002	0.000000	-0.000000	-0.000000	0.000000	0.000000	0.000000	-63.908699	-35.446301	21.767099	-121.603996	-8.525720	-177.078003	-0.000000	-0.000000	-0.000000	0.044543	-1.714490	0.001333	-0.000000	0.000000	0.000001
-0.483447	-0.223932	-8.123670	-3.362550	13.632500	0.793376	7.766130	-16.210300	1.258190	-0.000000	-0.000000	-0.000000	1.651740	12.592600	-0.360214	7.383270	-9.373970	1.476970	0.000000	0.000000	-0.000000	-0.000002	-0.000000	-0.000024	0.000000	0.000000	0.000000	62.279800	-22.045000	-5.059360	120.899002	-16.437700	144.507996	0.000000	-0.000000	0.000000	0.000000	0.000000	0.000000	-65.212601	-29.712200	19.104200	-118.834000	-4.997830	177.257996	-0.000000	0.000000	0.000000	0.092962	-1.123670	0.001824	0.000000	0.000000	0.000001
-0.094113	0.018058	-7.890060	-3.753730	12.166100	0.792162	7.617860	-13.838900	0.945888	-0.000000	-0.000000	-0.000000	1.261240	12.111600	-0.264682	8.059860	-9.147460	1.490130	0.000000	0.000000	0.000000	0.000000	-0.000000	0.000076	0.000000	0.000000	0.000000	62.709499	-17.179199	-2.296140	113.512001	-14.148800	138.796005	-0.000000	0.000000	-0.000000	0.000000	0.000000	0.000000	-64.249397	-24.069201	17.652399	-114.056000	0.998896	164.542007	-0.000000	0.000000	0.000001	0.327588	-0.893033	0.005107	-0.000000	-0.000000	0.000001
0.095748	0.098686	-8.587984	-3.992080	10.932000	0.758248	7.466920	-11.624700	0.715693	0.000000	0.000000	0.000000	1.322050	10.889600	-0.249811	6.785760	-7.083130	1.003410	-0.000001	0.000000	0.000000	0.000002	0.000000	-0.000034	0.000000	0.000000	0.000000	60.687599	-9.502880	1.467860	106.543999	-13.255600	129.718002	-0.000000	-0.000000	-0.000002	0.000000	0.000000	0.000000	-61.735401	-19.329599	16.952900	-105.074997	6.040150	143.126999	-0.000000	0.000000	-0.000001	0.137067	-0.939614	0.002249	0.000000	0.000000	-0.000000
-0.282873	-0.842548	-9.097060	-4.076230	12.920600	0.912902	8.117910	-12.691700	0.912219	-0.000000	0.000000	0.000000	1.451240	13.350800	-0.335191	6.918300	-9.910560	1.443630	-0.000000	-0.000000	-0.000000	0.000000	-0.000000	-0.000043	0.000000	0.000000	0.000000	57.897202	-2.906720	5.236000	96.830101	-13.146000	108.625000	0.000000	0.000000	-0.000000	0.000000	0.000000	0.000000	-58.329102	-17.606400	17.702400	-92.968399	11.341100	102.230003	-0.000000	-0.000001	-0.000000	-0.022243	-1.263070	-0.000489	-0.000000	0.000000	0.000001
-0.245090	-1.397150	-9.556541	-4.475810	14.220000	1.101550	7.853600	-13.758800	0.837038	0.000000	-0.000000	-0.000001	1.584800	13.887300	-0.380478	5.223340	-9.123220	1.077030	-0.000000	0.000000	0.000000	-0.000000	0.000000	0.000007	0.000000	0.000000	0.000000	52.986599	2.346720	9.223810	84.858902	-12.480000	73.818001	-0.000000	-0.000000	-0.000000	0.000000	0.000000	0.000000	-54.110500	-15.285800	18.337099	-79.120796	16.922300	65.372002	0.000000	0.000000	0.000000	0.111265	-1.104020	0.002146	0.000000	-0.000000	-0.000001
-0.087311	-0.782651	-10.180700	-4.788510	13.351100	1.108180	8.426230	-13.336600	0.870243	0.000000	-0.000000	0.000000	0.920424	12.979200	-0.206757	6.078060	-8.903910	1.084810	-0.000000	0.000000	0.000000	-0.000000	0.000000	0.000044	0.000000	0.000000	0.000000	48.658001	8.383940	15.030400	70.993401	-15.637100	47.844299	-0.000000	0.000001	0.000001	0.000000	0.000000	0.000000	-50.145199	-13.238200	18.814800	-66.703598	19.183100	46.092701	0.000000	0.000001	-0.000001	-0.029089	-0.929920	-0.000470	-0.000000	-0.000000	-0.000000
-0.095497	-0.295241	-10.854400	-4.754790	13.105400	1.080460	8.708350	-13.674300	0.965519	0.000000	-0.000000	-0.000000	0.539232	12.076400	-0.112830	7.377800	-7.995050	1.106400	0.000000	0.000000	-0.000000	0.000002	0.000000	0.000040	0.000000	0.000000	0.000000	44.737400	13.675100	21.198700	55.585800	-20.805099	34.943199	0.000000	0.000000	0.000001	0.000000	0.000000	0.000000	-46.646702	-11.230500	18.910101	-54.820301	18.332701	32.127899	-0.000000	0.000000	0.000001	-0.187897	-1.042670	-0.003417	-0.000000	0.000000	0.000001
0.088858	-0.254406	-11.021408	-4.831710	12.889200	1.080210	8.512220	-13.294400	0.875646	-0.000000	0.000000	0.000000	0.937128	11.184200	-0.181800	6.044850	-5.597180	0.682582	0.000000	0.000000	-0.000000	-0.000002	-0.000000	0.000020	0.000000	0.000000	0.000000	40.757900	16.763201	26.334900	43.484299	-24.238899	27.613100	-0.000000	0.000000	-0.000001	0.000000	0.000000	0.000000	-42.594898	-8.887190	18.715599	-48.297298	15.349100	24.455999	-0.000000	0.000000	0.000001	-0.068152	-0.913028	-0.001086	0.000000	0.000000	-0.000000
0.336897	-0.361414	-11.324802	-5.463130	13.620900	1.290230	8.832470	-14.378400	0.876009	-0.000000	0.000000	0.000001	-0.065034	12.155700	0.013681	7.493700	-8.253480	1.072520	-0.000001	-0.000000	0.000000	0.000002	0.000001	0.000012	0.000000	0.000000	0.000000	37.132099	18.051701	30.247700	34.834599	-24.872101	22.071501	0.000000	0.000000	-0.000001	0.000000	0.000000	0.000000	-39.998001	-8.746860	19.903999	-45.618401	17.664400	24.618799	-0.000000	-0.000000	-0.000002	-0.188338	-0.898185	-0.002950	0.000000	-0.000000	-0.000001
0.392314	-0.294420	-11.404600	-5.772780	13.518300	1.353740	9.617760	-14.387700	0.996824	0.000000	-0.000000	0.000000	0.428082	11.771000	-0.087347	6.240960	-7.268500	0.846387	-0.000000	-0.000000	0.000000	0.000000	-0.000000	-0.000025	0.000000	0.000000	0.000000	33.553699	18.708099	33.996498	31.966400	-26.521700	20.992399	-0.000000	0.000000	0.000001	0.000000	0.000000	0.000000	-39.328201	-8.359770	19.842899	-44.683201	17.089199	23.576900	-0.000000	-0.000000	0.000000	-0.157607	-0.830987	-0.002285	-0.000000	-0.000000	-0.000000
0.364775	-0.410935	-11.318201	-5.424200	13.494500	1.269320	8.534380	-13.817400	0.779479	0.000000	-0.000000	-0.000000	-0.378474	12.402200	0.081272	8.536470	-8.371330	1.196950	-0.000001	0.000000	0.000000	0.000000	-0.000000	0.000075	0.000000	0.000000	0.000000	34.072701	17.738300	32.570202	33.194599	-25.842501	21.435400	0.000000	-0.000001	0.000002	0.000000	0.000000	0.000000	-39.352200	-8.567230	20.055700	-46.045502	16.250401	23.781900	0.000000	0.000000	0.000000	-0.079105	-0.797245	-0.001099	0.000000	0.000000	-0.000000
0.287139	-0.100449	-11.367600	-5.475610	12.750200	1.211970	8.759290	-12.843900	0.760924	0.000000	0.000000	0.000000	-0.004549	11.858300	0.000921	7.561030	-8.151420	1.077590	-0.000000	0.000000	-0.000000	-0.000002	-0.000000	-0.000027	0.000000	0.000000	0.000000	37.110401	17.009701	29.309299	38.886501	-23.937300	24.134800	0.000000	-0.000000	0.000000	0.000000	0.000000	0.000000	-41.202400	-10.077100	20.639900	-50.632900	17.421900	27.896700	-0.000000	0.000000	0.000000	-0.304007	-0.905617	-0.004805	0.000000	-0.000000	0.000000
0.134002	-0.520535	-11.539304	-5.191650	12.990600	1.170060	8.194960	-12.094700	0.657834	-0.000000	-0.000000	-0.000000	0.855910	12.364400	-0.183304	5.302730	-8.112310	0.869541	0.000000	-0.000000	0.000000	-0.000000	0.000000	0.000043	0.000000	0.000000	0.000000	40.447800	16.257200	26.126200	48.297199	-24.452000	31.458401	0.000000	0.000000	0.000000	0.000000	0.000000	0.000000	-44.194901	-12.673300	21.447800	-57.127998	18.857599	34.825901	-0.000000	0.000000	-0.000000	-0.369995	-0.844920	-0.005455	-0.000000	-0.000000	0.000001
-0.232099	-1.084410	-10.986801	-4.813560	13.482200	1.124740	8.130210	-12.221000	0.731082	-0.000000	0.000000	0.000001	1.145770	13.547300	-0.268446	5.801940	-9.676860	1.168020	0.000000	-0.000000	0.000000	0.000000	0.000000	0.000103	0.000000	0.000000	0.000000	43.282700	13.565200	21.907499	62.701801	-25.115999	46.335800	-0.000001	0.000001	-0.000001	0.000000	0.000000	0.000000	-47.785400	-14.523500	21.001699	-67.713203	16.536200	44.711102	0.000001	0.000000	-0.000001	-0.243288	-0.685472	-0.002908	-0.000000	0.000000	-0.000001
-0.605292	-0.969252	-11.494504	-3.953670	13.510600	0.925050	7.310630	-12.216200	0.734392	0.000000	0.000000	0.000000	1.423400	12.865600	-0.317014	6.401320	-8.332290	1.135590	-0.000000	0.000000	-0.000000	-0.000000	-0.000000	0.000003	0.000000	0.000000	0.000000	49.523499	11.161100	16.885201	75.440903	-23.587900	63.338200	-0.000000	0.000003	0.000001	0.000000	0.000000	0.000000	-52.579300	-18.093100	20.942801	-78.424698	11.732100	58.228298	-0.000001	0.000001	0.000000	-0.206055	-1.032410	-0.003713	0.000000	0.000000	0.000001
-1.341290	-0.093538	-11.587900	-2.017280	13.432200	0.468777	6.690680	-13.906500	1.138910	-0.000000	0.000000	0.000000	2.691650	11.845500	-0.552922	7.108820	-7.350880	1.258540	-0.000000	-0.000000	0.000001	0.000001	0.000000	0.000109	0.000000	0.000000	0.000000	57.667599	6.864980	11.341900	90.265297	-20.746901	91.287201	-0.000000	0.000000	0.000000	0.000000	0.000000	0.000000	-56.450802	-24.751699	22.483700	-88.896400	10.754300	90.526001	-0.000000	0.000001	-0.000000	-0.051030	-0.562778	-0.000501	0.000000	0.000000	-0.000000
-1.608400	-0.367355	-10.672599	-1.724810	13.591000	0.405420	8.071910	-13.829700	1.534760	-0.000000	0.000000	0.000000	4.134320	12.850800	-0.921054	5.880250	-9.844850	1.711170	0.000000	-0.000000	-0.000000	0.000000	0.000000	-0.000036	0.000000	0.000000	0.000000	65.564400	-1.651610	5.804740	99.820198	-17.634300	112.321999	0.000000	0.000000	-0.000001	0.000000	0.000000	0.000000	-60.848801	-28.291599	21.357300	-99.179497	5.269120	134.369003	-0.000000	-0.000000	0.000000	0.122483	-0.834993	0.001785	0.000000	0.000000	0.000000
-1.791200	-1.622100	-9.549290	-1.226670	15.141300	0.320447	7.401650	-14.576500	1.570580	0.000000	0.000000	0.000000	4.411440	13.975400	-1.067380	5.716980	-7.959860	1.398410	0.000000	0.000000	-0.000000	0.000002	0.000000	-0.000092	0.000000	0.000000	0.000000	69.660202	-10.466900	2.340090	110.064003	-18.442101	129.244995	-0.000000	0.000000	-0.000000	0.000000	0.000000	0.000000	-63.761200	-32.695801	21.061600	-107.033997	-2.701470	170.690994	-0.000000	0.000001	-0.000002	0.319094	-1.280280	0.007130	0.000000	0.000000	-0.000001
-1.062500	-1.886360	-8.707710	-1.952390	15.779100	0.531090	6.781400	-14.762200	1.252090	0.000000	-0.000000	-0.000000	3.223800	14.836500	-0.826322	6.227260	-8.450480	1.385110	0.000000	-0.000000	0.000000	0.000001	0.000000	0.000027	0.000000	0.000000	0.000000	69.048302	-20.315001	-1.709050	118.856003	-18.551901	140.123001	-0.000000	0.000000	0.000000	0.000000	0.000000	0.000000	-65.107803	-38.441502	21.793600	-114.028999	-10.272100	-171.466003	0.000000	-0.000000	0.000000	0.559689	-1.349780	0.013184	0.000000	-0.000000	-0.000001
-0.793678	-1.209081	-8.034630	-3.131830	14.591800	0.789727	7.209980	-13.946800	1.008990	-0.000000	0.000000	-0.000000	2.607710	14.271900	-0.643292	5.175710	-9.350170	1.258870	0.000000	0.000000	0.000000	-0.000000	-0.000000	0.000007	0.000000	0.000000	0.000000	70.982300	-27.639799	-3.621510	123.191002	-20.935600	142.169998	-0.000000	0.000000	0.000000	0.000000	0.000000	0.000000	-68.978500	-43.584301	20.112400	-116.833000	-15.862900	-163.143005	-0.000000	0.000000	-0.000000	-0.024434	-2.512180	-0.001067	0.000000	0.000000	-0.000000
-0.557151	0.202363	-8.148579	-3.288530	13.515400	0.769341	7.371400	-17.072001	1.227380	-0.000000	-0.000000	-0.000000	1.757870	12.289100	-0.374275	7.107960	-9.618560	1.486090	-0.000000	0.000000	-0.000000	0.000002	0.000000	0.000028	0.000000	0.000000	0.000000	73.375298	-31.934999	-3.806920	124.839996	-21.632999	143.104996	-0.000001	-0.000000	0.000000	0.000000	0.000000	0.000000	-72.308197	-46.502701	18.103201	-118.807999	-17.977501	-161.403000	0.000000	-0.000000	0.000001	-0.307818	-4.108500	-0.022049	-0.000000	-0.000000	-0.000001
-0.497564	0.164308	-7.967360	-2.993950	12.278600	0.637251	6.624610	-16.043301	1.023660	0.000000	-0.000000	-0.000000	1.230670	11.194300	-0.238963	8.153260	-8.512910	1.397850	0.000000	0.000000	-0.000000	-0.000002	-0.000000	0.000051	0.000000	0.000000	0.000000	72.571899	-33.308201	-4.679470	125.813004	-23.619200	142.274002	0.000001	-0.000000	0.000000	0.000000	0.000000	0.000000	-71.571198	-46.683800	18.675301	-118.938004	-18.069799	-161.345001	-0.000000	0.000000	-0.000000	0.079558	-3.240200	0.004499	0.000000	0.000000	-0.000001
-0.543725	-0.638607	-7.793152	-3.738410	13.270600	0.859297	7.628850	-14.891800	1.027080	-0.000000	-0.000000	-0.000000	1.556060	12.927200	-0.348204	6.969180	-10.012400	1.485910	0.000000	0.000000	-0.000000	-0.000002	-0.000000	-0.000032	0.000000	0.000000	0.000000	73.203400	-33.016800	-4.228930	120.035004	-21.836201	137.613007	-0.000000	0.000000	-0.000000	0.000000	0.000000	0.000000	-69.900002	-44.387798	19.556499	-116.250999	-14.316500	-165.169006	-0.000001	-0.000001	0.000000	0.283457	-2.100320	0.010389	0.000000	-0.000000	0.000001
-0.860368	-1.070550	-7.581370	-3.469940	13.519800	0.812139	7.969970	-14.120400	1.123600	-0.000000	0.000000	0.000000	2.784760	14.497000	-0.697633	5.148890	-11.884800	1.625360	-0.000000	0.000000	-0.000000	0.000000	0.000000	-0.000071	0.000000	0.000000	0.000000	74.690498	-29.098801	-2.244510	114.160004	-19.926399	132.160995	0.000000	0.000000	0.000000	0.000000	0.000000	0.000000	-69.906601	-36.046101	17.891300	-113.371002	-9.166490	-173.613007	-0.000001	-0.000000	0.000001	0.197704	-1.810850	0.006249	-0.000000	0.000000	-0.000000
-1.194450	-1.809462	-7.852784	-2.774260	14.837700	0.710947	7.615170	-15.521500	1.323250	0.000000	-0.000000	-0.000000	2.750710	14.991200	-0.712050	6.534470	-10.541100	1.695590	-0.000000	-0.000000	0.000000	0.000000	-0.000000	0.000050	0.000000	0.000000	0.000000	71.210098	-21.233000	-1.218480	109.136002	-18.919500	126.105003	-0.000000	0.000000	0.000001	0.000000	0.000000	0.000000	-68.651100	-30.843700	17.408199	-107.376999	-1.796970	168.069000	-0.000000	-0.000000	0.000002	0.242988	-1.887160	0.008002	0.000000	-0.000000	-0.000000
-1.323300	-2.245568	-8.059880	-2.578420	14.921600	0.664343	7.857320	-13.295700	1.237470	-0.000000	-0.000000	-0.000000	2.861090	15.703500	-0.774989	6.639510	-10.844000	1.782730	-0.000000	-0.000000	-0.000000	0.000002	0.000000	0.000001	0.000000	0.000000	0.000000	66.035599	-13.947200	0.170794	100.197998	-18.425900	110.305000	-0.000000	-0.000001	-0.000001	0.000000	0.000000	0.000000	-63.584702	-24.746901	18.273399	-97.534500	5.064530	129.716995	0.000000	0.000000	0.000001	0.119803	-1.910590	0.003995	-0.000000	-0.000000	0.000001
-0.917556	-1.124940	-8.755009	-3.151400	13.419700	0.732071	8.334590	-13.376500	1.222320	-0.000000	-0.000000	0.000000	2.820390	14.210800	-0.692916	5.725150	-11.261700	1.663650	0.000000	0.000000	-0.000000	-0.000000	-0.000000	0.000049	0.000000	0.000000	0.000000	59.534199	-6.125840	3.304230	91.218803	-15.684000	91.061996	-0.000000	0.000000	0.000000	0.000000	0.000000	0.000000	-60.149601	-20.522499	18.274700	-86.277298	11.270100	81.152000	-0.000001	0.000000	0.000000	0.145516	-1.196440	0.003041	0.000000	0.000000	-0.000001
-0.597670	-0.830250	-9.921400	-3.614300	13.228200	0.828090	7.593570	-12.847900	0.907666	-0.000000	0.000000	0.000001	1.184680	13.846100	-0.283563	8.498650	-10.707300	1.809240	0.000000	0.000000	-0.000000	-0.000000	-0.000000	-0.000062	0.000000	0.000000	0.000000	51.479401	2.504780	9.624630	81.819603	-18.015100	70.379997	0.000000	0.000001	0.000000	0.000000	0.000000	0.000000	-53.841301	-18.326300	20.366100	-75.303703	16.318199	57.406799	0.000000	-0.000001	-0.000000	0.142741	-1.027960	0.002562	0.000000	-0.000000	0.000000
-0.474117	-0.254730	-11.325300	-4.321030	12.851200	0.962808	9.190430	-13.014000	1.123650	0.000000	-0.000000	-0.000000	0.835171	12.155400	-0.175880	9.053910	-8.197960	1.421260	-0.000000	0.000000	0.000000	0.000002	0.000000	0.000028	0.000000	0.000000	0.000000	45.761002	9.230950	16.925600	69.039803	-21.164000	50.936199	0.000000	-0.000000	-0.000001	0.000000	0.000000	0.000000	-47.347698	-17.463400	23.510599	-63.722500	20.403000	43.820000	0.000001	-0.000000	-0.000001	-0.037914	-0.923780	-0.000610	0.000000	0.000000	0.000000
-0.583654	-0.734161	-11.699898	-4.400230	13.019500	0.993133	9.781660	-12.571500	1.199500	-0.000000	-0.000000	-0.000000	1.304990	11.351100	-0.256904	7.992440	-5.592090	0.911404	0.000000	-0.000000	0.000000	0.000000	0.000000	0.000103	0.000000	0.000000	0.000000	39.097698	13.843100	24.838301	60.722000	-26.959101	45.370499	-0.000000	-0.000000	0.000000	0.000000	0.000000	0.000000	-41.101299	-13.337500	23.955299	-58.445599	17.848400	35.222000	0.000000	0.000000	-0.000002	-0.298822	-0.998560	-0.005208	-0.000000	-0.000000	-0.000000
-0.314644	-1.131510	-10.862200	-4.908100	14.266200	1.212260	9.273380	-14.494900	1.132790	-0.000000	-0.000000	-0.000000	0.658561	12.566200	-0.143302	7.354270	-7.396970	1.036200	-0.000000	0.000000	-0.000000	-0.000000	-0.000000	0.000038	0.000000	0.000000	0.000000	34.973999	16.276100	30.306200	53.485298	-30.645000	40.292198	0.000000	-0.000000	-0.000000	0.000000	0.000000	0.000000	-39.119900	-10.438100	22.231800	-52.914700	16.801701	29.220800	-0.000000	-0.000000	0.000000	-0.035154	-1.243140	-0.000761	0.000000	-0.000000	-0.000000
-0.288733	-1.199880	-10.407804	-4.853920	14.033300	1.179660	8.810210	-13.437700	0.954687	-0.000000	-0.000000	-0.000001	0.714147	13.469000	-0.166358	6.766150	-9.019900	1.176160	0.000000	0.000000	-0.000000	0.000002	0.000000	0.000066	0.000000	0.000000	0.000000	32.535500	18.469400	34.646702	46.391800	-32.754002	34.949600	-0.000000	-0.000000	0.000000	0.000000	0.000000	0.000000	-38.597500	-8.363410	20.242701	-51.525398	14.060200	25.499901	-0.000000	0.000000	0.000001	0.038003	-1.270510	0.000844	-0.000000	0.000000	-0.000000
-0.086081	-1.227680	-10.683401	-4.579930	14.430400	1.143600	7.536380	-14.486100	0.776488	-0.000000	-0.000000	-0.000000	-0.265838	13.214400	0.060756	9.266260	-8.287270	1.308890	0.000001	-0.000000	-0.000000	0.000002	0.000001	0.000032	0.000000	0.000000	0.000000	32.248798	19.735300	36.171700	42.343899	-31.827101	31.010099	0.000000	0.000000	-0.000000	0.000000	0.000000	0.000000	-37.730099	-8.149540	20.499300	-53.526402	15.223400	28.087400	0.000000	-0.000000	-0.000000	0.014610	-1.448820	0.000370	0.000000	0.000000	0.000001
-0.125687	-0.635709	-10.811700	-4.552040	12.870800	1.016000	8.216760	-12.821800	0.839878	-0.000000	0.000000	0.000000	0.961079	12.363600	-0.205815	6.809430	-8.383330	1.136450	-0.000001	-0.000000	-0.000000	-0.000002	-0.000001	0.000068	0.000000	0.000000	0.000000	33.943600	20.312500	35.099098	39.474998	-29.809299	27.791300	-0.000000	-0.000000	0.000000	0.000000	0.000000	0.000000	-36.920502	-9.132360	22.133600	-54.779099	15.931500	29.795700	-0.000000	0.000000	-0.000001	-0.151852	-1.093470	-0.002898	0.000000	0.000000	-0.000001
-0.716979	-0.845806	-11.629295	-3.896350	13.129600	0.886358	7.928680	-12.289700	0.881488	-0.000000	0.000000	0.000000	1.758530	12.773000	-0.388921	6.067330	-8.517760	1.159680	-0.000000	-0.000000	-0.000000	-0.000000	-0.000000	0.000050	0.000000	0.000000	0.000000	36.420101	21.219700	33.696800	41.949501	-27.769100	28.580400	-0.000000	0.000000	-0.000002	0.000000	0.000000	0.000000	-36.502800	-10.632100	24.186100	-59.066898	17.047899	34.902401	-0.000000	0.000000	0.000002	0.049706	-1.145260	0.000995	0.000000	0.000000	-0.000002
-0.527727	-0.717562	-11.100599	-3.668350	13.353600	0.848328	7.635380	-13.441900	0.946777	0.000000	0.000000	-0.000000	1.976110	11.798700	-0.404228	5.617720	-6.734290	0.890691	-0.000000	0.000000	0.000000	-0.000000	0.000000	-0.000052	0.000000	0.000000	0.000000	36.512100	20.628700	33.071701	47.655201	-30.918800	35.236301	-0.000000	0.000000	0.000001	0.000000	0.000000	0.000000	-41.016602	-13.263600	23.914900	-60.127300	20.084999	39.180401	-0.000000	-0.000000	-0.000000	-0.047861	-1.389610	-0.001159	0.000000	0.000000	0.000000
-0.590321	-0.961806	-11.031107	-3.914290	13.310900	0.902521	8.035160	-13.187300	0.965815	0.000000	-0.000000	0.000000	1.691100	12.106200	-0.354776	6.114030	-6.978450	0.949466	0.000000	0.000000	0.000000	-0.000002	-0.000000	-0.000010	0.000000	0.000000	0.000000	38.720200	19.607901	30.333401	59.709000	-31.221901	47.636600	0.000000	-0.000000	0.000000	0.000000	0.000000	0.000000	-45.310101	-15.342600	23.088301	-67.215897	19.610201	47.510601	-0.000001	0.000001	-0.000001	-0.334290	-1.186070	-0.006918	-0.000000	-0.000000	-0.000000
-0.583330	-0.901721	-10.550397	-4.004030	13.537100	0.938672	7.728510	-13.755900	0.913424	-0.000000	-0.000000	0.000001	1.771340	12.429000	-0.381374	5.914450	-8.111600	1.084940	-0.000000	-0.000000	-0.000000	0.000000	-0.000000	0.000078	0.000000	0.000000	0.000000	44.220600	17.395100	24.528900	72.206902	-27.158600	61.402401	-0.000000	0.000000	-0.000001	0.000000	0.000000	0.000000	-50.983200	-17.336300	21.299400	-74.568199	17.360800	57.033298	0.000000	0.000000	0.000000	-0.444812	-0.968824	-0.007520	0.000000	0.000000	0.000000
-0.999635	-1.781680	-10.538600	-3.701550	15.276800	0.976544	8.293310	-14.883200	1.215610	0.000000	0.000000	0.000000	2.065390	14.447500	-0.515525	6.096240	-10.406800	1.471970	0.000000	0.000000	0.000000	0.000000	-0.000000	-0.000031	0.000000	0.000000	0.000000	50.431000	15.157700	19.337500	87.387901	-24.212200	87.003197	0.000000	-0.000001	-0.000000	0.000000	0.000000	0.000000	-54.848499	-17.770399	19.546600	-87.670700	9.411270	84.254204	-0.000000	0.000003	0.000000	-0.374701	-1.269980	-0.008304	-0.000000	0.000000	0.000000
-1.481790	-1.391450	-10.509001	-2.465420	15.343800	0.652736	7.276220	-15.370400	1.301410	-0.000000	0.000000	0.000001	1.886660	14.154900	-0.461539	8.539130	-9.777220	1.779660	0.000000	0.000000	-0.000000	-0.000002	-0.000000	-0.000060	0.000000	0.000000	0.000000	56.562901	11.747500	14.568700	102.542000	-20.969900	117.764999	-0.000000	-0.000001	-0.000001	0.000000	0.000000	0.000000	-58.649799	-20.779200	19.242201	-100.074997	5.562690	133.654007	-0.000000	-0.000000	0.000001	-0.685523	-1.197340	-0.014324	-0.000000	-0.000000	0.000000
-1.041489	-1.059970	-10.107495	-2.222150	14.401800	0.552944	5.743730	-14.954900	0.927948	-0.000000	0.000000	0.000001	1.940150	13.772300	-0.462058	7.198160	-10.699900	1.700080	-0.000000	0.000000	-0.000000	0.000000	0.000000	0.000022	0.000000	0.000000	0.000000	63.621899	5.934770	9.584750	113.518997	-17.523600	137.429001	0.000000	-0.000000	-0.000002	0.000000	0.000000	0.000000	-64.181198	-24.402399	17.931000	-109.083000	0.034688	163.085007	-0.000000	-0.000000	0.000000	-0.481394	-1.090390	-0.009160	-0.000000	0.000000	0.000001
-1.124810	-1.438359	-9.365090	-2.888030	14.110200	0.704616	7.547250	-13.969200	1.148270	-0.000000	0.000000	-0.000000	2.706150	13.815800	-0.646698	5.915910	-10.092900	1.508100	-0.000000	-0.000000	0.000001	-0.000000	-0.000000	-0.000004	0.000000	0.000000	0.000000	66.380898	-1.065760	6.071310	124.592003	-17.202999	148.742004	-0.000000	0.000000	0.000000	0.000000	0.000000	0.000000	-68.926697	-29.216200	16.893999	-115.616997	-4.596630	176.115997	-0.000000	0.000000	-0.000000	-0.426028	-1.258070	-0.009352	0.000000	-0.000000	-0.000000
-1.199690	-2.433140	-8.874321	-2.986700	15.609800	0.804338	7.379660	-15.716600	1.222170	-0.000000	0.000000	0.000000	2.143090	15.390100	-0.569013	7.081870	-10.743200	1.719400	0.000000	0.000000	-0.000000	-0.000000	-0.000000	0.000020	0.000000	0.000000	0.000000	69.360802	-7.880840	3.337670	130.354004	-18.783300	151.511002	0.000000	-0.000000	0.000000	0.000000	0.000000	0.000000	-68.518700	-33.655998	18.291800	-121.561996	-8.682040	-177.167999	-0.000000	0.000000	-0.000001	0.042932	-1.151360	0.000864	0.000000	0.000000	-0.000001
-0.917269	-1.738700	-8.433682	-2.880530	14.525600	0.723031	6.800240	-14.984400	1.038890	0.000000	-0.000000	-0.000001	2.144570	14.327900	-0.530964	6.561770	-10.443700	1.577680	-0.000000	-0.000000	0.000000	-0.000000	-0.000000	0.000017	0.000000	0.000000	0.000000	71.091698	-14.131300	1.314960	133.417007	-20.361500	152.203003	-0.000001	0.000000	-0.000000	0.000000	0.000000	0.000000	-68.948799	-37.678699	18.955799	-123.764000	-10.612300	-174.733994	0.000000	-0.000000	-0.000001	0.273465	-1.355830	0.006474	-0.000000	-0.000000	-0.000000
-0.949498	-1.728130	-8.128298	-3.114340	14.578400	0.784608	7.523840	-15.556100	1.211800	-0.000000	0.000000	-0.000000	1.835870	13.748500	-0.436468	7.467620	-8.856280	1.436440	0.000000	0.000000	0.000000	-0.000002	-0.000000	-0.000089	0.000000	0.000000	0.000000	73.110901	-18.400700	0.412886	131.735001	-21.192600	150.119995	-0.000000	-0.000000	-0.000000	0.000000	0.000000	0.000000	-70.910500	-39.990501	18.075399	-122.334999	-9.747330	-175.378006	-0.000000	-0.000000	0.000000	0.247986	-1.754900	0.007596	-0.000000	-0.000000	-0.000000
-1.395450	-1.756920	-7.852229	-2.633920	14.624900	0.665465	7.600940	-15.328600	1.338870	-0.000000	0.000000	0.000000	2.990610	14.007100	-0.724481	6.069070	-9.098440	1.429960	0.000001	0.000000	-0.000001	-0.000000	-0.000000	0.000031	0.000000	0.000000	0.000000	74.255203	-20.084299	0.263558	127.089996	-20.718500	146.561005	-0.000001	-0.000000	-0.000001	0.000000	0.000000	0.000000	-69.640900	-39.097198	18.754101	-120.764000	-7.499880	-178.309006	-0.000000	0.000000	-0.000000	0.221604	-1.728750	0.006688	-0.000000	-0.000000	-0.000000
-1.313250	-2.751690	-7.978388	-2.699320	15.580200	0.725489	7.560450	-15.066000	1.292380	0.000000	-0.000000	-0.000000	2.014450	15.433400	-0.536298	8.094560	-10.338600	1.819230	-0.000000	-0.000000	0.000000	0.000000	0.000000	-0.000057	0.000000	0.000000	0.000000	70.048798	-18.152800	-0.484261	123.541000	-20.648001	143.276993	0.000001	0.000000	-0.000000	0.000000	0.000000	0.000000	-68.900803	-34.767799	18.275499	-118.681999	-5.466160	178.309998	-0.000000	-0.000000	0.000001	0.379449	-1.505370	0.009969	-0.000000	-0.000000	-0.000000
-1.383790	-2.378610	-7.992726	-2.449560	15.593700	0.658838	7.136450	-15.047200	1.242900	0.000000	-0.000000	0.000000	3.133410	15.428900	-0.834404	5.276090	-10.330500	1.497920	0.000000	-0.000000	0.000000	-0.000000	-0.000000	-0.000042	0.000000	0.000000	0.000000	69.923103	-14.534300	0.875022	114.862000	-17.744101	136.617004	0.000000	-0.000000	0.000000	0.000000	0.000000	0.000000	-66.778397	-29.859200	18.242701	-114.331001	1.626870	164.162994	-0.000000	-0.000000	0.000000	0.293321	-1.196520	0.006126	0.000000	0.000000	0.000000
-0.723855	-1.693231	-8.491422	-2.549930	14.616300	0.643843	4.770320	-14.398100	0.572954	-0.000000	-0.000000	0.000000	2.154990	14.309000	-0.532859	5.223800	-9.989130	1.275060	0.000000	0.000000	-0.000000	-0.000000	-0.000000	0.000061	0.000000	0.000000	0.000000	65.791199	-7.241810	3.255180	105.971001	-14.984700	126.843002	-0.000000	-0.000000	0.000002	0.000000	0.000000	0.000000	-65.202599	-21.944901	16.427999	-107.300003	6.032770	147.123993	0.000000	0.000000	0.000000	0.130151	-0.952964	0.002166	-0.000000	-0.000000	-0.000000
-0.575093	-1.022920	-9.993410	-3.639930	13.241900	0.834820	7.106030	-13.388500	0.826049	0.000000	0.000000	0.000000	1.358330	13.250700	-0.311413	6.645380	-10.005500	1.393030	-0.000000	-0.000000	-0.000000	0.000000	0.000000	0.000090	0.000000	0.000000	0.000000	62.038799	1.793660	7.730780	93.551201	-13.635500	100.320999	0.000001	-0.000001	-0.000001	0.000000	0.000000	0.000000	-62.095699	-18.018000	16.263000	-95.693497	9.812130	111.844002	0.000000	-0.000000	0.000000	-0.030328	-0.993433	-0.000525	-0.000000	0.000000	-0.000000
-0.996462	-1.267911	-10.709700	-3.469140	14.042600	0.842720	7.951680	-14.051500	1.115800	-0.000000	-0.000000	-0.000000	1.664010	12.909700	-0.371877	7.486470	-7.658790	1.224060	0.000000	0.000000	0.000000	0.000000	-0.000000	0.000046	0.000000	0.000000	0.000000	56.601002	9.856900	13.421500	79.629601	-16.041800	65.327904	-0.000000	0.000000	0.000000	0.000000	0.000000	0.000000	-57.486301	-15.103400	16.777201	-79.706100	14.147500	63.544300	0.000000	0.000001	-0.000000	-0.152321	-1.156700	-0.003072	-0.000000	0.000000	0.000001
-0.521322	-1.253070	-11.365306	-4.615020	14.017200	1.120080	9.456200	-13.479200	1.163320	-0.000000	0.000000	0.000000	1.577870	12.758700	-0.348564	6.444780	-7.103240	0.993591	-0.000000	-0.000000	0.000001	0.000002	0.000000	-0.000067	0.000000	0.000000	0.000000	50.356602	15.591000	19.705500	63.842999	-21.479500	44.801498	0.000001	0.000001	0.000002	0.000000	0.000000	0.000000	-54.182499	-13.563200	17.270901	-61.143700	18.648199	38.706200	0.000001	-0.000000	0.000000	-0.097300	-1.284490	-0.002180	0.000000	-0.000000	0.000000
-0.192333	-1.378531	-12.227110	-5.084480	14.856400	1.306840	8.891570	-15.270200	1.049150	-0.000000	-0.000000	0.000000	-0.144073	12.507200	0.031186	8.644800	-6.905010	1.029870	-0.000000	0.000000	0.000000	0.000000	0.000000	0.000001	0.000000	0.000000	0.000000	45.558300	19.714701	25.469101	48.103401	-25.755501	32.413101	0.000000	-0.000000	-0.000001	0.000000	0.000000	0.000000	-50.284000	-12.085500	17.965900	-46.706001	18.307600	25.940001	0.000000	0.000000	-0.000000	-0.435992	-1.147100	-0.008728	0.000000	0.000000	0.000001
-0.741144	-0.976239	-12.837800	-4.512260	14.282100	1.115310	9.181480	-14.465300	1.203910	0.000000	0.000000	-0.000000	1.114440	11.653000	-0.225134	7.176560	-5.426430	0.787315	0.000000	0.000000	-0.000000	0.000002	0.000000	0.000030	0.000000	0.000000	0.000000	43.642399	21.232599	27.960899	36.328201	-24.005100	22.736000	0.000000	0.000000	-0.000000	0.000000	0.000000	0.000000	-44.386101	-10.266700	19.233101	-41.534199	16.807899	21.616301	-0.000000	-0.000000	0.000001	-0.595788	-0.904229	-0.009402	-0.000000	0.000000	0.000000
-0.908372	-0.955354	-13.078499	-3.843640	15.351800	1.018990	9.056180	-16.680401	1.539710	0.000000	-0.000000	-0.000000	1.462380	12.621200	-0.319616	7.959310	-7.602280	1.252810	-0.000001	-0.000000	-0.000000	0.000001	0.000000	-0.000022	0.000000	0.000000	0.000000	40.220699	22.358200	31.468399	32.233299	-25.294100	20.807199	-0.000000	0.000000	-0.000000	0.000000	0.000000	0.000000	-40.117901	-9.408900	20.634701	-43.183399	15.433800	21.529699	0.000000	0.000000	0.000001	-0.224699	-1.171180	-0.004594	0.000000	0.000000	0.000002
-0.783537	-1.026820	-12.796800	-3.993380	15.762500	1.086420	9.180370	-17.604200	1.618510	-0.000000	-0.000000	-0.000000	1.226300	12.013200	-0.255285	8.295670	-5.996050	1.000940	0.000001	0.000000	0.000000	0.000002	0.000000	0.000088	0.000000	0.000000	0.000000	38.417900	23.445499	33.810001	28.531799	-28.618401	20.000900	0.000000	0.000000	0.000000	0.000000	0.000000	0.000000	-39.296101	-9.484470	21.173901	-43.669899	15.962300	22.212500	-0.000000	-0.000000	-0.000001	0.078788	-1.160290	0.001595	-0.000000	-0.000000	-0.000001
-0.910118	-0.944774	-12.915696	-3.876920	15.492600	1.037040	8.835960	-17.235201	1.514800	-0.000000	0.000000	0.000000	1.891320	12.069300	-0.395612	7.134890	-6.310910	0.995677	-0.000000	-0.000000	-0.000000	0.000001	0.000000	0.000102	0.000000	0.000000	0.000000	38.461800	23.101700	33.519501	29.864000	-28.705900	20.869900	-0.000000	-0.000000	0.000001	0.000000	0.000000	0.000000	-39.505199	-10.945000	22.617100	-47.391201	16.938700	25.301701	0.000000	0.000000	0.000001	-0.237202	-1.331830	-0.005511	-0.000000	0.000000	-0.000001
-1.013610	0.225834	-12.897800	-2.744590	12.937800	0.614933	7.774820	-14.031300	1.239590	0.000000	0.000000	-0.000000	2.887030	11.243100	-0.563358	5.856920	-7.709820	1.174470	0.000001	0.000000	-0.000000	0.000000	-0.000000	-0.000003	0.000000	0.000000	0.000000	41.699001	21.600401	29.737499	33.408401	-25.945299	21.982800	0.000000	-0.000000	-0.000001	0.000000	0.000000	0.000000	-41.901402	-13.887300	24.009100	-50.040298	20.811800	30.388300	-0.000000	0.000000	0.000001	-0.270373	-0.848876	-0.004006	0.000000	-0.000000	-0.000001
-1.348681	-0.567310	-12.993308	-2.624640	13.270300	0.602862	8.248750	-12.224600	1.209540	0.000000	0.000000	-0.000000	3.853120	12.420500	-0.829948	4.291710	-8.389820	1.182850	-0.000000	-0.000000	0.000000	0.000000	-0.000000	0.000046	0.000000	0.000000	0.000000	44.491199	21.717600	27.730900	41.951302	-28.110600	29.112499	-0.000000	0.000000	-0.000002	0.000000	0.000000	0.000000	-44.118099	-15.099100	23.696501	-57.468498	20.437901	36.758301	-0.000000	0.000000	0.000000	-0.369429	-1.150680	-0.007417	0.000000	-0.000000	-0.000000
-1.251250	-0.892548	-12.947204	-2.476560	13.622200	0.583607	7.324760	-12.376200	1.056540	0.000000	-0.000000	0.000000	3.057600	12.176400	-0.645509	5.522410	-6.759180	1.009070	0.000000	0.000000	-0.000000	-0.000000	-0.000000	0.000010	0.000000	0.000000	0.000000	48.236801	21.408100	24.943501	52.043999	-29.463800	38.720001	0.000000	-0.000001	0.000000	0.000000	0.000000	0.000000	-49.452801	-16.560699	21.700001	-63.703300	18.974100	42.199501	-0.000000	0.000000	0.000001	-0.431448	-1.168430	-0.008796	0.000000	-0.000000	0.000000
-1.402670	-1.000790	-12.450599	-2.814640	14.482000	0.704395	9.023310	-13.837000	1.512030	-0.000000	0.000000	0.000000	3.089080	12.530100	-0.670812	6.689320	-6.822280	1.163830	0.000000	-0.000000	-0.000000	-0.000001	-0.000000	0.000072	0.000000	0.000000	0.000000	53.239101	19.018900	20.454399	65.494400	-26.936701	51.938999	-0.000000	-0.000000	0.000001	0.000000	0.000000	0.000000	-53.626900	-17.536900	20.094200	-73.049004	17.271700	53.927399	0.000000	0.000000	-0.000000	-0.528482	-1.038260	-0.009575	0.000000	-0.000000	-0.000000
-1.676340	-1.424230	-11.918602	-2.114970	14.852200	0.542344	7.530980	-14.025700	1.333590	-0.000000	-0.000000	0.000000	3.755560	13.177700	-0.857337	4.781300	-8.148920	1.204580	-0.000000	0.000000	-0.000000	-0.000000	-0.000000	0.000061	0.000000	0.000000	0.000000	59.983700	14.513400	14.852500	76.789200	-22.001101	65.218102	-0.000000	0.000000	-0.000000	0.000000	0.000000	0.000000	-58.082298	-21.038500	19.720501	-80.997902	15.584100	68.985298	0.000000	-0.000000	-0.000000	-0.348520	-1.200010	-0.007297	0.000000	0.000000	0.000001
-2.218839	-1.282180	-11.142300	-0.730629	14.927400	0.188207	6.838820	-13.576700	1.444890	-0.000000	0.000000	0.000001	4.229170	13.983300	-1.023690	6.224720	-9.194360	1.667950	0.000000	0.000000	-0.000001	0.000002	0.000000	0.000034	0.000000	0.000000	0.000000	67.690804	8.710480	9.952460	85.692902	-18.218300	80.896599	-0.000000	-0.000000	0.000000	0.000000	0.000000	0.000000	-60.907200	-23.827299	19.490999	-89.021004	13.850300	90.503700	-0.000000	0.000001	-0.000000	-0.359959	-1.374410	-0.008634	-0.000000	0.000000	-0.000001
-2.331290	-1.954770	-10.436599	-0.494086	15.908900	0.135431	7.232550	-15.097300	1.767670	-0.000000	0.000000	-0.000000	4.819260	15.100800	-1.258270	5.487790	-10.374300	1.844720	0.000000	-0.000000	-0.000001	0.000002	0.000000	0.000094	0.000000	0.000000	0.000000	73.067200	3.300750	7.230290	97.544197	-18.145500	108.223999	0.000000	0.000000	0.000000	0.000000	0.000000	0.000000	-66.622398	-28.954901	18.181700	-97.197502	11.280800	117.526001	0.000000	-0.000001	0.000000	0.067901	-1.489450	0.001767	0.000000	0.000000	-0.000000
-1.832320	-2.585238	-9.272317	-1.152320	16.533400	0.327955	7.048510	-15.293100	1.572980	-0.000000	0.000000	-0.000000	4.041410	16.556601	-1.153410	5.676930	-11.772700	1.966070	-0.000000	-0.000000	0.000000	-0.000000	0.000000	0.000027	0.000000	0.000000	0.000000	71.877602	-4.230990	4.848440	110.601997	-17.346901	132.259003	0.000000	0.000000	-0.000000	0.000000	0.000000	0.000000	-66.256104	-32.457100	19.401100	-106.809998	4.306970	152.350006	0.000000	0.000000	0.000001	0.188217	-1.609370	0.005287	-0.000000	0.000000	-0.000000
-1.829630	-2.376800	-8.884980	-1.771030	15.878100	0.484672	7.334000	-14.794700	1.442150	0.000000	-0.000000	-0.000001	3.460430	16.090500	-0.960166	6.315220	-10.906300	1.840690	0.000000	0.000000	-0.000000	-0.000000	-0.000000	-0.000033	0.000000	0.000000	0.000000	74.414902	-9.744550	3.361500	119.275002	-17.813000	142.324005	0.000001	-0.000000	0.000000	0.000000	0.000000	0.000000	-65.222702	-36.776199	21.283600	-114.869003	-2.168040	172.436996	0.000000	0.000000	-0.000002	0.410398	-1.810360	0.012967	0.000000	-0.000000	-0.000001
-1.562681	-2.602181	-8.252750	-1.873140	16.561300	0.534086	6.770210	-16.047400	1.378410	0.000000	-0.000000	0.000000	2.905550	16.341900	-0.818184	6.572730	-10.678600	1.749610	-0.000001	-0.000000	0.000000	-0.000000	-0.000000	-0.000103	0.000000	0.000000	0.000000	73.943100	-15.274200	1.603320	126.940002	-19.589100	147.684006	0.000001	-0.000000	0.000001	0.000000	0.000000	0.000000	-65.969299	-40.077801	21.573700	-119.386002	-8.456390	-176.384003	0.000000	0.000000	0.000000	0.333693	-1.792300	0.010437	0.000000	0.000000	-0.000000
-1.493631	-2.333760	-8.018149	-2.154760	15.683700	0.582733	7.127140	-15.031700	1.313610	0.000000	-0.000000	-0.000000	3.429560	15.904200	-0.940850	4.716800	-11.132800	1.557360	0.000000	0.000000	0.000000	-0.000000	0.000000	-0.000025	0.000000	0.000000	0.000000	72.268402	-18.825300	-0.019657	130.677002	-20.416500	149.886993	-0.000000	-0.000000	0.000001	0.000000	0.000000	0.000000	-63.798801	-40.462200	23.230700	-124.851997	-13.622800	-170.899002	0.000001	0.000001	0.000001	0.368948	-1.573240	0.010130	0.000000	-0.000000	-0.000000
-1.154960	-1.240390	-8.407732	-2.913940	13.965500	0.703800	7.493360	-15.274200	1.231650	0.000000	-0.000000	-0.000000	2.838220	14.700200	-0.720792	4.885960	-12.721800	1.690050	0.000000	-0.000000	-0.000000	-0.000002	-0.000000	0.000020	0.000000	0.000000	0.000000	71.234901	-20.194401	-0.834980	131.740997	-19.797100	151.128006	0.000000	-0.000000	0.000000	0.000000	0.000000	0.000000	-61.438099	-40.078899	24.900200	-127.185997	-15.205900	-169.994003	-0.000001	0.000000	0.000000	-0.190493	-3.889550	-0.012919	-0.000000	-0.000000	0.000000
-1.178750	-1.552660	-8.414970	-3.007590	14.053200	0.730931	7.451520	-14.600400	1.145170	0.000000	-0.000000	0.000000	2.169840	14.886600	-0.557706	6.534520	-12.545400	1.888510	0.000000	0.000000	-0.000000	0.000000	0.000000	0.000047	0.000000	0.000000	0.000000	70.336700	-22.990000	-2.207510	129.977997	-21.249800	148.373993	-0.000000	-0.000000	-0.000000	0.000000	0.000000	0.000000	-59.131199	-38.276501	26.060900	-128.776001	-16.902000	-168.893997	-0.000001	-0.000000	-0.000000	0.125117	-2.423940	0.005293	0.000000	0.000000	0.000001
-1.340710	-1.745070	-8.482487	-2.913430	14.544300	0.732220	8.014350	-15.460200	1.388210	-0.000000	0.000000	0.000000	1.848190	14.603400	-0.466141	8.294720	-10.873800	1.921330	-0.000001	0.000000	0.000000	-0.000002	-0.000001	0.000048	0.000000	0.000000	0.000000	69.817497	-22.556700	-2.258010	129.807999	-22.961100	146.828995	-0.000000	0.000000	0.000000	0.000000	0.000000	0.000000	-59.412601	-37.982899	25.757200	-126.933998	-16.713600	-168.203995	-0.000001	0.000000	0.000001	0.341805	-1.974920	0.011781	-0.000000	-0.000000	-0.000000
-1.199910	-1.992690	-8.467408	-3.557310	15.049000	0.924736	8.435970	-15.370300	1.328650	-0.000000	0.000000	0.000000	2.119530	14.981700	-0.548166	5.998730	-10.787300	1.515590	-0.000000	-0.000000	-0.000000	0.000000	-0.000000	-0.000050	0.000000	0.000000	0.000000	66.903702	-21.181200	-2.829200	130.276993	-24.628300	145.955994	-0.000001	0.000000	-0.000000	0.000000	0.000000	0.000000	-56.311798	-37.229698	27.819700	-126.001999	-18.003599	-166.160004	0.000000	-0.000001	-0.000001	0.490909	-1.620820	0.013887	0.000000	0.000000	0.000001
