-0.642499	0.549077	-14.150900	-3.605930	13.415400	0.837647	10.427800	-16.141899	1.932660	0.000000	-0.000000	-0.000000	1.240810	10.865600	-0.233941	10.279700	-7.869350	1.595350	-0.000000	-0.000000	0.000000	-0.000002	-0.000001	-0.000048	0.000000	0.000000	0.000000	35.617100	14.929700	28.659100	41.126701	-26.651800	27.287500	-0.000000	-0.000000	0.000001	0.000000	0.000000	0.000000	-32.373501	-14.794200	32.447701	-61.383999	20.531099	40.849701	0.000000	0.000000	-0.000000	0.189135	-0.605429	0.001999	0.000000	0.000000	-0.000001
-0.703964	-0.308304	-14.358997	-3.830090	14.304800	0.947652	10.266200	-16.126600	1.828120	0.000000	-0.000000	0.000000	1.402340	11.938300	-0.290150	9.233840	-8.216360	1.532890	-0.000001	-0.000000	0.000000	-0.000001	-0.000000	-0.000017	0.000000	0.000000	0.000000	39.382900	12.911600	23.857201	52.145901	-25.585300	35.441601	-0.000000	-0.000000	-0.000000	0.000000	0.000000	0.000000	-36.453999	-18.826700	32.851700	-67.930901	20.758600	49.792099	-0.000000	-0.000000	0.000001	0.211690	-0.901633	0.003332	-0.000000	-0.000000	-0.000000
-1.099360	0.131852	-13.866807	-3.235050	14.563600	0.814279	10.807900	-17.327900	2.299050	0.000000	-0.000000	-0.000000	1.841440	11.581100	-0.369804	9.882140	-8.270220	1.704150	0.000000	0.000000	0.000000	0.000001	0.000000	0.000046	0.000000	0.000000	0.000000	44.613300	9.861070	18.056400	66.658096	-22.861500	49.062698	0.000000	-0.000001	-0.000000	0.000000	0.000000	0.000000	-40.605400	-21.596701	31.651199	-76.838501	17.933399	62.325100	-0.000001	-0.000000	-0.000000	-0.188220	-0.573192	-0.001884	0.000000	-0.000000	0.000001
-1.277180	0.324645	-12.977100	-2.757850	13.985200	0.666978	10.438900	-16.848400	2.262680	0.000000	-0.000000	-0.000000	1.848790	12.443800	-0.398514	10.987900	-10.856700	2.449030	-0.000000	-0.000000	0.000000	0.000001	0.000000	-0.000002	0.000000	0.000000	0.000000	50.656700	4.565890	11.437700	80.513397	-16.920000	66.690399	-0.000001	0.000002	-0.000000	0.000000	0.000000	0.000000	-44.039200	-24.087000	30.687799	-86.058800	13.573200	82.243500	-0.000001	0.000001	-0.000001	0.194330	-0.601212	0.002040	0.000000	0.000000	-0.000000
-1.374370	0.245635	-12.485197	-2.792040	13.556600	0.654956	10.442700	-15.577000	2.087110	-0.000000	0.000000	0.000000	3.755890	11.756200	-0.766305	5.984650	-8.931470	1.514030	-0.000000	-0.000000	-0.000000	0.000002	0.000000	0.000025	0.000000	0.000000	0.000000	56.081299	0.847650	7.776820	92.280701	-15.343400	95.193398	0.000000	-0.000000	-0.000000	0.000000	0.000000	0.000000	-47.436798	-27.561800	30.248800	-94.478996	10.423800	111.183998	0.000000	0.000000	-0.000000	0.124751	-0.562376	0.001224	-0.000000	0.000000	-0.000001
-0.817271	0.096482	-10.773400	-2.830620	12.754300	0.625396	9.400510	-13.764400	1.586510	0.000000	-0.000000	0.000000	3.110460	12.732900	-0.686209	6.703290	-11.225800	1.913350	0.000000	-0.000000	-0.000000	0.000000	0.000000	-0.000059	0.000000	0.000000	0.000000	58.746601	-6.166190	3.196180	104.565002	-13.115400	126.286003	-0.000000	0.000000	-0.000001	0.000000	0.000000	0.000000	-52.437099	-28.626600	27.040701	-103.544998	5.088420	145.354996	0.000000	0.000000	0.000000	-0.082429	-0.649708	-0.000935	-0.000000	-0.000000	-0.000000
-0.373854	0.437132	-10.186400	-3.486600	11.977200	0.724398	8.059330	-14.106900	1.135400	-0.000000	-0.000000	0.000000	0.923461	12.287300	-0.196549	9.379590	-11.411100	2.055500	-0.000000	-0.000000	-0.000000	-0.000002	-0.000000	-0.000041	0.000000	0.000000	0.000000	61.089401	-10.697900	0.800028	113.851997	-13.039600	141.229996	-0.000000	-0.000000	-0.000001	0.000000	0.000000	0.000000	-53.161201	-30.294600	27.306700	-113.518997	-0.635912	168.692001	-0.000000	0.000000	0.000001	0.307032	-0.489021	0.002620	0.000000	0.000000	-0.000000
-0.239651	0.773055	-10.000301	-4.198480	11.527200	0.840432	9.601690	-14.252800	1.355060	-0.000000	-0.000000	0.000000	0.783503	11.423500	-0.155195	9.563340	-10.380200	1.881260	0.000001	0.000000	-0.000001	-0.000002	-0.000000	0.000050	0.000000	0.000000	0.000000	60.374699	-14.234400	-1.397260	124.087997	-13.018400	151.740005	0.000000	0.000000	0.000000	0.000000	0.000000	0.000000	-53.800598	-32.184898	27.710400	-120.223999	-7.729660	-177.895004	-0.000000	0.000001	-0.000000	0.377572	-0.630509	0.004154	-0.000000	0.000000	-0.000001
-0.182405	0.630515	-9.526930	-4.299850	11.301900	0.844194	9.905640	-14.126400	1.392860	0.000000	0.000000	0.000000	0.858498	10.672100	-0.159001	9.311610	-8.935530	1.593660	0.000000	0.000000	-0.000000	-0.000002	-0.000000	-0.000009	0.000000	0.000000	0.000000	58.326000	-16.745001	-3.506810	131.235992	-16.574400	153.477997	-0.000000	0.000000	-0.000000	0.000000	0.000000	0.000000	-53.107899	-35.368000	29.601101	-125.651001	-12.417100	-172.617004	-0.000000	-0.000000	-0.000001	0.496979	-0.460058	0.003990	0.000000	0.000000	-0.000002
0.010778	0.443642	-9.072610	-4.604650	11.760900	0.940495	9.335030	-14.150200	1.182730	0.000000	-0.000000	0.000000	0.240194	11.973300	-0.049837	9.679780	-11.161200	1.937850	-0.000000	-0.000000	0.000001	0.000002	0.000000	0.000009	0.000000	0.000000	0.000000	52.554001	-21.389700	-8.991150	136.367004	-20.870501	153.434998	0.000000	-0.000000	-0.000000	0.000000	0.000000	0.000000	-49.760101	-36.542301	32.753601	-130.320007	-17.810801	-168.416000	-0.000001	-0.000000	0.000001	0.377872	-0.510941	0.003370	-0.000000	0.000000	0.000000
-0.312272	-0.319219	-9.634968	-5.082460	12.014300	1.060600	11.497100	-13.333100	1.511240	-0.000000	0.000000	0.000000	0.372465	12.367300	-0.079780	10.153800	-10.386900	1.917140	-0.000000	-0.000000	-0.000000	0.000000	-0.000000	0.000009	0.000000	0.000000	0.000000	50.690701	-23.781700	-11.839600	137.647003	-25.291300	151.220993	-0.000000	0.000000	0.000000	0.000000	0.000000	0.000000	-45.230701	-42.673698	39.329601	-127.335999	-21.572500	-162.514999	0.000001	0.000001	-0.000001	0.387728	-1.009510	0.006832	-0.000000	0.000000	-0.000001
0.075217	-0.287322	-9.361612	-5.408970	12.088500	1.135970	11.727700	-13.682400	1.529170	-0.000000	0.000000	0.000000	-0.265705	12.016100	0.055307	10.912500	-9.775590	1.829230	0.000001	0.000000	-0.000001	-0.000000	0.000000	0.000003	0.000000	0.000000	0.000000	49.505901	-25.814899	-14.097800	137.255997	-26.892500	149.850006	-0.000001	0.000000	-0.000000	0.000000	0.000000	0.000000	-46.831600	-43.897400	38.310101	-126.660004	-22.340700	-161.279007	0.000000	-0.000000	-0.000001	0.264257	-2.382710	0.010988	-0.000000	0.000000	0.000000
-0.107735	-0.864797	-9.657257	-5.326010	13.057100	1.206560	10.994100	-13.789500	1.388440	0.000000	0.000000	0.000000	0.470454	12.843800	-0.104590	7.982750	-9.310470	1.375400	0.000001	0.000000	-0.000001	-0.000000	0.000000	-0.000031	0.000000	0.000000	0.000000	51.085701	-26.903799	-13.999700	134.384003	-25.868299	148.203995	-0.000000	0.000000	0.000000	0.000000	0.000000	0.000000	-47.001598	-42.648800	37.712601	-125.587997	-20.272699	-162.826004	-0.000000	-0.000000	-0.000000	0.368401	-1.717110	0.011039	0.000000	-0.000000	-0.000000
-0.294867	-0.751385	-9.490260	-5.177450	12.918100	1.160450	11.863400	-13.190200	1.562620	0.000000	0.000000	0.000000	0.994772	13.579600	-0.233600	8.166960	-11.277300	1.800910	0.000001	0.000000	-0.000001	0.000000	0.000000	0.000011	0.000000	0.000000	0.000000	54.619999	-24.596701	-10.309600	130.459000	-23.452101	146.731003	-0.000000	-0.000000	-0.000000	0.000000	0.000000	0.000000	-49.021000	-39.962200	34.865898	-124.209000	-15.431400	-167.852005	0.000000	0.000000	0.000000	0.469653	-1.402270	0.011495	-0.000000	0.000000	0.000001
-0.444706	-0.782052	-8.515543	-3.927810	12.585200	0.857106	9.537430	-12.578700	1.246180	-0.000000	-0.000000	0.000000	1.332130	13.104000	-0.302078	8.181410	-9.728170	1.616030	0.000001	0.000000	-0.000001	-0.000000	0.000000	-0.000008	0.000000	0.000000	0.000000	55.686199	-23.055799	-8.662920	125.603996	-19.522400	145.837997	-0.000001	0.000000	-0.000000	0.000000	0.000000	0.000000	-50.766300	-33.129501	30.351900	-122.542999	-8.219610	-177.322006	-0.000000	-0.000000	0.000001	0.412640	-1.342450	0.009667	-0.000000	0.000000	0.000001
-0.363791	-0.432191	-8.517729	-4.306860	11.673700	0.873009	10.334000	-12.034300	1.279910	0.000000	-0.000000	-0.000001	0.977789	12.860100	-0.217657	8.962350	-10.747500	1.867110	0.000000	-0.000000	0.000000	0.000000	-0.000000	-0.000037	0.000000	0.000000	0.000000	56.689999	-18.149200	-4.950700	117.957001	-15.235000	142.779999	0.000000	-0.000001	0.000000	0.000000	0.000000	0.000000	-55.073898	-30.201401	25.809700	-115.038002	1.465640	165.485992	0.000000	-0.000000	-0.000000	0.308692	-1.351100	0.007278	0.000000	-0.000000	-0.000000
-0.120823	-0.653290	-8.404560	-4.243260	12.760300	0.938846	8.507400	-13.781400	1.042720	-0.000000	0.000000	0.000000	0.513684	13.025400	-0.115789	8.252540	-10.152500	1.554620	0.000001	0.000000	-0.000000	0.000000	-0.000000	-0.000082	0.000000	0.000000	0.000000	56.712101	-14.196900	-2.301530	107.119003	-10.910200	133.485001	0.000000	0.000000	0.000000	0.000000	0.000000	0.000000	-55.218300	-26.534201	23.966101	-107.016998	9.791670	141.350998	0.000000	0.000000	0.000000	0.250003	-1.336480	0.005832	0.000000	-0.000000	0.000000
-0.149091	-0.975462	-9.603750	-4.243010	13.033700	0.958555	7.783310	-13.325300	0.842291	0.000000	0.000000	0.000001	-0.183133	13.462600	0.042626	9.473410	-10.770000	1.751850	-0.000000	-0.000000	-0.000000	-0.000002	-0.000000	-0.000047	0.000000	0.000000	0.000000	51.696400	-6.127850	2.743330	98.708900	-10.558200	115.491997	0.000001	-0.000000	-0.000001	0.000000	0.000000	0.000000	-48.935398	-22.647800	25.972200	-98.083099	13.684900	116.672997	0.000000	-0.000001	-0.000000	0.202446	-1.056000	0.003732	0.000000	-0.000000	-0.000000
-0.116623	-0.652745	-11.038996	-5.050490	12.310200	1.079450	9.372340	-12.240400	0.942784	0.000000	-0.000000	-0.000001	0.337328	12.310100	-0.071927	7.799820	-9.415370	1.338650	-0.000000	0.000000	-0.000000	-0.000002	-0.000000	-0.000082	0.000000	0.000000	0.000000	47.799999	0.955995	8.945950	85.860497	-13.154100	76.531403	-0.000000	-0.000000	-0.000000	0.000000	0.000000	0.000000	-45.447300	-21.001101	27.332001	-86.102798	17.896299	83.488503	-0.000000	-0.000000	-0.000000	-0.093119	-0.976800	-0.001586	0.000000	0.000000	-0.000001
0.010420	-0.234092	-11.944199	-5.760960	12.265300	1.227790	10.922100	-12.042600	1.107350	-0.000000	0.000000	-0.000000	0.454416	12.586300	-0.099031	7.520270	-10.596500	1.473660	0.000000	-0.000000	-0.000000	-0.000000	-0.000000	0.000045	0.000000	0.000000	0.000000	43.945099	5.996580	14.664300	72.297600	-16.973200	51.131599	0.000000	-0.000000	-0.000000	0.000000	0.000000	0.000000	-41.531300	-19.121700	28.786501	-73.230400	19.119699	56.671501	0.000000	0.000000	0.000001	-0.027380	-0.774833	-0.000370	0.000000	-0.000000	-0.000000
0.164938	0.320237	-12.337807	-6.034700	11.647600	1.222690	11.529300	-12.764700	1.245380	0.000000	0.000000	-0.000000	-0.273866	11.097600	0.052705	9.063720	-9.326940	1.436390	-0.000000	-0.000000	0.000000	-0.000000	-0.000000	0.000049	0.000000	0.000000	0.000000	40.318199	8.626760	18.895201	58.917500	-19.802401	37.001999	-0.000000	0.000001	-0.000000	0.000000	0.000000	0.000000	-37.289600	-17.792900	31.014500	-64.249901	20.451799	44.489899	-0.000001	0.000000	0.000000	0.006106	-0.695505	0.000074	0.000000	-0.000000	0.000001
0.209423	0.047615	-12.838700	-6.043000	11.837700	1.244070	11.026100	-13.276100	1.176940	0.000000	0.000000	-0.000000	-0.535114	10.760900	0.099904	8.976010	-8.590820	1.271310	0.000000	0.000000	-0.000000	-0.000002	-0.000001	0.000001	0.000000	0.000000	0.000000	35.040798	12.073500	25.933901	48.452900	-26.661200	32.928398	-0.000000	-0.000000	-0.000001	0.000000	0.000000	0.000000	-31.548100	-16.341900	34.861801	-60.153900	22.253201	41.233799	-0.000000	-0.000000	0.000000	0.233601	-0.939732	0.003830	-0.000000	0.000000	-0.000001
0.155300	-0.841599	-12.995002	-6.406450	13.611900	1.513670	11.368500	-14.269100	1.270790	-0.000000	0.000000	-0.000000	-0.722318	12.200100	0.152640	9.119210	-8.515900	1.254700	0.000000	0.000000	-0.000000	-0.000000	-0.000000	-0.000047	0.000000	0.000000	0.000000	32.100800	13.634800	30.093300	41.391300	-28.881500	28.552401	0.000000	0.000000	-0.000001	0.000000	0.000000	0.000000	-29.299200	-15.250800	35.992699	-58.973801	22.131201	39.827499	-0.000000	0.000000	-0.000000	0.180660	-1.049160	0.003308	0.000000	0.000000	-0.000002
0.067052	-0.893357	-13.278297	-6.273590	13.761900	1.498050	11.349500	-13.931400	1.268970	-0.000000	0.000000	0.000000	-0.944987	13.451100	0.219823	10.093000	-10.871600	1.744690	0.000000	-0.000000	0.000000	-0.000000	-0.000000	0.000080	0.000000	0.000000	0.000000	31.278999	13.756000	30.996500	41.009300	-28.569500	28.056400	0.000000	-0.000000	-0.000000	0.000000	0.000000	0.000000	-28.383400	-15.652200	37.502602	-59.596401	22.752100	41.068401	-0.000000	0.000000	-0.000001	0.288868	-1.207670	0.006087	0.000000	-0.000000	0.000001
-0.017151	-0.262992	-13.405705	-5.623520	13.884800	1.353570	10.142900	-15.658600	1.266900	0.000000	0.000000	0.000000	-1.335400	12.088700	0.279708	11.219100	-9.170250	1.595420	0.000000	0.000000	-0.000000	0.000000	-0.000000	0.000051	0.000000	0.000000	0.000000	32.350700	13.338500	29.580000	43.923199	-28.386600	30.267599	-0.000000	0.000000	-0.000000	0.000000	0.000000	0.000000	-29.141199	-16.273500	37.380299	-64.476799	22.258101	46.388802	-0.000000	0.000000	-0.000000	0.061727	-1.085400	0.001171	0.000000	0.000000	-0.000000
-0.136318	-0.690410	-13.220700	-4.845480	13.303600	1.117510	9.029790	-12.937800	0.967762	-0.000000	0.000000	0.000000	-0.648270	12.331100	0.138442	10.197100	-9.155860	1.535730	0.000000	0.000000	0.000000	0.000000	-0.000000	-0.000052	0.000000	0.000000	0.000000	34.847099	12.400000	26.450800	51.014198	-29.414900	36.969398	0.000000	-0.000000	0.000001	0.000000	0.000000	0.000000	-33.710899	-17.889000	34.390400	-66.849197	20.400600	47.973000	0.000000	-0.000000	-0.000001	0.036415	-1.150900	0.000733	-0.000000	-0.000000	-0.000001
0.222068	-0.666708	-12.495702	-5.458860	13.184800	1.248690	9.690150	-13.006500	0.986618	-0.000000	-0.000000	-0.000000	-0.879064	12.388000	0.188587	10.217500	-9.650610	1.582630	0.000000	-0.000000	-0.000000	-0.000000	0.000000	-0.000045	0.000000	0.000000	0.000000	38.084499	9.030010	20.508699	62.129501	-26.899500	46.609001	0.000000	-0.000000	0.000001	0.000000	0.000000	0.000000	-37.939701	-18.931801	31.535000	-74.863899	17.269501	57.808201	-0.000000	-0.000000	0.000000	0.094315	-1.170510	0.001928	0.000000	0.000000	-0.000000
0.125539	-0.899020	-12.346501	-5.624210	13.818200	1.347370	10.378500	-14.567100	1.239680	-0.000000	-0.000000	-0.000000	-1.129420	12.810200	0.250441	11.496000	-10.202700	1.861050	-0.000000	-0.000000	-0.000000	0.000002	0.000001	0.000037	0.000000	0.000000	0.000000	41.912201	5.552980	14.955400	75.774597	-23.914499	63.156200	0.000000	0.000000	0.000000	0.000000	0.000000	0.000000	-41.066299	-21.111200	30.794300	-82.393097	12.896200	71.053101	0.000000	-0.000001	-0.000000	0.100788	-1.306230	0.002298	-0.000000	0.000000	0.000001
-0.145119	-0.903067	-11.877500	-5.172600	14.212000	1.273170	10.457300	-15.140200	1.425730	-0.000000	0.000000	0.000000	-0.379599	13.914800	0.091276	10.491800	-12.494600	2.212150	-0.000001	-0.000000	-0.000000	-0.000002	-0.000000	-0.000036	0.000000	0.000000	0.000000	47.153702	1.737680	9.761220	88.002701	-23.137899	85.213997	0.000001	0.000001	-0.000000	0.000000	0.000000	0.000000	-44.155899	-23.289200	29.972300	-90.933800	8.459860	99.734497	-0.000000	0.000001	-0.000000	0.103964	-1.061380	0.001925	-0.000000	0.000000	0.000000
-0.280970	-0.891849	-11.046000	-4.389020	13.541200	1.029560	9.029650	-14.088200	1.161880	0.000000	-0.000000	0.000000	0.776733	13.286200	-0.178524	8.200350	-11.003700	1.723050	0.000001	0.000000	0.000000	-0.000000	-0.000000	-0.000013	0.000000	0.000000	0.000000	53.301800	-5.468850	3.328330	96.781403	-20.807600	102.623001	0.000000	-0.000001	-0.000001	0.000000	0.000000	0.000000	-46.973301	-27.005301	30.184200	-99.297600	5.130180	136.300995	-0.000000	-0.000000	0.000000	-0.092331	-1.145100	-0.001845	0.000000	-0.000000	0.000001
-0.493225	-0.851678	-9.332912	-4.243530	13.361100	0.982323	9.883560	-13.455000	1.343390	0.000000	-0.000000	-0.000000	1.787600	13.338100	-0.412525	6.844170	-11.031100	1.654330	-0.000001	-0.000000	0.000000	0.000000	0.000000	-0.000031	0.000000	0.000000	0.000000	58.389702	-14.980000	-2.387610	104.087997	-19.832300	116.563004	-0.000001	0.000000	0.000001	0.000000	0.000000	0.000000	-50.298100	-27.880400	28.095699	-106.905998	-0.285695	164.162003	0.000000	-0.000000	0.000000	0.107360	-1.021530	0.001915	-0.000000	0.000000	0.000000
-0.327165	-0.726241	-8.460180	-4.130430	12.311500	0.882171	9.178010	-11.842600	1.058140	0.000000	-0.000000	-0.000000	1.311180	13.056100	-0.296260	7.882880	-10.207300	1.636800	0.000000	0.000000	0.000000	-0.000000	-0.000000	-0.000091	0.000000	0.000000	0.000000	59.809601	-23.007700	-6.687260	111.949997	-21.411400	127.545998	0.000000	-0.000000	0.000000	0.000000	0.000000	0.000000	-51.230801	-29.236401	28.076900	-114.115997	-8.714660	-174.606003	0.000000	-0.000000	-0.000001	0.431490	-0.774361	0.005832	-0.000000	-0.000000	-0.000000
-0.111277	-0.690708	-8.534722	-4.517200	11.493200	0.901846	9.425350	-10.577800	0.919913	0.000000	0.000000	0.000000	0.884583	12.623100	-0.193338	8.162190	-9.509410	1.503200	0.000000	0.000000	-0.000000	0.000000	0.000000	0.000040	0.000000	0.000000	0.000000	60.382000	-28.613600	-9.559800	119.609001	-24.379801	134.753998	0.000000	-0.000000	-0.000000	0.000000	0.000000	0.000000	-50.014999	-33.312801	31.030100	-120.080002	-14.099000	-167.744003	-0.000000	-0.000001	0.000001	0.647183	-0.897814	0.010142	-0.000000	-0.000000	-0.000002
0.274106	-0.348746	-9.278353	-5.137540	12.290200	1.096390	9.447230	-13.920000	1.067180	-0.000000	0.000000	-0.000000	-0.800107	12.165800	0.168618	11.021300	-9.448560	1.698510	-0.000000	0.000000	0.000000	0.000002	0.000000	-0.000024	0.000000	0.000000	0.000000	55.606499	-31.022400	-13.888100	127.876999	-25.847099	142.365997	0.000000	-0.000000	0.000000	0.000000	0.000000	0.000000	-48.409599	-37.691700	34.412800	-124.291000	-18.440100	-164.266998	-0.000001	-0.000000	0.000000	0.695269	-0.888862	0.010787	0.000000	-0.000000	0.000001
0.251528	-0.155502	-10.071599	-5.164830	11.588200	1.040190	9.559420	-12.958200	1.011090	-0.000000	0.000000	-0.000000	-0.922944	11.431000	0.182927	11.392600	-8.268340	1.524980	-0.000000	-0.000000	-0.000000	0.000002	0.000000	0.000051	0.000000	0.000000	0.000000	51.686100	-31.321100	-16.783100	133.182007	-27.310900	146.169998	-0.000001	0.000000	0.000000	0.000000	0.000000	0.000000	-40.970901	-39.048801	41.794399	-128.843002	-20.696400	-164.294006	-0.000001	-0.000001	0.000000	0.189359	-0.759113	0.002510	-0.000000	0.000000	-0.000001
0.559314	-0.087037	-10.280501	-5.682700	11.053700	1.092980	10.659300	-12.183600	1.075310	0.000000	0.000000	-0.000000	-1.256610	12.135000	0.264186	11.963700	-11.006900	2.073070	-0.000000	-0.000000	0.000000	-0.000002	-0.000000	-0.000046	0.000000	0.000000	0.000000	49.522400	-32.152901	-18.942900	134.709000	-27.306299	147.501999	-0.000000	0.000000	0.000000	0.000000	0.000000	0.000000	-38.688400	-38.939499	43.966099	-130.414001	-21.670700	-164.209000	-0.000000	-0.000000	0.000001	-0.070656	-0.815989	-0.001007	-0.000000	-0.000000	-0.000001
0.207607	-0.358986	-10.313402	-5.556180	11.186200	1.081140	10.724500	-11.547200	1.058640	-0.000000	-0.000000	0.000000	-0.167717	11.700600	0.034002	9.611490	-9.465400	1.567470	0.000000	-0.000000	0.000000	-0.000002	-0.000000	-0.000090	0.000000	0.000000	0.000000	51.841599	-34.228802	-18.661699	130.479996	-26.938000	143.983002	-0.000001	0.000000	-0.000000	0.000000	0.000000	0.000000	-38.845901	-38.918900	43.808899	-128.651001	-19.199100	-165.615005	-0.000000	-0.000000	0.000000	0.080470	-1.065960	0.001499	0.000000	-0.000000	-0.000001
0.025380	-0.299655	-10.371800	-5.709280	10.910100	1.084040	11.921600	-10.542900	1.160180	-0.000000	-0.000000	0.000000	0.503469	11.756900	-0.102595	8.502600	-9.668300	1.522920	0.000000	-0.000000	-0.000000	0.000002	0.000000	-0.000033	0.000000	0.000000	0.000000	56.699699	-36.465401	-16.455700	125.343002	-25.109800	140.309998	-0.000001	-0.000000	-0.000000	0.000000	0.000000	0.000000	-44.581001	-38.141300	38.062599	-125.735001	-17.026600	-166.675003	-0.000000	0.000000	0.000001	0.246346	-0.939002	0.004038	-0.000000	0.000000	0.000001
0.121082	-0.165671	-9.868870	-5.167070	10.977900	0.986535	11.072300	-11.333000	1.183240	-0.000000	0.000000	0.000000	0.436200	11.389200	-0.086149	9.123130	-8.912490	1.493180	0.000001	0.000000	-0.000001	0.000002	0.000000	-0.000048	0.000000	0.000000	0.000000	58.691700	-30.969801	-11.954500	123.466003	-23.959200	139.382996	-0.000001	-0.000000	-0.000000	0.000000	0.000000	0.000000	-48.970501	-34.636101	32.606800	-122.375999	-13.392000	-169.893997	-0.000000	0.000001	0.000001	0.118328	-0.900567	0.001861	0.000000	-0.000000	-0.000002
0.221803	-0.739990	-9.336941	-5.315930	12.115000	1.118740	10.610700	-13.002000	1.221410	-0.000000	0.000000	-0.000000	0.097960	12.523000	-0.021252	9.196600	-10.356900	1.684870	-0.000000	0.000000	0.000000	-0.000000	0.000000	-0.000011	0.000000	0.000000	0.000000	58.147099	-26.521900	-9.638930	119.005997	-22.565201	135.686996	0.000000	0.000000	-0.000000	0.000000	0.000000	0.000000	-49.541599	-30.057199	29.824900	-119.162003	-8.326280	-176.673004	0.000000	-0.000000	-0.000000	0.438592	-1.277830	0.009782	-0.000000	0.000000	-0.000001
0.070194	-0.703618	-8.475901	-4.971220	12.892100	1.111800	9.884250	-14.729300	1.284200	0.000000	0.000000	-0.000000	0.046316	13.145800	-0.010540	9.592390	-11.259000	1.898920	-0.000000	-0.000000	0.000000	0.000002	0.000000	-0.000068	0.000000	0.000000	0.000000	56.820301	-20.853901	-6.677270	112.974998	-21.547400	129.106003	0.000000	-0.000000	-0.000000	0.000000	0.000000	0.000000	-51.334499	-25.948999	26.243500	-114.050003	-2.702680	172.764999	-0.000000	0.000000	0.000001	0.309909	-1.094120	0.005920	-0.000000	0.000000	0.000001
0.117425	-0.766036	-7.618677	-4.409340	12.179300	0.931996	8.693610	-12.597000	0.957844	0.000000	0.000000	0.000000	0.113136	12.935300	-0.025335	9.667910	-9.668270	1.657860	0.000000	-0.000000	0.000000	0.000002	0.000000	0.000067	0.000000	0.000000	0.000000	56.335400	-16.991600	-4.258420	103.803001	-19.858500	115.904999	-0.000000	0.000000	0.000001	0.000000	0.000000	0.000000	-52.675598	-21.926800	23.049200	-107.559998	0.788701	160.723007	0.000000	-0.000000	-0.000000	0.302933	-0.998492	0.005279	0.000000	-0.000000	0.000000
0.405925	-0.890232	-8.105519	-5.190320	12.734900	1.147130	9.850360	-13.851900	1.148860	0.000000	-0.000000	0.000000	0.245922	13.732300	-0.058392	8.453480	-11.535100	1.751130	-0.000000	-0.000000	-0.000000	-0.000002	-0.000000	0.000031	0.000000	0.000000	0.000000	50.472198	-10.220300	-0.736630	96.172897	-18.758900	101.568001	-0.000000	-0.000000	-0.000000	0.000000	0.000000	0.000000	-48.542599	-20.167200	24.522800	-99.399696	5.201850	134.520004	0.000001	0.000001	-0.000000	0.401457	-0.873101	0.006117	-0.000000	-0.000000	-0.000000
0.287659	-1.112750	-9.812130	-5.610670	13.382800	1.302560	9.938880	-14.137000	1.096570	0.000000	-0.000000	0.000000	-0.484981	14.081700	0.117987	9.218750	-11.797700	1.802100	0.000001	0.000000	-0.000000	-0.000002	-0.000000	0.000059	0.000000	0.000000	0.000000	46.826000	-3.061950	5.335250	84.137703	-17.582300	73.983101	-0.000000	-0.000000	-0.000000	0.000000	0.000000	0.000000	-46.279800	-22.098801	27.446301	-86.390701	13.266600	83.471199	-0.000000	-0.000000	-0.000001	0.091224	-1.079740	0.001719	-0.000000	0.000000	0.000001
0.225718	-1.006170	-10.531103	-5.657800	13.790300	1.352790	10.236500	-15.232400	1.248640	0.000000	-0.000000	-0.000000	-0.807410	14.322700	0.199740	10.140700	-12.541400	2.049540	0.000000	0.000000	0.000000	0.000000	0.000000	0.000100	0.000000	0.000000	0.000000	44.177101	1.603500	10.223000	69.243698	-18.082199	47.108799	0.000000	-0.000000	-0.000000	0.000000	0.000000	0.000000	-43.661098	-21.024900	28.611700	-73.162003	17.497200	55.277000	-0.000000	-0.000001	0.000000	0.195682	-1.030250	0.003519	-0.000000	-0.000000	0.000001
0.418265	-0.306241	-11.937300	-6.170900	12.308600	1.320360	11.275200	-13.309500	1.211070	0.000000	0.000000	-0.000000	-0.848812	12.061000	0.177363	9.912170	-9.018900	1.435470	0.000001	0.000000	-0.000000	-0.000000	0.000000	-0.000029	0.000000	0.000000	0.000000	42.252102	6.018290	15.318800	55.033501	-17.180401	30.620600	0.000001	-0.000000	0.000003	0.000000	0.000000	0.000000	-38.155499	-20.219700	32.438301	-66.413696	19.703300	46.851002	-0.000001	0.000001	-0.000001	-0.269597	-0.706706	-0.003324	-0.000000	0.000000	-0.000000
-0.338567	-0.835690	-13.100099	-5.536690	13.892200	1.333230	11.826000	-15.235200	1.702110	0.000000	0.000000	0.000000	-0.472081	12.278800	0.100390	11.375400	-8.090870	1.554570	0.000000	-0.000000	0.000000	-0.000002	-0.000001	-0.000059	0.000000	0.000000	0.000000	40.937302	10.377300	20.351101	45.807400	-19.859100	25.975000	0.000000	-0.000000	0.000001	0.000000	0.000000	0.000000	-33.877602	-19.713301	35.985699	-62.826302	22.174200	44.552399	0.000000	-0.000000	-0.000000	0.136835	-0.814749	0.001947	-0.000000	0.000000	-0.000001
0.101269	-1.295990	-13.041602	-5.764250	15.009800	1.497560	11.617300	-15.705700	1.643500	-0.000001	0.000000	0.000001	-0.222474	12.966300	0.049911	9.788680	-8.300480	1.394570	0.000000	-0.000000	-0.000000	0.000002	0.000001	0.000034	0.000000	0.000000	0.000000	37.802502	12.313300	24.211000	40.408699	-20.359501	22.771099	-0.000000	-0.000000	0.000000	0.000000	0.000000	0.000000	-33.941601	-19.108101	35.338501	-58.109798	22.511299	39.514198	0.000000	0.000000	-0.000001	0.213414	-1.134990	0.004227	0.000000	-0.000000	-0.000000
0.428374	-1.255880	-12.888600	-6.412880	14.880400	1.653290	10.654600	-15.378100	1.184360	-0.000000	0.000000	0.000000	-1.224950	12.830300	0.272048	9.908270	-8.552560	1.305770	0.000000	-0.000000	-0.000000	0.000000	-0.000000	-0.000078	0.000000	0.000000	0.000000	35.641998	13.437400	26.941200	37.227100	-21.757401	21.675699	-0.000000	0.000000	0.000000	0.000000	0.000000	0.000000	-34.397701	-18.861700	34.650902	-55.648998	23.164801	37.557499	-0.000000	-0.000000	0.000001	0.334892	-1.159900	0.006780	-0.000000	-0.000000	-0.000000
0.269070	-1.293730	-13.056803	-6.311640	15.010800	1.640900	10.238600	-15.432200	1.104300	0.000000	0.000000	-0.000000	-1.357950	12.962000	0.304635	9.872170	-8.727970	1.306720	-0.000000	0.000000	0.000000	0.000000	-0.000000	-0.000045	0.000000	0.000000	0.000000	34.688499	14.322500	28.651300	37.381199	-24.213600	23.160299	-0.000000	-0.000000	-0.000000	0.000000	0.000000	0.000000	-33.482300	-18.579800	35.272499	-57.627300	22.556601	39.021400	-0.000000	0.000000	-0.000001	0.304405	-1.090590	0.005795	-0.000000	-0.000000	-0.000000
-0.003732	-1.271709	-13.174501	-6.527840	14.314700	1.620570	11.689200	-13.566000	1.261900	0.000000	0.000000	0.000000	-0.205402	12.670200	0.045045	8.087230	-7.691160	1.062120	0.000000	0.000000	0.000000	0.000002	0.000000	-0.000090	0.000000	0.000000	0.000000	36.580601	13.995200	26.834999	41.449402	-23.161501	25.243601	-0.000000	-0.000000	-0.000001	0.000000	0.000000	0.000000	-34.869598	-18.476299	33.863998	-60.177799	19.877600	39.268002	0.000000	0.000000	-0.000000	0.082433	-1.089820	0.001570	0.000000	-0.000000	-0.000000
0.246134	-0.529182	-12.805400	-6.275230	13.754100	1.497610	11.123100	-14.200600	1.236570	-0.000000	0.000000	0.000000	0.586456	11.355900	-0.115490	6.257350	-5.768220	0.689926	0.000000	0.000000	-0.000001	0.000000	-0.000000	0.000007	0.000000	0.000000	0.000000	38.398399	12.965800	24.490101	46.998001	-24.095800	30.007999	-0.000000	0.000000	0.000000	0.000000	0.000000	0.000000	-37.302101	-19.901800	32.948601	-62.759102	20.596800	43.005901	0.000000	0.000000	-0.000001	0.042542	-0.813518	0.000604	0.000000	-0.000000	0.000000
-0.055503	-0.411732	-12.794003	-6.039370	12.628500	1.325040	11.745500	-13.139500	1.334890	0.000000	-0.000000	-0.000000	-0.417795	11.618800	0.084137	9.873280	-8.254100	1.370930	-0.000000	-0.000000	-0.000000	-0.000000	0.000000	0.000027	0.000000	0.000000	0.000000	40.886501	11.949800	21.922300	60.539501	-24.241301	42.903801	-0.000000	-0.000000	-0.000000	0.000000	0.000000	0.000000	-38.264599	-20.555799	32.681499	-71.634697	19.454800	54.470001	0.000000	-0.000001	0.000004	-0.121846	-0.759509	-0.001612	0.000000	-0.000000	0.000000
-0.107731	-0.484995	-12.862304	-5.850060	12.716100	1.291980	11.752600	-13.603700	1.427180	0.000000	0.000000	0.000000	0.201211	10.932700	-0.038169	8.688280	-6.384540	0.996015	0.000000	0.000000	-0.000000	0.000002	0.000001	0.000026	0.000000	0.000000	0.000000	43.669399	10.825200	19.350100	75.364403	-24.784201	63.845001	-0.000000	0.000000	0.000000	0.000000	0.000000	0.000000	-41.492500	-22.497299	31.549000	-81.765701	15.032300	71.311897	0.000000	-0.000000	-0.000001	-0.352856	-0.920651	-0.005669	0.000000	0.000000	-0.000000
-0.496542	-1.033390	-12.352604	-5.311130	13.052600	1.202760	11.366700	-11.671400	1.257570	0.000000	0.000000	0.000000	0.376014	12.594100	-0.081996	9.423740	-8.117160	1.395770	0.000000	-0.000000	0.000000	-0.000000	0.000000	-0.000034	0.000000	0.000000	0.000000	48.770100	7.411880	14.242300	91.792900	-22.921900	94.167000	-0.000000	0.000001	0.000000	0.000000	0.000000	0.000000	-45.118099	-22.812901	28.931200	-93.694298	7.598500	110.897003	0.000000	-0.000001	-0.000000	-0.321087	-1.018860	-0.005710	-0.000000	-0.000000	0.000000
-0.688117	-0.947528	-10.926600	-4.103270	14.227600	1.010090	9.944230	-14.991200	1.548730	-0.000000	0.000000	0.000001	0.299575	13.474000	-0.069811	10.965000	-10.805700	2.136900	0.000000	0.000000	0.000000	-0.000002	-0.000000	-0.000028	0.000000	0.000000	0.000000	55.301102	0.349529	7.516310	105.176003	-18.895700	121.938004	0.000000	0.000001	0.000000	0.000000	0.000000	0.000000	-50.803101	-25.382500	26.428499	-103.026001	3.075040	148.970001	-0.000001	-0.000001	0.000000	-0.090818	-0.984918	-0.001561	0.000000	-0.000000	0.000002
-1.071240	-0.410323	-11.141902	-3.910450	13.748100	0.930695	10.469200	-15.892400	1.834380	-0.000000	-0.000000	-0.000000	0.706692	12.630600	-0.154538	11.066900	-9.264170	1.918940	-0.000001	-0.000000	0.000001	0.000002	0.000000	0.000043	0.000000	0.000000	0.000000	63.104401	-4.280670	4.494920	116.212997	-18.771299	137.917999	-0.000000	-0.000000	0.000001	0.000000	0.000000	0.000000	-55.280300	-31.671900	26.491800	-111.057999	-3.354060	173.725006	0.000000	-0.000000	0.000002	0.088451	-0.697766	0.001077	-0.000000	-0.000000	0.000000
-0.981915	-0.852090	-10.538099	-4.046780	14.685900	1.027530	10.977800	-16.825701	2.054140	0.000000	-0.000000	-0.000000	0.549143	12.377700	-0.117720	12.071100	-7.223550	1.610940	-0.000000	0.000000	0.000000	0.000002	0.000000	-0.000039	0.000000	0.000000	0.000000	66.297897	-9.931990	2.028310	126.791000	-21.668200	145.800995	-0.000000	-0.000001	0.000001	0.000000	0.000000	0.000000	-59.585499	-35.051601	24.746201	-117.343002	-10.641400	-172.386002	0.000000	0.000001	-0.000001	0.273722	-0.961956	0.004597	0.000000	-0.000000	-0.000000
-0.873932	-1.537670	-8.950064	-3.831750	15.197100	1.005850	9.563200	-17.032801	1.723670	-0.000000	-0.000000	0.000000	0.154206	13.867500	-0.036965	12.063700	-9.069700	1.954220	0.000000	0.000000	-0.000001	0.000002	0.000000	0.000031	0.000000	0.000000	0.000000	66.369202	-19.288700	-2.199110	132.304993	-27.603500	145.690994	0.000001	0.000000	-0.000000	0.000000	0.000000	0.000000	-60.016102	-36.208000	24.742100	-123.698997	-18.009701	-164.886993	-0.000001	-0.000001	-0.000000	0.309786	-1.504150	0.008131	0.000000	0.000000	-0.000000
-0.311404	-0.091775	-8.693010	-4.258640	12.442600	0.919178	9.070960	-14.652200	1.245490	-0.000000	-0.000000	0.000001	0.476053	12.491300	-0.102977	9.479350	-10.636400	1.853470	0.000001	0.000000	-0.000001	-0.000000	-0.000000	0.000028	0.000000	0.000000	0.000000	66.065598	-24.134100	-4.475190	135.222000	-29.052700	147.029007	-0.000000	-0.000000	-0.000000	0.000000	0.000000	0.000000	-61.390301	-40.778702	25.147900	-126.292999	-20.899700	-163.070007	-0.000001	-0.000001	-0.000000	-0.206263	-3.930810	-0.014137	-0.000000	-0.000000	-0.000001
-0.052950	0.448944	-9.580224	-4.629690	11.366400	0.914338	9.081550	-14.329600	1.126580	-0.000000	0.000000	0.000001	0.399873	11.359100	-0.078766	8.250090	-10.284700	1.554400	-0.000000	0.000000	0.000000	-0.000000	0.000000	-0.000033	0.000000	0.000000	0.000000	65.947197	-24.129000	-4.565360	136.065002	-29.070999	147.688995	0.000000	0.000000	0.000000	0.000000	0.000000	0.000000	-62.258701	-43.025200	25.166700	-126.597000	-22.826700	-161.220001	0.000000	-0.000000	0.000000	-0.297194	-4.257820	-0.022064	0.000000	0.000000	0.000001
-0.401879	-0.775709	-9.159620	-4.398250	12.683700	0.967520	9.412070	-13.561700	1.203960	0.000000	0.000000	-0.000000	0.700465	13.258500	-0.160664	8.522760	-10.789500	1.737550	-0.000001	-0.000000	0.000001	0.000002	0.000000	0.000063	0.000000	0.000000	0.000000	64.511902	-25.230499	-5.738180	134.675995	-29.390499	146.279999	-0.000001	-0.000000	0.000000	0.000000	0.000000	0.000000	-61.049999	-41.526100	25.659201	-124.488998	-22.210100	-160.384003	-0.000000	-0.000000	0.000000	0.048669	-2.215040	0.001882	-0.000000	-0.000000	-0.000000
-0.871888	-0.719165	-9.321439	-4.184700	12.642000	0.917409	9.885470	-13.154100	1.324760	0.000000	-0.000000	0.000000	1.762560	12.988600	-0.396273	6.982170	-10.587800	1.610460	0.000000	-0.000000	0.000000	0.000000	0.000000	0.000020	0.000000	0.000000	0.000000	67.014900	-25.893900	-4.877940	127.375000	-26.474800	141.628998	0.000001	-0.000000	0.000000	0.000000	0.000000	0.000000	-63.440300	-40.610001	23.617001	-119.420998	-16.893900	-163.507004	-0.000001	-0.000000	0.000001	0.278421	-1.462070	0.007105	0.000000	-0.000000	0.000001
-1.054650	-1.067320	-8.749400	-3.982690	13.354900	0.921330	10.764400	-13.491000	1.614670	-0.000000	0.000000	0.000000	2.221240	13.799900	-0.530092	7.512350	-10.345900	1.752680	-0.000000	0.000000	0.000000	0.000002	0.000000	-0.000006	0.000000	0.000000	0.000000	67.589104	-22.518400	-3.145970	121.978996	-23.722401	138.477005	0.000000	-0.000000	0.000000	0.000000	0.000000	0.000000	-63.074600	-37.542198	22.978100	-114.924004	-9.610860	-173.093002	-0.000000	0.000000	0.000000	0.366479	-1.343040	0.008591	-0.000000	0.000000	-0.000000
-1.280040	-1.519790	-8.544990	-3.457300	13.355900	0.799546	10.062500	-12.586300	1.466120	-0.000000	-0.000000	-0.000001	2.465290	13.734200	-0.585649	7.689260	-9.125610	1.615620	0.000000	0.000000	0.000000	-0.000002	-0.000000	0.000082	0.000000	0.000000	0.000000	68.177200	-19.736700	-1.744300	112.133003	-19.827101	129.891998	-0.000000	0.000000	-0.000000	0.000000	0.000000	0.000000	-64.303902	-34.386700	21.173901	-107.278999	-1.770190	168.783997	-0.000000	-0.000000	0.000002	0.231049	-1.488270	0.006001	0.000000	0.000000	0.000001
-1.279430	-1.557060	-8.065829	-3.206480	13.922500	0.772264	9.835020	-13.394700	1.564200	0.000000	0.000000	-0.000000	2.270500	14.756700	-0.578622	8.474360	-10.474600	1.961760	-0.000001	-0.000000	0.000000	-0.000000	-0.000000	0.000020	0.000000	0.000000	0.000000	64.681198	-16.947399	-1.604440	102.347000	-14.932900	117.639999	-0.000000	0.000000	0.000002	0.000000	0.000000	0.000000	-62.713001	-29.210199	20.430500	-98.792702	5.507270	134.117004	0.000000	0.000000	0.000000	-0.004366	-1.377090	-0.000104	0.000000	0.000000	0.000000
-0.953236	-1.346300	-9.480749	-4.348290	13.759000	1.036060	11.165200	-13.128100	1.584070	0.000000	0.000000	-0.000001	2.036190	14.857200	-0.522315	7.761190	-11.956900	2.034420	0.000000	0.000000	0.000000	0.000000	0.000000	0.000056	0.000000	0.000000	0.000000	60.403999	-9.926840	1.126110	91.234802	-10.843600	89.873596	-0.000000	-0.000001	0.000001	0.000000	0.000000	0.000000	-57.354000	-25.997200	22.436300	-90.755501	11.733400	97.886398	-0.000000	0.000001	-0.000000	-0.026492	-1.375450	-0.000636	-0.000000	-0.000000	0.000000
-0.643067	-0.921959	-10.744700	-5.235320	12.633300	1.148060	12.609600	-12.272600	1.603280	-0.000000	0.000000	-0.000000	1.600570	13.477700	-0.373140	7.523930	-10.401200	1.652790	-0.000000	-0.000000	0.000000	-0.000000	-0.000000	-0.000048	0.000000	0.000000	0.000000	53.943600	-3.180770	5.069000	79.486000	-10.465200	55.091499	0.000000	-0.000001	0.000000	0.000000	0.000000	0.000000	-51.583599	-24.398199	25.334600	-79.951698	17.740499	69.456100	-0.000000	-0.000000	0.000000	0.180005	-1.048560	0.003297	0.000000	0.000000	0.000000
-0.518071	-1.124430	-11.555800	-5.473440	13.438100	1.275660	12.576700	-13.555600	1.708800	-0.000000	0.000000	0.000000	0.832705	13.356700	-0.192387	8.618680	-10.084900	1.665660	-0.000001	-0.000000	-0.000000	0.000000	0.000000	-0.000009	0.000000	0.000000	0.000000	48.475601	2.259600	9.969040	66.609398	-13.774300	38.325500	0.000000	0.000001	0.000001	0.000000	0.000000	0.000000	-46.361801	-21.872499	27.337200	-67.091599	19.751101	48.062801	-0.000000	0.000000	-0.000000	0.289436	-1.091120	0.005513	-0.000000	0.000000	-0.000001
-0.290653	-1.223720	-12.029299	-5.560120	13.692800	1.320080	11.642100	-13.234900	1.434110	0.000000	-0.000000	-0.000000	-0.006859	13.378800	0.001577	9.791920	-9.533680	1.636210	0.000000	-0.000000	0.000000	-0.000000	-0.000000	-0.000058	0.000000	0.000000	0.000000	42.360699	6.693970	15.936400	54.231300	-19.389799	31.971399	0.000000	0.000000	0.000000	0.000000	0.000000	0.000000	-40.877300	-19.159500	29.333099	-57.013302	17.833799	34.105000	0.000001	-0.000000	0.000000	-0.043518	-1.027040	-0.000779	-0.000000	0.000000	-0.000000
0.115575	-1.174250	-12.711099	-6.296790	13.141900	1.437140	11.377000	-12.290500	1.119640	0.000000	-0.000000	-0.000000	-1.367310	13.457900	0.318261	11.226800	-10.876700	1.885660	0.000000	0.000000	0.000000	-0.000000	0.000000	0.000013	0.000000	0.000000	0.000000	38.663300	8.872620	19.998501	44.148800	-19.863501	24.791700	-0.000000	0.000000	-0.000001	0.000000	0.000000	0.000000	-36.247299	-18.615101	32.717899	-50.308102	19.959299	30.116100	0.000000	0.000000	-0.000000	0.250614	-1.072570	0.004693	-0.000000	-0.000000	-0.000001
-0.033129	-1.313480	-13.467202	-6.504150	13.610000	1.536740	11.694700	-12.349000	1.152540	0.000000	0.000000	0.000000	-0.562529	13.169500	0.128157	8.680550	-9.415850	1.339290	-0.000000	-0.000000	-0.000000	0.000000	0.000000	0.000005	0.000000	0.000000	0.000000	35.706902	11.484600	24.776600	36.735199	-22.392700	21.764099	-0.000001	0.000000	0.000000	0.000000	0.000000	0.000000	-33.153198	-18.637699	35.686699	-47.853298	21.639999	29.469101	0.000000	-0.000000	0.000001	0.392870	-1.101010	0.007551	0.000000	0.000000	0.000002
-0.411126	-1.111090	-14.133900	-5.372600	13.743600	1.279940	11.063600	-12.658100	1.285150	0.000000	-0.000000	0.000000	-0.000819	12.839400	0.000176	9.767550	-8.840310	1.515330	0.000000	0.000000	-0.000000	0.000002	0.000001	-0.000018	0.000000	0.000000	0.000000	34.945599	12.583900	26.612301	34.180199	-22.425100	20.299400	-0.000000	-0.000000	0.000001	0.000000	0.000000	0.000000	-31.640200	-19.507299	38.140400	-46.177898	23.499500	29.513300	-0.000000	-0.000000	-0.000000	0.570851	-1.125650	0.011217	-0.000000	0.000000	-0.000002
-0.420906	-0.927407	-14.145100	-5.710890	13.800400	1.366540	11.687800	-13.441800	1.433020	-0.000000	-0.000000	-0.000000	-0.350198	12.588100	0.076313	10.701200	-8.635770	1.572270	0.000000	0.000000	0.000000	0.000002	0.000001	0.000012	0.000000	0.000000	0.000000	35.327099	11.873800	25.538300	36.006302	-21.142500	20.646200	0.000000	0.000000	-0.000001	0.000000	0.000000	0.000000	-31.851400	-19.622299	38.038502	-50.536900	23.944201	33.399101	-0.000000	0.000000	-0.000003	0.458152	-1.049660	0.008394	-0.000000	-0.000000	-0.000001
-0.682285	-1.501360	-14.553800	-5.203350	14.841200	1.336210	11.525400	-14.820300	1.668330	-0.000000	0.000000	0.000001	0.065805	12.968300	-0.014776	10.784900	-8.128920	1.552280	0.000000	-0.000000	0.000000	0.000000	-0.000000	0.000095	0.000000	0.000000	0.000000	37.009701	12.612000	25.138000	40.019501	-22.470800	23.843599	-0.000000	0.000000	0.000001	0.000000	0.000000	0.000000	-35.001701	-21.258801	36.414200	-54.539700	22.625099	36.135201	-0.000000	-0.000000	0.000001	0.399147	-1.304310	0.009084	0.000000	-0.000000	0.000002
-0.843893	-2.217080	-14.313003	-4.875570	16.412800	1.380680	10.413300	-15.810300	1.567900	0.000000	0.000000	0.000000	-0.528575	14.556900	0.132847	11.815500	-9.774660	1.943650	-0.000000	-0.000000	0.000000	-0.000002	-0.000001	-0.000068	0.000000	0.000000	0.000000	39.354198	12.206100	23.114700	47.424000	-23.580299	29.790899	-0.000000	0.000000	-0.000001	0.000000	0.000000	0.000000	-38.700100	-22.326200	33.884201	-61.133900	21.357500	42.071201	0.000001	0.000000	-0.000001	0.367390	-1.575620	0.010104	0.000000	0.000000	0.000000
-0.548206	-2.045710	-13.739205	-5.334560	15.545000	1.433470	10.590500	-14.192900	1.340490	0.000000	-0.000000	-0.000000	-0.208556	14.115100	0.050850	10.130200	-9.541130	1.661820	0.000000	0.000000	-0.000000	-0.000002	-0.000000	0.000084	0.000000	0.000000	0.000000	41.648602	9.924620	19.507700	58.926201	-22.286301	39.092899	-0.000000	0.000000	0.000000	0.000000	0.000000	0.000000	-42.105202	-22.977501	31.483500	-69.298897	18.420900	50.028000	0.000000	-0.000000	0.000000	0.225025	-1.160760	0.004559	0.000000	0.000000	0.000000
-1.035270	-1.193310	-14.162300	-4.688770	14.601100	1.184450	10.816500	-13.697700	1.492630	-0.000000	0.000000	0.000000	0.077507	12.901200	-0.017312	11.358900	-8.157650	1.643960	-0.000001	-0.000000	0.000000	-0.000000	-0.000000	0.000097	0.000000	0.000000	0.000000	46.135601	10.296300	17.726999	71.184998	-22.989500	55.525600	-0.000000	-0.000000	0.000001	0.000000	0.000000	0.000000	-44.907001	-24.920601	30.657499	-77.239403	15.729700	61.605999	-0.000001	0.000000	-0.000001	-0.030795	-0.876650	-0.000472	-0.000000	-0.000000	-0.000001
-1.436490	-1.056340	-13.700593	-3.192090	14.938800	0.823669	9.295840	-15.078000	1.621810	-0.000000	-0.000000	-0.000000	0.942365	12.319800	-0.201094	11.050400	-7.296380	1.542500	0.000000	0.000000	-0.000000	-0.000000	-0.000000	0.000100	0.000000	0.000000	0.000000	52.423401	8.310660	13.762900	83.333099	-21.145599	76.021202	0.000001	-0.000002	0.000000	0.000000	0.000000	0.000000	-47.044399	-26.042400	29.714701	-86.988297	11.189700	84.944397	0.000000	0.000001	0.000000	-0.154450	-0.825894	-0.002225	0.000000	-0.000000	0.000001
-1.650410	-1.767581	-12.764710	-2.846820	15.023700	0.738511	8.899850	-13.524200	1.443560	-0.000000	-0.000000	0.000000	1.991740	13.847000	-0.476870	8.820450	-9.250370	1.748790	-0.000000	-0.000000	0.000000	0.000002	0.000000	-0.000000	0.000000	0.000000	0.000000	59.065601	4.527850	9.636760	93.374901	-21.224701	97.115303	-0.000000	-0.000000	-0.000000	0.000000	0.000000	0.000000	-50.845600	-29.037001	28.544901	-93.846397	8.357530	112.205002	0.000000	-0.000001	-0.000000	-0.251630	-1.125420	-0.004940	-0.000000	-0.000000	-0.000001
-1.430280	-1.819060	-12.199699	-3.111470	15.169600	0.814943	9.079770	-14.127000	1.488440	-0.000000	0.000000	0.000001	1.720310	14.504300	-0.430979	9.279290	-10.987800	2.110870	0.000000	0.000000	0.000000	-0.000001	-0.000000	0.000043	0.000000	0.000000	0.000000	63.943199	-0.550975	6.348630	101.621002	-20.337601	113.735001	-0.000000	-0.000000	0.000001	0.000000	0.000000	0.000000	-56.119701	-32.159599	26.191500	-101.299004	2.447700	148.798004	-0.000000	0.000000	0.000000	-0.151115	-1.134670	-0.002993	-0.000000	0.000000	-0.000001
-1.051720	-2.250110	-11.487606	-4.234720	15.518000	1.134870	10.048200	-14.239800	1.473060	0.000000	-0.000000	0.000000	2.010720	14.547900	-0.505274	6.722470	-9.861410	1.495750	0.000000	0.000000	-0.000000	0.000000	0.000000	0.000005	0.000000	0.000000	0.000000	67.692001	-6.282110	3.769700	109.777000	-22.104300	125.512001	0.000000	-0.000000	-0.000002	0.000000	0.000000	0.000000	-58.992100	-35.559799	25.432400	-107.671997	-6.165280	-179.145996	0.000000	-0.000000	-0.000001	-0.030175	-1.237580	-0.000652	-0.000000	0.000000	-0.000002
-0.799771	-1.945692	-10.841302	-4.128820	14.277000	1.019860	8.973340	-12.649200	1.091440	0.000000	-0.000000	0.000000	1.291780	13.686700	-0.305711	8.080190	-8.804070	1.441300	-0.000000	0.000000	-0.000000	0.000000	0.000000	0.000079	0.000000	0.000000	0.000000	68.406700	-10.893700	1.939500	119.724998	-24.311899	136.240997	0.000000	0.000000	-0.000000	0.000000	0.000000	0.000000	-57.738800	-35.031101	26.105600	-117.348000	-15.575000	-164.203003	0.000000	0.000000	-0.000000	0.328420	-1.285790	0.007370	-0.000000	-0.000000	0.000000
-0.600796	-2.247970	-10.239597	-4.566070	15.224700	1.201430	8.493640	-14.363700	1.015800	0.000000	0.000000	-0.000000	0.740588	14.650800	-0.187333	7.633860	-10.124100	1.477990	0.000000	0.000000	-0.000000	-0.000000	-0.000000	-0.000014	0.000000	0.000000	0.000000	66.300102	-16.531900	-1.018070	129.210007	-27.228500	143.272995	-0.000000	0.000000	-0.000001	0.000000	0.000000	0.000000	-59.510300	-38.396702	25.949400	-121.860001	-23.474899	-156.921005	0.000001	0.000000	0.000000	0.507208	-1.260010	0.011155	-0.000000	0.000000	-0.000001
-0.451930	-0.841304	-10.154200	-4.766010	13.151300	1.086750	9.819050	-14.315500	1.283680	-0.000000	0.000000	0.000000	0.163155	12.656600	-0.035757	9.951720	-9.761020	1.731690	-0.000000	-0.000000	0.000000	-0.000002	-0.000000	0.000018	0.000000	0.000000	0.000000	65.253700	-19.048800	-2.496780	135.128998	-29.870701	146.591995	-0.000000	-0.000000	-0.000000	0.000000	0.000000	0.000000	-57.881500	-40.261902	27.801300	-127.056999	-26.363600	-158.031998	0.000000	0.000001	0.000000	0.634833	-4.944380	0.054719	0.000000	0.000000	0.000000
-0.536668	-1.700431	-9.579725	-4.669610	12.599300	1.020740	10.209600	-11.943800	1.173490	0.000000	-0.000000	-0.000000	0.802945	12.784100	-0.177694	8.888360	-9.140160	1.550690	0.000000	0.000000	-0.000000	-0.000000	-0.000000	-0.000005	0.000000	0.000000	0.000000	62.289902	-24.256901	-6.310230	138.235992	-33.437698	146.940994	-0.000001	-0.000000	-0.000000	0.000000	0.000000	0.000000	-50.459202	-38.480598	33.071800	-133.460007	-27.754601	-161.457993	-0.000001	0.000000	0.000000	0.380270	-3.872350	0.025685	0.000000	0.000000	0.000000
-0.468390	-2.747350	-8.906099	-5.212980	14.509300	1.309420	10.484300	-13.386700	1.262620	0.000000	-0.000000	0.000000	0.714819	14.304000	-0.176625	7.818160	-9.631340	1.434200	0.000000	-0.000000	-0.000000	0.000000	-0.000000	0.000006	0.000000	0.000000	0.000000	58.698898	-27.360800	-9.832870	138.518005	-35.263802	146.102997	0.000001	-0.000000	-0.000000	0.000000	0.000000	0.000000	-48.199200	-37.994801	34.717499	-132.884003	-28.112000	-160.740997	0.000000	0.000000	0.000000	0.368141	-2.149620	0.013809	0.000000	0.000000	0.000001
-0.666555	-2.966160	-8.741870	-4.927370	14.944200	1.273580	10.613500	-13.974000	1.418090	0.000000	-0.000000	0.000000	0.284472	14.787100	-0.072615	9.573940	-9.583340	1.655570	-0.000001	-0.000000	0.000001	-0.000002	-0.000000	-0.000066	0.000000	0.000000	0.000000	57.651100	-27.203100	-10.310900	135.876999	-33.585602	144.695007	-0.000001	-0.000000	-0.000000	0.000000	0.000000	0.000000	-49.265800	-36.488998	33.144100	-130.996994	-26.471500	-160.809006	0.000001	0.000000	-0.000000	0.664740	-1.525110	0.017693	-0.000000	0.000000	-0.000001
-0.999346	-2.977070	-8.709679	-4.895190	15.157200	1.282840	11.546900	-14.030300	1.661390	-0.000000	0.000000	0.000000	1.477160	14.301000	-0.364967	7.547700	-7.976720	1.256140	-0.000000	-0.000000	0.000000	0.000002	0.000000	-0.000092	0.000000	0.000000	0.000000	59.011799	-24.868299	-8.200220	131.408997	-30.121901	142.850998	-0.000001	-0.000000	-0.000000	0.000000	0.000000	0.000000	-52.315300	-35.714802	30.343700	-126.147003	-20.552700	-163.378998	0.000001	0.000001	-0.000000	0.713228	-1.241780	0.015457	0.000000	0.000000	-0.000000
-1.076520	-3.037420	-8.816260	-3.851860	15.111700	1.005590	8.978090	-13.694800	1.248530	-0.000000	0.000000	0.000001	1.006670	15.034600	-0.261164	8.607520	-9.459200	1.588820	0.000001	0.000000	-0.000001	-0.000002	-0.000001	-0.000025	0.000000	0.000000	0.000000	60.711899	-20.335699	-4.826560	123.885002	-26.318899	138.403000	0.000000	-0.000000	0.000000	0.000000	0.000000	0.000000	-55.148399	-35.202499	27.959700	-118.473999	-13.902400	-167.434006	-0.000000	0.000000	0.000001	0.861575	-1.096420	0.016489	0.000000	0.000000	0.000001
-1.002270	-2.459650	-8.838000	-4.068140	14.349900	1.009850	9.802100	-12.519400	1.274760	-0.000000	-0.000000	-0.000000	1.103610	14.681500	-0.279744	8.736300	-9.275110	1.595340	0.000001	0.000000	-0.000001	-0.000002	-0.000000	0.000020	0.000000	0.000000	0.000000	62.090000	-17.179001	-2.561250	114.612999	-21.499399	131.822998	0.000000	0.000000	-0.000000	0.000000	0.000000	0.000000	-59.086201	-33.223499	24.347500	-110.602997	-4.151810	175.746002	-0.000000	-0.000000	0.000001	0.630818	-0.748480	0.008243	-0.000000	0.000000	-0.000000
-1.018470	-2.391381	-8.396540	-3.741150	13.089500	0.848405	9.836390	-10.956100	1.181390	0.000000	-0.000000	0.000000	2.461000	13.678000	-0.582287	6.264430	-8.062770	1.223150	0.000000	0.000000	-0.000000	0.000002	-0.000000	-0.000020	0.000000	0.000000	0.000000	61.157299	-15.112200	-1.665910	103.208000	-15.485100	119.044998	0.000000	-0.000001	0.000000	0.000000	0.000000	0.000000	-58.283798	-28.388700	22.904200	-104.452003	2.955690	152.326996	-0.000000	0.000000	-0.000002	0.361357	-0.884785	0.005581	0.000000	-0.000000	-0.000000
-1.101910	-2.912822	-8.810580	-3.421480	14.391200	0.851322	8.668920	-12.291100	1.143130	0.000000	-0.000000	-0.000001	1.542360	14.932100	-0.397522	8.154300	-9.319570	1.576380	0.000001	0.000000	-0.000000	0.000002	0.000000	-0.000042	0.000000	0.000000	0.000000	58.089901	-9.868330	0.793599	92.058098	-11.734100	92.454102	0.000000	0.000000	-0.000001	0.000000	0.000000	0.000000	-56.307201	-26.224001	23.189899	-92.479103	9.616700	105.808998	-0.000000	0.000000	0.000000	0.373983	-0.821105	0.005359	0.000000	0.000000	0.000001
-1.032650	-3.113840	-10.089700	-3.638110	14.976100	0.941314	8.618270	-12.260200	1.086570	-0.000000	-0.000000	0.000000	1.003270	14.579100	-0.252576	9.373150	-7.798010	1.418670	0.000001	-0.000000	-0.000000	-0.000000	-0.000000	-0.000042	0.000000	0.000000	0.000000	53.799900	-3.387320	4.894660	80.601196	-10.043100	56.840401	0.000000	-0.000001	0.000000	0.000000	0.000000	0.000000	-52.520500	-24.095400	24.553801	-83.540901	14.420100	76.308197	-0.000001	0.000000	0.000000	0.274965	-1.007710	0.004836	0.000000	-0.000000	-0.000001
-0.909020	-3.098181	-11.998302	-4.288730	15.592200	1.154750	9.342130	-13.768200	1.243550	-0.000000	-0.000000	0.000000	1.333610	14.434800	-0.332507	7.432180	-8.181990	1.251030	-0.000000	-0.000000	0.000001	-0.000002	-0.000001	-0.000046	0.000000	0.000000	0.000000	48.985600	3.906790	11.243400	67.366997	-13.275800	38.491001	-0.000000	-0.000000	0.000000	0.000000	0.000000	0.000000	-49.237598	-24.410601	27.035101	-69.795898	19.669201	52.402199	-0.000000	-0.000001	0.000000	-0.031592	-1.352460	-0.000745	-0.000000	0.000000	0.000000
-0.793670	-3.073800	-12.633101	-5.223540	15.362100	1.387370	10.466700	-12.800800	1.206580	-0.000000	-0.000000	-0.000000	0.653130	14.386800	-0.162301	8.069120	-8.459850	1.289900	-0.000000	0.000000	0.000000	-0.000000	0.000000	0.000006	0.000000	0.000000	0.000000	42.562901	8.276150	17.415899	56.497101	-17.802200	32.342800	-0.000000	-0.000000	-0.000001	0.000000	0.000000	0.000000	-42.898399	-22.708799	30.613800	-62.604698	22.966600	45.502300	0.000000	-0.000000	-0.000001	-0.134141	-1.363970	-0.003193	0.000000	0.000000	-0.000000
-0.539821	-1.907730	-12.343701	-5.470480	13.546700	1.285080	11.354300	-12.200900	1.280280	0.000000	-0.000000	-0.000000	0.461294	12.631900	-0.100893	8.583740	-7.882000	1.249020	0.000000	0.000000	-0.000000	0.000000	0.000000	0.000038	0.000000	0.000000	0.000000	39.948700	9.424600	19.899401	45.529301	-18.416800	24.608500	-0.000000	-0.000000	0.000001	0.000000	0.000000	0.000000	-38.912498	-19.828600	31.537500	-54.841499	21.581499	35.635101	0.000000	-0.000000	0.000003	0.106184	-0.679327	0.001259	0.000000	-0.000000	0.000001
-0.191248	-1.706510	-12.679700	-5.506450	13.050000	1.247000	9.981680	-12.191400	0.977230	-0.000000	0.000000	0.000000	-0.241890	11.047700	0.046342	8.806760	-5.142640	0.773858	-0.000000	-0.000000	-0.000000	-0.000000	0.000000	-0.000104	0.000000	0.000000	0.000000	36.649101	12.176900	24.871799	38.159901	-20.663601	21.591101	-0.000000	0.000000	-0.000001	0.000000	0.000000	0.000000	-35.589199	-19.082199	33.785500	-50.948700	22.209999	32.562698	-0.000000	-0.000000	-0.000000	0.066987	-0.922028	0.001079	-0.000000	0.000000	-0.000001
-0.031523	-1.464260	-12.827200	-5.912450	12.939400	1.328390	10.376400	-12.397800	0.992801	0.000000	0.000000	-0.000000	-0.990303	11.292600	0.193930	10.365400	-6.267800	1.034810	-0.000000	-0.000000	0.000000	0.000000	0.000000	0.000023	0.000000	0.000000	0.000000	35.101601	12.510300	26.376499	34.853500	-18.696199	18.601700	0.000000	-0.000000	-0.000001	0.000000	0.000000	0.000000	-34.521500	-19.472900	35.154701	-47.666901	23.302500	30.655500	-0.000000	-0.000000	-0.000001	-0.065231	-0.957965	-0.001090	0.000000	0.000000	0.000001
-0.038706	-2.436630	-12.593502	-6.022470	14.175200	1.479940	10.046500	-13.036200	0.950841	-0.000000	0.000000	0.000000	-1.035850	12.998100	0.232993	9.768300	-8.468590	1.299840	-0.000000	0.000000	0.000000	-0.000000	0.000000	0.000018	0.000000	0.000000	0.000000	34.880001	12.495700	26.482300	32.865601	-17.601999	16.955299	-0.000001	0.000000	0.000001	0.000000	0.000000	0.000000	-33.865601	-18.985600	35.306702	-47.443699	23.493000	30.663000	0.000000	-0.000000	0.000001	0.051263	-0.996441	0.000893	-0.000000	-0.000000	0.000001
-0.401129	-2.766760	-12.824800	-5.378080	14.395900	1.340790	9.323570	-12.373200	0.883181	0.000000	0.000000	0.000000	-0.739222	13.598900	0.173804	9.866880	-8.392700	1.346500	0.000000	-0.000000	0.000000	-0.000000	0.000000	0.000048	0.000000	0.000000	0.000000	34.712898	13.732700	27.982000	34.675900	-21.069300	19.726500	0.000000	-0.000000	-0.000000	0.000000	0.000000	0.000000	-33.143501	-18.874599	35.928902	-50.307201	22.848900	32.543598	-0.000000	0.000000	-0.000001	0.010101	-1.240440	0.000219	0.000000	0.000000	-0.000000
-0.261489	-2.181731	-12.698800	-5.440300	14.889400	1.401830	10.017800	-14.468000	1.191990	0.000000	-0.000000	0.000000	-0.805742	13.454600	0.187477	10.107100	-8.728130	1.427130	0.000001	0.000000	0.000000	0.000002	0.000000	0.000004	0.000000	0.000000	0.000000	37.337200	13.696900	25.968800	37.580399	-22.691401	22.456200	-0.000000	-0.000000	0.000002	0.000000	0.000000	0.000000	-34.088902	-19.859301	35.926498	-54.049599	21.729799	34.964500	-0.000000	-0.000000	0.000000	0.004178	-1.246180	0.000092	0.000000	0.000000	-0.000000
-0.470664	-1.882940	-12.603099	-5.097400	14.365500	1.267830	10.367600	-14.275200	1.342720	-0.000000	-0.000000	-0.000000	-0.432047	12.685200	0.094868	10.946800	-7.651020	1.417020	-0.000000	0.000000	0.000000	-0.000002	-0.000001	-0.000070	0.000000	0.000000	0.000000	39.470100	13.361400	24.172899	44.792400	-26.012300	29.548300	-0.000001	-0.000000	-0.000000	0.000000	0.000000	0.000000	-37.525299	-21.705999	34.335400	-57.850201	21.730499	38.805401	-0.000000	-0.000000	0.000002	-0.106854	-1.202500	-0.002242	-0.000000	-0.000000	0.000000
-0.425749	-2.278120	-12.633996	-5.354940	14.786600	1.370400	10.546700	-14.517400	1.349720	-0.000000	-0.000000	0.000000	-0.281048	12.510400	0.060871	10.313100	-6.894410	1.217360	-0.000000	0.000000	0.000000	-0.000002	-0.000000	-0.000071	0.000000	0.000000	0.000000	42.478802	12.380200	21.397699	56.350300	-26.670601	40.254200	-0.000000	0.000000	-0.000000	0.000000	0.000000	0.000000	-41.174999	-24.024599	32.980400	-65.254898	19.776800	45.846600	-0.000000	0.000000	-0.000002	-0.292655	-1.766060	-0.009017	0.000000	0.000000	-0.000001
-0.625075	-2.684680	-12.041700	-5.512840	14.736600	1.406380	11.801000	-13.200900	1.483530	0.000000	-0.000000	-0.000000	0.320136	13.629300	-0.075451	9.563280	-8.036740	1.394090	0.000000	-0.000000	0.000000	-0.000000	-0.000000	-0.000020	0.000000	0.000000	0.000000	46.007500	9.904670	17.398899	70.378403	-26.577600	57.131001	-0.000001	-0.000001	-0.000000	0.000000	0.000000	0.000000	-44.889702	-25.079399	30.672199	-73.675797	14.772500	53.669899	-0.000000	-0.000001	-0.000000	-0.326372	-1.696260	-0.009659	-0.000000	0.000000	0.000001
-0.552548	-2.518550	-11.397803	-5.354680	14.348000	1.330570	11.559400	-12.519000	1.386720	0.000000	0.000000	-0.000000	0.347914	13.872300	-0.083431	10.016000	-8.988030	1.634950	0.000000	0.000000	0.000000	-0.000002	0.000000	0.000058	0.000000	0.000000	0.000000	50.529499	6.870340	13.249000	83.199203	-26.798500	77.846703	-0.000001	0.000000	-0.000000	0.000000	0.000000	0.000000	-48.802700	-25.952499	28.241400	-82.013603	8.686370	66.461403	-0.000002	0.000000	0.000001	-0.309744	-1.722940	-0.009314	-0.000000	-0.000000	-0.000000
-0.859926	-2.614521	-9.707870	-4.497430	14.303300	1.113250	10.690300	-12.342200	1.358880	-0.000000	0.000000	0.000000	1.129240	14.138200	-0.275874	8.851870	-9.408800	1.642190	-0.000000	-0.000000	0.000000	0.000002	0.000000	0.000053	0.000000	0.000000	0.000000	55.754398	0.966425	7.900650	93.749496	-26.378599	96.448898	0.000000	0.000000	-0.000001	0.000000	0.000000	0.000000	-50.967499	-26.353600	26.835699	-91.709396	4.290090	109.936996	0.000000	0.000000	0.000000	-0.190481	-1.756040	-0.005836	-0.000000	0.000000	-0.000001
-0.704610	-2.274841	-8.399296	-3.907680	13.232000	0.895756	9.305230	-11.725100	1.121300	0.000000	-0.000000	-0.000001	2.144140	13.735100	-0.509325	6.508410	-9.217000	1.386230	-0.000000	-0.000000	0.000000	0.000000	0.000000	0.000083	0.000000	0.000000	0.000000	59.139500	-5.712800	3.554360	104.690002	-23.885700	116.214996	-0.000001	0.000000	0.000001	0.000000	0.000000	0.000000	-53.431900	-26.607901	25.216600	-102.500000	-1.916850	165.076996	0.000001	-0.000000	0.000002	0.261535	-1.703310	0.007776	0.000000	-0.000000	0.000000
-0.808427	-2.412840	-7.724930	-3.685500	12.932300	0.825888	9.214820	-11.308400	1.106020	-0.000000	0.000000	0.000000	1.405110	14.416300	-0.349901	8.881620	-10.628400	1.908800	-0.000000	0.000000	0.000000	-0.000002	-0.000000	-0.000059	0.000000	0.000000	0.000000	60.813900	-10.623500	0.858670	114.689003	-24.068701	130.399994	0.000000	0.000000	0.000000	0.000000	0.000000	0.000000	-55.134800	-30.181801	25.750900	-109.988998	-7.210810	-176.871994	0.000000	0.000000	-0.000001	0.386415	-1.894970	0.012780	0.000000	0.000000	0.000001
-0.528204	-2.704610	-7.862010	-3.765190	13.402000	0.873882	7.984580	-10.827400	0.813397	0.000000	-0.000000	-0.000000	1.099240	15.025700	-0.285024	8.426550	-10.991200	1.825110	-0.000000	-0.000000	-0.000000	0.000000	-0.000000	-0.000047	0.000000	0.000000	0.000000	63.337700	-14.023500	-0.480771	121.500000	-24.845900	137.600006	0.000000	-0.000000	-0.000001	0.000000	0.000000	0.000000	-58.362000	-34.851799	25.403900	-115.609001	-10.645000	-171.503998	-0.000000	-0.000000	-0.000000	0.750501	-1.634400	0.021408	-0.000000	-0.000000	-0.000001
-1.023740	-2.766171	-8.529823	-3.189210	14.400300	0.793900	7.602050	-13.124000	1.026770	-0.000000	0.000000	-0.000000	0.674459	15.062200	-0.175284	10.563600	-10.563500	2.081740	0.000001	0.000000	-0.000000	0.000002	0.000000	0.000038	0.000000	0.000000	0.000000	62.503101	-17.105400	-2.375070	127.037003	-25.936501	142.097000	-0.000001	0.000000	-0.000001	0.000000	0.000000	0.000000	-54.749699	-37.704601	29.231701	-121.975998	-14.187700	-168.740997	-0.000000	-0.000001	-0.000001	0.757586	-1.445930	0.019119	0.000000	-0.000000	0.000002
-0.865852	-2.551172	-9.529363	-4.248470	13.888900	1.021560	9.491520	-12.224100	1.139680	0.000000	-0.000000	0.000000	2.046000	14.020700	-0.495897	6.344250	-8.834270	1.288060	-0.000000	0.000000	0.000000	-0.000000	0.000000	0.000024	0.000000	0.000000	0.000000	62.180500	-19.172501	-3.641610	130.660004	-26.436600	144.914993	0.000000	0.000000	0.000000	0.000000	0.000000	0.000000	-50.407501	-41.768002	34.415699	-125.025002	-18.298700	-164.981995	0.000000	0.000001	-0.000000	0.861552	-1.654200	0.024874	-0.000000	-0.000000	-0.000001
-0.364337	-1.709360	-9.738190	-4.673580	12.805000	1.038010	9.333690	-11.723600	0.972726	-0.000000	-0.000000	0.000000	1.364720	13.064200	-0.308548	6.939440	-9.161380	1.325520	-0.000000	0.000000	0.000000	0.000002	0.000000	-0.000006	0.000000	0.000000	0.000000	60.282001	-19.382000	-4.442340	133.567001	-27.267900	146.824997	0.000000	0.000000	0.000000	0.000000	0.000000	0.000000	-48.624599	-43.651001	36.678001	-125.403999	-20.641800	-162.431000	-0.000000	0.000000	0.000002	0.906692	-3.035950	0.048028	-0.000000	-0.000000	-0.000001
-0.061741	-0.348226	-9.208729	-5.515230	10.449100	1.003240	11.629800	-11.127500	1.202330	-0.000000	-0.000000	-0.000000	0.639225	10.883000	-0.120701	8.746730	-8.611060	1.415980	0.000001	0.000000	-0.000001	0.000000	0.000000	0.000074	0.000000	0.000000	0.000000	59.368999	-21.101999	-5.751660	134.181000	-26.322599	147.914001	0.000000	0.000000	0.000000	0.000000	0.000000	0.000000	-51.144001	-44.304699	34.650101	-125.667000	-21.628000	-161.546005	-0.000000	-0.000000	-0.000001	0.586609	-4.930890	0.050426	0.000000	-0.000000	-0.000001
-0.101458	-0.898253	-9.008369	-5.667510	10.353700	1.021810	12.335800	-10.102700	1.191330	-0.000000	-0.000000	0.000000	0.927776	11.054300	-0.177915	8.365180	-8.263060	1.344620	0.000000	0.000000	-0.000000	-0.000000	-0.000000	0.000090	0.000000	0.000000	0.000000	57.658600	-21.621599	-6.803140	135.074997	-27.091101	148.102997	-0.000000	-0.000000	0.000000	0.000000	0.000000	0.000000	-48.228500	-44.004299	37.094299	-125.620003	-22.056200	-160.970993	-0.000000	-0.000001	0.000001	0.987967	-4.295270	0.074005	0.000000	0.000000	-0.000001
-0.398636	-1.674280	-8.288303	-4.210600	12.271300	0.896457	8.725140	-12.354600	0.988600	0.000000	-0.000000	-0.000000	0.253661	12.810200	-0.056250	9.595710	-10.005000	1.726570	0.000000	-0.000000	0.000000	-0.000000	0.000000	-0.000026	0.000000	0.000000	0.000000	56.789200	-24.327600	-8.903570	134.078995	-28.714100	146.130005	0.000001	0.000000	0.000000	0.000000	0.000000	0.000000	-46.881302	-43.740601	38.145000	-125.204002	-21.887100	-160.796005	0.000002	0.000001	-0.000001	0.805671	-2.523590	0.035479	0.000000	0.000000	0.000000
