0.334777	-2.188550	-10.066802	-5.463790	17.552900	1.652340	9.195640	-15.670400	1.078520	-0.000000	0.000000	0.000000	0.085609	17.223700	-0.025363	7.671930	-11.784700	1.592910	-0.000000	0.000000	-0.000000	-0.000000	0.000000	-0.000012	0.000000	0.000000	0.000000	33.181198	20.188900	35.547401	42.462700	-30.127600	30.059999	-0.000000	-0.000000	0.000000	0.000000	0.000000	0.000000	-37.296299	-4.656540	16.409599	-65.171501	12.670100	35.986000	0.000000	0.000000	-0.000000	-0.464853	-1.244270	-0.010094	-0.000000	-0.000000	-0.000000
-0.098545	-2.327000	-10.437103	-4.963200	18.703501	1.595120	8.332100	-18.246599	1.138470	0.000000	-0.000000	0.000001	-0.637144	17.233101	0.188752	10.082700	-10.765600	1.785440	-0.000000	-0.000000	0.000000	0.000001	0.000000	0.000051	0.000000	0.000000	0.000000	35.108299	20.736300	34.262001	51.219299	-33.197102	39.711800	0.000000	0.000000	-0.000000	0.000000	0.000000	0.000000	-39.734100	-7.608370	18.728300	-69.385498	15.527500	45.487999	0.000000	-0.000000	-0.000002	-0.363776	-1.251420	-0.007944	-0.000000	0.000000	-0.000001
-0.967465	-2.277050	-10.888200	-3.440080	19.184099	1.131630	7.703580	-18.655500	1.427560	0.000000	-0.000000	0.000000	1.707820	17.112301	-0.502662	7.434410	-10.544800	1.672740	0.000000	0.000000	-0.000000	-0.000001	0.000000	-0.000004	0.000000	0.000000	0.000000	39.648399	19.405800	29.319401	65.110298	-32.038101	54.482498	-0.000000	-0.000000	-0.000001	0.000000	0.000000	0.000000	-41.759399	-10.489900	20.691299	-77.626999	16.273600	61.135700	0.000001	0.000000	0.000000	-0.118665	-0.970760	-0.002010	0.000000	-0.000000	0.000001
-1.310090	-3.326832	-10.691201	-2.446750	20.339399	0.850892	6.226280	-18.068899	1.221340	-0.000000	0.000000	-0.000000	1.886850	18.789499	-0.607941	7.876410	-11.480800	1.940950	0.000001	0.000000	-0.000000	-0.000001	-0.000001	0.000031	0.000000	0.000000	0.000000	44.778999	15.429700	22.486300	78.827301	-28.155600	71.953201	0.000000	-0.000000	0.000000	0.000000	0.000000	0.000000	-42.808102	-13.867600	23.262400	-87.350098	14.824900	84.824303	-0.000001	0.000002	0.000000	0.187730	-1.138170	0.003729	-0.000000	0.000000	-0.000002
-1.435330	-3.064682	-10.742105	-2.301780	19.461599	0.767255	6.992470	-16.911900	1.405850	-0.000000	-0.000000	-0.000000	2.321150	17.594400	-0.701988	7.853900	-9.243350	1.633350	-0.000001	-0.000000	-0.000000	0.000001	-0.000000	0.000060	0.000000	0.000000	0.000000	50.980400	10.036400	15.349700	91.761597	-24.193199	94.470398	-0.000000	-0.000000	0.000000	0.000000	0.000000	0.000000	-47.974499	-18.256100	23.633600	-95.530701	12.583000	109.833000	-0.000000	-0.000001	-0.000000	0.062537	-1.193840	0.001303	0.000000	0.000000	0.000000
-0.944754	-2.333092	-9.017684	-2.307800	18.841700	0.745666	6.628720	-18.090500	1.382660	-0.000000	0.000000	0.000001	2.178300	16.631901	-0.623760	8.086950	-8.729690	1.560210	0.000001	0.000000	-0.000000	0.000001	-0.000000	0.000092	0.000000	0.000000	0.000000	54.857101	-0.145985	7.128820	103.711998	-18.070200	120.160004	-0.000000	0.000000	0.000001	0.000000	0.000000	0.000000	-52.811501	-20.471800	22.136700	-103.629997	9.165490	135.151993	0.000000	0.000001	-0.000002	0.300269	-1.227420	0.006433	0.000000	-0.000000	-0.000000
-0.991755	-2.524610	-7.522379	-2.891160	17.395201	0.865001	7.327700	-15.668800	1.236380	-0.000000	0.000000	0.000000	1.945340	16.648199	-0.557533	8.187500	-9.273900	1.636190	0.000001	0.000000	-0.000000	0.000002	0.000000	0.000030	0.000000	0.000000	0.000000	59.417500	-10.830700	0.392830	111.849998	-16.220501	134.481003	-0.000000	-0.000000	-0.000000	0.000000	0.000000	0.000000	-55.716801	-24.086901	22.351601	-110.012001	5.084200	153.787994	0.000000	-0.000000	0.000000	0.270546	-1.506240	0.007112	-0.000000	0.000000	-0.000001
-0.509503	-1.943091	-7.651862	-3.719420	17.133801	1.097160	8.155500	-17.575199	1.392150	-0.000000	0.000000	0.000001	1.113440	15.512000	-0.297821	8.713570	-7.956740	1.367770	0.000000	0.000000	0.000000	0.000002	0.000000	-0.000036	0.000000	0.000000	0.000000	63.350899	-18.396999	-2.797180	116.550003	-15.881800	140.552002	0.000000	0.000000	0.000000	0.000000	0.000000	0.000000	-58.708900	-28.544901	22.582800	-115.801003	-2.214590	172.261993	-0.000000	-0.000000	0.000001	0.633507	-1.073500	0.011870	-0.000000	0.000000	-0.000000
0.132813	-1.386251	-8.184904	-4.734300	16.894100	1.378660	8.463310	-18.636900	1.258900	-0.000000	0.000000	-0.000000	-0.338497	15.141100	0.088403	10.464300	-8.720260	1.552830	0.000000	0.000000	0.000000	-0.000002	-0.000000	0.000080	0.000000	0.000000	0.000000	62.874599	-22.751801	-5.235820	121.531998	-18.326900	143.160995	-0.000000	-0.000000	0.000000	0.000000	0.000000	0.000000	-57.714901	-36.098499	26.292500	-118.861000	-7.122620	-178.307007	0.000000	0.000000	0.000000	0.662812	-1.134260	0.013122	0.000000	0.000000	0.000001
-0.388656	-2.117140	-8.332121	-4.186260	16.590401	1.197240	7.466600	-16.255699	0.968206	0.000000	0.000000	-0.000000	0.058619	15.144700	-0.015324	9.528450	-7.707320	1.297380	0.000000	0.000000	-0.000000	-0.000000	0.000000	-0.000016	0.000000	0.000000	0.000000	61.616901	-27.481899	-8.338440	125.734001	-21.988800	143.686005	-0.000001	0.000000	-0.000000	0.000000	0.000000	0.000000	-52.949402	-36.438999	30.066700	-125.487000	-14.319200	-170.112000	-0.000001	-0.000001	0.000001	0.582700	-1.387990	0.014115	0.000000	0.000000	-0.000000
-0.473602	-2.409750	-8.732284	-4.079010	17.015301	1.195460	7.485430	-16.019199	0.990591	-0.000000	-0.000000	0.000000	0.330252	15.857100	-0.090250	9.399090	-8.635800	1.472830	0.000000	0.000000	-0.000000	-0.000002	-0.000000	-0.000016	0.000000	0.000000	0.000000	60.689800	-27.759600	-9.021790	127.453003	-23.421400	144.082993	0.000000	0.000000	0.000000	0.000000	0.000000	0.000000	-50.262001	-36.781502	32.406399	-128.341003	-17.119101	-168.197998	0.000000	0.000000	0.000000	0.591888	-1.254770	0.012961	0.000000	-0.000000	-0.000001
-0.268045	-1.043790	-9.548390	-4.320490	15.056400	1.124310	8.333440	-15.334000	1.102310	-0.000000	0.000000	-0.000000	1.028390	13.501500	-0.240133	7.497620	-6.987800	1.041340	0.000000	0.000000	0.000000	-0.000000	0.000000	-0.000105	0.000000	0.000000	0.000000	64.139801	-26.066900	-6.392100	123.189003	-20.150299	142.869995	-0.000001	-0.000000	0.000000	0.000000	0.000000	0.000000	-51.928200	-35.310501	30.483200	-125.818001	-13.391000	-171.459000	-0.000000	-0.000000	0.000000	0.581604	-1.325800	0.013459	0.000000	0.000000	0.000000
-0.256035	-1.167370	-9.865510	-4.557800	14.438200	1.138670	8.750990	-13.634100	1.024280	0.000000	-0.000000	0.000000	0.456244	14.179800	-0.111774	8.723330	-9.303030	1.494120	0.000000	-0.000000	-0.000000	0.000002	0.000000	-0.000069	0.000000	0.000000	0.000000	67.389603	-20.471800	-2.437380	119.416000	-17.438400	141.927002	-0.000000	0.000000	-0.000000	0.000000	0.000000	0.000000	-55.854301	-31.143999	25.744699	-120.931999	-6.366290	179.690994	-0.000000	0.000000	0.000001	0.496150	-1.550060	0.013422	0.000000	-0.000000	-0.000001
-0.108055	-0.846470	-10.055300	-4.737800	14.055400	1.153090	8.617270	-13.366600	0.931176	0.000000	0.000000	0.000001	-0.124687	13.643000	0.029401	9.392260	-8.934160	1.452190	0.000000	0.000000	-0.000000	-0.000000	-0.000000	0.000012	0.000000	0.000000	0.000000	66.308296	-13.193700	0.510147	113.306999	-14.302900	138.686005	-0.000000	-0.000000	-0.000000	0.000000	0.000000	0.000000	-59.549400	-27.657200	21.819500	-112.614998	2.864090	160.470001	-0.000000	0.000000	-0.000001	0.323558	-1.530930	0.008645	-0.000000	0.000000	0.000000
0.248785	-0.812043	-10.329806	-5.124550	14.221300	1.262090	8.264950	-14.040700	0.800938	-0.000000	-0.000000	0.000000	-0.207141	13.452100	0.048177	8.381230	-8.612440	1.233130	-0.000000	-0.000000	0.000001	0.000002	0.000000	-0.000026	0.000000	0.000000	0.000000	62.023300	-5.659080	3.677310	104.696999	-12.632800	127.552002	0.000000	-0.000000	0.000000	0.000000	0.000000	0.000000	-58.806499	-21.899200	19.648899	-104.591003	7.511640	139.658997	0.000000	0.000000	-0.000002	0.018983	-1.459200	0.000486	0.000000	-0.000000	-0.000001
0.011535	-0.812322	-10.535999	-5.141760	14.137700	1.259060	8.660850	-13.295400	0.846310	-0.000000	0.000000	0.000000	0.669579	13.044600	-0.151147	6.210400	-7.283360	0.874151	-0.000000	0.000000	-0.000000	-0.000000	0.000000	0.000019	0.000000	0.000000	0.000000	56.838001	0.068957	7.154140	93.699501	-11.786000	101.000000	0.000000	-0.000000	-0.000000	0.000000	0.000000	0.000000	-52.630901	-16.872900	20.078100	-96.321404	11.513000	112.000999	-0.000000	-0.000001	-0.000000	-0.047366	-1.265790	-0.001045	0.000000	0.000000	0.000001
-0.044724	-0.767354	-10.840704	-4.674090	14.252800	1.153160	7.581940	-13.761000	0.726649	-0.000000	0.000000	0.000001	0.853645	13.170600	-0.194526	5.766760	-8.056910	0.928779	0.000000	0.000000	-0.000000	-0.000002	-0.000000	-0.000053	0.000000	0.000000	0.000000	51.145199	6.251600	12.547500	78.811897	-15.166300	61.763100	0.000000	-0.000001	0.000000	0.000000	0.000000	0.000000	-47.025299	-13.370200	20.466499	-83.550003	14.922700	73.789299	-0.000000	0.000000	0.000001	-0.092314	-1.253720	-0.002020	0.000000	-0.000000	0.000001
-0.092791	-1.042352	-11.244711	-5.280760	14.502800	1.325960	9.108380	-13.326700	0.922599	0.000000	0.000000	0.000000	0.105258	13.686000	-0.024913	7.952260	-8.184970	1.154180	0.000000	0.000000	-0.000000	-0.000000	0.000000	0.000022	0.000000	0.000000	0.000000	46.065899	10.510300	17.822599	62.340199	-17.600300	38.478001	-0.000000	-0.000000	0.000000	0.000000	0.000000	0.000000	-43.346298	-10.835200	20.203300	-72.661499	15.864700	51.183899	-0.000000	-0.000000	0.000001	0.062245	-1.316130	0.001430	0.000000	-0.000000	0.000000
0.008184	-1.168700	-11.504299	-5.250790	15.036400	1.365780	8.729580	-13.746800	0.870630	-0.000000	0.000000	0.000001	-0.830167	14.060000	0.201685	9.473770	-9.012270	1.368080	0.000000	-0.000000	-0.000000	0.000002	0.000000	-0.000051	0.000000	0.000000	0.000000	41.806599	13.337800	22.557899	47.816502	-17.326300	25.334600	0.000000	-0.000000	-0.000000	0.000000	0.000000	0.000000	-39.331600	-9.147930	20.693001	-66.685204	16.515200	42.898102	-0.000000	0.000001	-0.000000	-0.178354	-1.286140	-0.004001	-0.000000	0.000000	0.000001
-0.235845	-1.250960	-11.875902	-5.131410	15.161300	1.345400	8.402610	-13.406800	0.800914	0.000000	0.000000	-0.000000	0.315150	13.998400	-0.076242	6.576010	-7.922820	0.953086	0.000000	-0.000000	0.000000	0.000002	0.000000	0.000010	0.000000	0.000000	0.000000	37.940498	17.441500	29.023800	38.455898	-22.058300	22.625900	-0.000001	0.000000	0.000002	0.000000	0.000000	0.000000	-35.931499	-8.061790	21.455900	-62.827900	16.654600	38.316200	0.000000	0.000000	-0.000002	-0.108020	-1.276330	-0.002404	0.000000	0.000000	-0.000000
0.083180	-1.167590	-11.136300	-5.021030	14.606900	1.269270	7.604050	-12.176400	0.579562	-0.000000	-0.000000	-0.000000	-0.521399	14.399600	0.129656	8.472390	-9.769010	1.360410	-0.000001	-0.000000	0.000001	-0.000000	-0.000000	-0.000051	0.000000	0.000000	0.000000	36.298302	17.737000	30.578300	32.750500	-20.405800	18.379000	-0.000000	0.000000	0.000000	0.000000	0.000000	0.000000	-33.986698	-6.530410	20.653999	-62.799702	15.592000	37.024899	-0.000000	-0.000000	-0.000001	-0.301584	-1.324020	-0.006966	0.000000	-0.000000	0.000001
0.279611	-0.685527	-10.768900	-5.595320	14.821200	1.435550	9.403430	-14.423300	0.996574	-0.000000	-0.000000	0.000000	-0.753816	13.952800	0.181760	9.853690	-8.994420	1.438010	0.000000	0.000000	0.000000	-0.000002	-0.000000	-0.000045	0.000000	0.000000	0.000000	35.228100	17.820700	31.551001	32.561401	-22.222700	19.220100	-0.000000	-0.000000	0.000001	0.000000	0.000000	0.000000	-34.067902	-5.559100	19.271299	-64.235603	13.302000	35.728100	0.000000	-0.000000	-0.000000	-0.094102	-1.108800	-0.001820	-0.000000	0.000000	-0.000001
0.290203	0.127507	-10.311801	-5.292720	13.254600	1.216780	9.227920	-14.048400	0.991135	-0.000000	-0.000000	0.000000	-1.017100	12.799900	0.225350	10.728800	-9.392680	1.604140	-0.000000	0.000000	0.000000	0.000000	-0.000000	-0.000086	0.000000	0.000000	0.000000	35.802601	17.383900	30.638700	36.177399	-22.093800	21.278700	0.000000	0.000000	-0.000002	0.000000	0.000000	0.000000	-35.359901	-5.356660	18.274000	-67.181999	12.410500	37.950699	0.000000	0.000000	0.000000	-0.387743	-1.117310	-0.007562	0.000000	0.000000	-0.000000
0.037068	-0.812178	-10.343900	-5.424430	14.999600	1.407830	9.946220	-15.344600	1.248250	-0.000000	0.000000	0.000001	0.215545	13.656600	-0.050901	7.748040	-8.484110	1.181460	-0.000000	-0.000000	0.000000	-0.000000	0.000000	-0.000050	0.000000	0.000000	0.000000	39.064400	16.118900	26.882500	42.868099	-21.455601	25.145399	0.000000	-0.000000	0.000001	0.000000	0.000000	0.000000	-38.435101	-8.276520	20.176500	-66.227997	16.079201	41.763000	-0.000001	0.000000	0.000003	-0.451967	-1.244630	-0.009815	-0.000000	-0.000000	0.000001
0.011763	-0.847355	-10.668703	-5.208440	15.596500	1.403920	9.321770	-15.910700	1.182400	0.000000	0.000000	-0.000000	0.148251	14.430600	-0.036955	8.040430	-10.099100	1.444620	0.000000	-0.000000	0.000000	0.000002	0.000000	0.000065	0.000000	0.000000	0.000000	40.847599	15.491800	25.086300	53.750301	-23.645599	35.556599	0.000000	-0.000000	0.000002	0.000000	0.000000	0.000000	-42.681999	-11.052900	20.733200	-68.443901	17.554501	46.629902	-0.000001	0.000001	-0.000001	-0.379061	-1.797670	-0.011890	0.000000	0.000000	0.000001
-0.500268	-1.045702	-10.707300	-4.337840	16.178400	1.210780	8.700540	-16.676100	1.303810	-0.000000	-0.000000	-0.000001	-0.186060	14.153000	0.045487	10.751100	-8.173120	1.519710	0.000000	0.000000	0.000000	-0.000002	-0.000000	-0.000012	0.000000	0.000000	0.000000	43.174000	14.869300	23.053801	70.295700	-26.190599	57.471699	-0.000001	0.000001	-0.000002	0.000000	0.000000	0.000000	-43.778400	-12.595500	21.553200	-77.007698	15.863100	59.586201	-0.000001	0.000001	0.000000	-0.416972	-1.885380	-0.013719	-0.000000	-0.000000	-0.000000
-0.476850	-1.666958	-10.565800	-4.575660	16.156000	1.275680	9.123030	-15.512400	1.267280	-0.000000	-0.000000	0.000000	0.007925	15.263900	-0.002095	10.326300	-9.705030	1.760650	-0.000000	0.000000	0.000000	-0.000000	0.000000	-0.000065	0.000000	0.000000	0.000000	46.935799	10.888400	17.712099	84.349297	-22.391701	79.460503	-0.000000	0.000001	-0.000000	0.000000	0.000000	0.000000	-43.153702	-14.079700	23.248100	-87.942703	13.339000	85.999901	-0.000000	-0.000000	-0.000000	-0.202659	-1.846430	-0.006529	-0.000000	-0.000000	-0.000000
-0.072075	-1.073570	-10.904100	-5.023940	15.313100	1.329950	9.148860	-14.868600	1.106310	0.000000	-0.000000	-0.000001	0.178887	14.320400	-0.044258	8.580460	-8.907790	1.365870	0.000000	0.000000	-0.000000	-0.000002	-0.000001	-0.000031	0.000000	0.000000	0.000000	51.002998	7.901630	13.833000	97.420303	-21.795601	106.454002	-0.000000	-0.000002	-0.000001	0.000000	0.000000	0.000000	-45.013302	-17.160900	24.684601	-98.193802	10.446200	119.417000	-0.000000	-0.000000	-0.000001	-0.231087	-1.435820	-0.005788	0.000000	-0.000000	0.000001
0.185090	-0.798645	-10.834301	-4.936290	14.683600	1.254150	8.799730	-14.956200	1.040400	0.000000	0.000000	0.000000	-0.529745	12.993800	0.119103	9.822880	-7.822870	1.277800	-0.000000	-0.000000	-0.000000	-0.000002	-0.000000	-0.000017	0.000000	0.000000	0.000000	54.742500	3.433250	9.689430	109.888000	-19.375000	129.807007	0.000000	-0.000000	0.000000	0.000000	0.000000	0.000000	-48.855000	-21.655500	25.422701	-106.705002	7.818050	143.257996	-0.000001	-0.000001	-0.000001	-0.281415	-1.226180	-0.006021	-0.000000	0.000000	-0.000001
0.137457	-0.700296	-10.961699	-5.210500	14.696200	1.325280	9.820290	-15.742700	1.299890	-0.000000	0.000000	0.000000	-0.372679	13.337500	0.085964	9.842810	-9.336080	1.551740	-0.000000	-0.000000	-0.000000	-0.000000	0.000000	0.000008	0.000000	0.000000	0.000000	58.683998	-1.402730	6.104820	119.870003	-17.184601	144.089005	0.000000	-0.000000	0.000001	0.000000	0.000000	0.000000	-52.185902	-24.767000	25.126600	-114.768997	2.385540	162.634995	-0.000001	-0.000000	-0.000002	0.103957	-1.314060	0.002386	0.000000	0.000000	0.000002
0.190567	-1.103920	-10.126903	-5.137430	14.845200	1.319550	9.079700	-15.337600	1.089980	0.000000	-0.000000	0.000000	-0.388773	12.936400	0.087026	9.303010	-7.756150	1.214030	-0.000000	0.000000	0.000000	0.000002	0.000000	0.000002	0.000000	0.000000	0.000000	61.241299	-8.279900	2.143920	128.699005	-16.891100	151.781006	-0.000000	-0.000000	-0.000000	0.000000	0.000000	0.000000	-51.472500	-24.969601	25.666700	-123.996002	-4.553070	176.529999	0.000000	-0.000000	0.000001	0.290444	-1.493090	0.007568	0.000000	0.000000	0.000001
0.168280	-2.034999	-9.113273	-4.877490	15.992500	1.346800	7.612880	-15.438100	0.779164	-0.000000	0.000000	-0.000000	-0.596045	14.444400	0.148670	9.105830	-8.203950	1.225900	-0.000000	-0.000000	0.000000	0.000000	-0.000000	0.000037	0.000000	0.000000	0.000000	61.345001	-16.034901	-2.217320	130.757996	-19.666901	150.533997	0.000001	-0.000000	0.000000	0.000000	0.000000	0.000000	-53.744598	-28.167000	25.761101	-127.579002	-9.048980	-177.776993	-0.000000	-0.000000	0.000001	0.499635	-2.093880	0.018258	0.000000	0.000000	0.000000
0.138026	-1.704190	-9.218968	-5.511880	16.083500	1.531350	9.650380	-15.672200	1.178510	0.000000	0.000000	-0.000000	-0.536116	15.367400	0.142068	9.340900	-9.955310	1.537300	0.000000	-0.000000	-0.000000	0.000000	-0.000000	0.000044	0.000000	0.000000	0.000000	64.416397	-20.387100	-3.478290	130.175003	-21.155500	148.669006	0.000001	-0.000000	0.000000	0.000000	0.000000	0.000000	-55.902699	-33.730999	26.768600	-128.653000	-11.637400	-174.770004	0.000000	0.000000	-0.000000	0.575955	-2.034240	0.020447	0.000000	0.000000	-0.000001
0.216609	-0.935778	-9.088718	-5.507870	14.757500	1.407050	9.841160	-15.037900	1.173860	0.000000	0.000000	-0.000001	0.330167	13.928300	-0.079485	7.537860	-8.961440	1.231640	0.000000	0.000000	-0.000000	-0.000000	-0.000000	0.000028	0.000000	0.000000	0.000000	65.759300	-22.411900	-3.893110	129.660004	-21.183100	148.158005	-0.000001	0.000000	0.000000	0.000000	0.000000	0.000000	-57.751099	-35.700500	26.181299	-129.003998	-10.818600	-175.722000	-0.000000	-0.000000	0.000001	0.599548	-1.766410	0.018484	-0.000000	0.000000	0.000001
0.479397	-0.513698	-9.243066	-4.963150	14.195100	1.219950	8.188720	-15.422800	0.899184	0.000000	0.000000	-0.000000	-0.589032	13.099100	0.133490	9.412450	-8.886730	1.376100	0.000000	-0.000000	-0.000000	0.000000	-0.000000	0.000076	0.000000	0.000000	0.000000	64.430702	-20.112101	-3.312560	129.001999	-19.881201	148.776001	0.000000	-0.000000	0.000000	0.000000	0.000000	0.000000	-56.084801	-34.018299	26.755199	-129.488998	-8.758280	-178.190002	0.000000	0.000000	-0.000000	0.510492	-1.605020	0.014301	0.000000	-0.000000	0.000000
0.456935	-0.943756	-9.693320	-5.857260	15.151300	1.535880	9.570790	-16.274300	1.099500	0.000000	0.000000	-0.000000	0.072802	14.360800	-0.018067	7.012250	-10.676500	1.318680	-0.000000	-0.000000	-0.000000	0.000002	0.000000	-0.000048	0.000000	0.000000	0.000000	64.032799	-13.628900	-0.216040	126.899002	-18.848700	148.209000	-0.000001	0.000000	-0.000000	0.000000	0.000000	0.000000	-54.889400	-31.095600	26.387800	-126.117996	-5.320220	177.910995	-0.000000	-0.000000	-0.000000	0.550165	-1.514470	0.014544	-0.000000	0.000000	-0.000001
1.003790	-0.461591	-9.851202	-6.145010	14.313900	1.524730	8.825360	-15.644600	0.775059	-0.000000	-0.000000	-0.000000	-0.796609	13.669800	0.188260	7.741840	-11.256600	1.366630	0.000000	-0.000000	-0.000000	0.000000	-0.000000	0.000064	0.000000	0.000000	0.000000	63.514900	-9.101140	2.021450	119.584999	-17.938499	142.354996	0.000000	-0.000000	-0.000000	0.000000	0.000000	0.000000	-56.891899	-27.181499	23.260500	-120.209000	-0.264042	169.710007	0.000000	0.000000	-0.000001	0.147846	-1.469870	0.003794	-0.000000	-0.000000	-0.000000
1.024930	-0.628369	-9.794370	-6.157820	13.937600	1.488590	9.010530	-14.905900	0.781315	0.000000	-0.000000	0.000000	-0.757239	13.145900	0.172214	8.094100	-9.568900	1.229520	-0.000000	-0.000000	0.000000	-0.000001	-0.000000	-0.000029	0.000000	0.000000	0.000000	60.984798	-4.659490	4.201630	111.031998	-16.507700	133.617996	0.000000	-0.000000	0.000000	0.000000	0.000000	0.000000	-58.485100	-22.051100	19.880301	-111.445000	4.561500	155.270004	-0.000000	0.000000	0.000000	-0.292576	-1.407950	-0.007188	-0.000000	0.000000	0.000000
0.951872	-0.752840	-9.988880	-5.960290	14.241100	1.471230	8.446630	-15.165800	0.699030	-0.000000	0.000000	0.000001	-0.813319	12.827800	0.180575	7.975770	-8.123920	1.020280	-0.000000	0.000000	-0.000000	0.000001	0.000000	0.000034	0.000000	0.000000	0.000000	57.707001	0.933896	7.638930	100.803001	-15.786300	116.782997	-0.000000	-0.000001	0.000001	0.000000	0.000000	0.000000	-55.939301	-18.483801	19.344900	-101.109001	7.525950	131.643997	0.000000	0.000000	0.000000	-0.184942	-1.188730	-0.003834	-0.000000	-0.000000	-0.000001
1.170180	-0.865324	-9.969707	-5.518910	14.511500	1.386910	7.030790	-15.563100	0.453154	0.000000	-0.000000	-0.000000	-1.748430	13.770400	0.416288	9.898970	-10.133800	1.452540	0.000001	0.000000	-0.000001	0.000000	-0.000000	-0.000106	0.000000	0.000000	0.000000	52.580898	4.740550	11.053100	87.864197	-15.503800	84.627998	-0.000000	-0.000000	-0.000000	0.000000	0.000000	0.000000	-53.348598	-16.066799	19.181299	-89.540298	10.681900	90.659897	0.000000	0.000001	0.000000	-0.195036	-1.181470	-0.004019	-0.000000	0.000000	0.000000
1.038950	-1.002261	-10.019601	-6.314070	14.481300	1.584930	8.694230	-14.638400	0.652828	0.000000	0.000000	0.000000	-1.476960	13.604700	0.347473	9.191290	-9.049470	1.227210	0.000001	0.000000	-0.000000	-0.000002	-0.000000	0.000057	0.000000	0.000000	0.000000	46.910900	8.822770	16.011101	73.931602	-19.486300	57.057800	-0.000001	-0.000000	0.000000	0.000000	0.000000	0.000000	-48.675999	-13.757000	19.891199	-78.184700	12.979000	58.882198	0.000000	-0.000000	-0.000000	-0.320835	-1.163200	-0.006512	0.000000	-0.000000	-0.000001
0.917435	-0.990461	-10.007002	-6.112090	14.480700	1.533790	8.743390	-14.033600	0.685859	0.000000	0.000000	0.000000	-0.938244	14.209300	0.230309	8.139090	-10.032100	1.265920	-0.000000	0.000000	-0.000000	-0.000001	-0.000000	0.000026	0.000000	0.000000	0.000000	43.523701	10.538000	19.014601	58.443802	-20.119801	36.885399	0.000000	0.000001	0.000000	0.000000	0.000000	0.000000	-44.991001	-12.740700	20.996201	-66.717400	16.270100	42.965000	0.000001	0.000000	-0.000001	-0.147358	-1.248740	-0.003210	0.000000	0.000000	0.000000
1.089550	-1.032700	-9.837622	-5.866480	14.742600	1.497760	8.267240	-14.851900	0.665474	0.000000	-0.000000	-0.000001	-1.552090	13.272700	0.356409	9.886650	-8.003590	1.174460	0.000000	0.000000	0.000000	0.000000	-0.000000	0.000070	0.000000	0.000000	0.000000	39.409199	12.351400	23.025900	46.741199	-21.304600	27.730301	-0.000000	-0.000000	0.000000	0.000000	0.000000	0.000000	-39.866100	-10.073200	21.318501	-61.659302	14.666700	34.887798	0.000000	-0.000000	-0.000000	-0.201862	-1.247410	-0.004393	-0.000000	0.000000	0.000001
1.092950	-1.081940	-9.770489	-6.528780	14.642800	1.657120	10.064800	-14.420600	0.934893	-0.000000	0.000000	0.000000	-0.006777	13.531200	0.001571	6.105340	-8.061710	0.858475	-0.000000	-0.000000	0.000001	-0.000001	-0.000000	-0.000044	0.000000	0.000000	0.000000	36.335999	13.098500	25.851900	37.765999	-20.339199	21.127100	0.000000	-0.000000	0.000000	0.000000	0.000000	0.000000	-36.961201	-9.267790	22.170799	-56.537800	15.728200	31.112600	-0.000000	0.000000	-0.000000	-0.289267	-1.216640	-0.006138	-0.000000	0.000000	-0.000002
1.093120	-0.929578	-9.341200	-5.660090	14.708300	1.441460	7.516860	-14.729800	0.519631	-0.000000	0.000000	0.000000	-0.407604	14.170100	0.099769	6.478360	-10.084500	1.069070	0.000000	0.000000	0.000000	-0.000000	-0.000000	0.000015	0.000000	0.000000	0.000000	33.709301	13.981800	28.815599	32.185699	-21.940201	18.834400	-0.000000	0.000000	-0.000000	0.000000	0.000000	0.000000	-35.957901	-7.790850	21.011600	-54.258099	15.467700	28.872900	0.000000	-0.000000	0.000000	-0.499267	-1.258560	-0.010965	0.000000	0.000000	0.000001
1.093070	-1.201570	-9.091495	-5.835920	14.761100	1.491740	8.095420	-14.550500	0.616576	0.000000	0.000000	0.000000	-1.212690	13.888300	0.291108	8.852830	-8.505570	1.141960	-0.000000	0.000000	-0.000000	-0.000000	-0.000000	0.000010	0.000000	0.000000	0.000000	32.923698	14.738800	30.283600	30.159401	-22.549601	17.989599	-0.000000	-0.000000	0.000001	0.000000	0.000000	0.000000	-35.865002	-6.988280	20.061501	-53.150600	14.786700	27.334200	-0.000000	-0.000000	-0.000001	-0.363462	-1.196200	-0.007586	-0.000000	0.000000	-0.000000
0.935021	-1.475209	-9.290388	-6.206600	15.865500	1.702910	9.617870	-16.146799	1.015950	0.000000	-0.000000	-0.000000	-0.758209	14.958700	0.195704	8.616910	-9.786440	1.348450	-0.000000	-0.000000	0.000001	-0.000001	-0.000000	0.000089	0.000000	0.000000	0.000000	33.928902	15.071300	29.782200	30.918800	-22.998199	18.633900	0.000001	-0.000000	0.000000	0.000000	0.000000	0.000000	-36.218300	-7.493790	20.485901	-53.040001	14.482400	26.981400	0.000000	0.000000	-0.000001	-0.443531	-1.142140	-0.008839	-0.000000	0.000000	-0.000001
0.314247	-1.538280	-9.216366	-5.572210	16.143101	1.553790	9.324770	-16.264700	1.114380	0.000000	0.000000	-0.000000	0.963893	15.630800	-0.259745	5.796470	-11.222300	1.314550	0.000000	0.000000	0.000000	0.000002	0.000000	0.000017	0.000000	0.000000	0.000000	35.023201	15.410400	29.218500	36.120098	-24.537500	22.486300	-0.000000	0.000000	0.000000	0.000000	0.000000	0.000000	-35.314201	-7.136150	20.570400	-56.237301	12.643600	27.485100	0.000000	-0.000000	-0.000000	-0.228458	-1.010760	-0.004028	0.000000	-0.000000	0.000001
0.107779	-1.500950	-9.084399	-4.697270	16.444500	1.332460	8.911750	-16.797800	1.275930	-0.000000	-0.000000	0.000000	0.695910	15.305000	-0.183712	7.621140	-10.150500	1.471370	0.000000	0.000000	0.000000	0.000001	0.000000	0.000034	0.000000	0.000000	0.000000	36.723301	14.713300	27.172400	44.723400	-26.758801	29.920300	-0.000000	-0.000000	0.000001	0.000000	0.000000	0.000000	-37.533199	-7.721990	20.001200	-59.419300	11.196300	28.408100	-0.000000	-0.000000	0.000002	0.015986	-0.867601	0.000241	0.000000	0.000000	-0.000000
0.443544	-1.631810	-9.210860	-4.952560	16.701599	1.426550	8.247060	-17.232201	1.039210	-0.000000	-0.000000	-0.000000	-0.881209	15.767800	0.239463	10.142200	-10.933700	1.777930	0.000000	-0.000000	0.000000	-0.000000	0.000000	0.000064	0.000000	0.000000	0.000000	38.265900	14.065300	25.414101	56.271702	-28.841999	41.853699	0.000000	-0.000000	0.000000	0.000000	0.000000	0.000000	-40.101398	-9.813750	20.879101	-66.154297	13.059400	38.082298	0.000000	0.000000	0.000001	0.144495	-0.953040	0.002404	-0.000000	0.000000	0.000001
0.487964	-0.254148	-9.817350	-5.226960	14.452000	1.307880	9.334730	-15.618200	1.152560	-0.000000	0.000000	0.000000	-0.039602	13.088800	0.008959	8.500650	-8.447470	1.252030	-0.000000	-0.000000	0.000000	0.000001	0.000000	0.000103	0.000000	0.000000	0.000000	41.184601	13.384300	22.934900	71.531502	-28.969999	61.113098	0.000001	0.000001	0.000002	0.000000	0.000000	0.000000	-42.748501	-12.540300	22.063299	-73.752800	13.197200	49.956200	0.000000	-0.000000	-0.000000	0.022509	-0.865242	0.000340	0.000000	-0.000000	0.000000
0.645337	-0.004865	-9.908840	-4.919760	14.379100	1.224570	8.169700	-16.759001	0.982727	-0.000000	0.000000	0.000000	-0.796494	12.942900	0.178401	9.750970	-9.238260	1.452400	0.000000	0.000000	0.000000	0.000002	0.000000	-0.000010	0.000000	0.000000	0.000000	46.705399	9.852290	16.986799	83.267700	-22.734800	77.534500	0.000000	-0.000001	0.000000	0.000000	0.000000	0.000000	-48.093498	-15.668000	21.637400	-82.111099	10.645600	66.367203	0.000000	-0.000001	-0.000000	0.057051	-0.783271	0.000780	-0.000000	0.000000	0.000001
0.639030	-0.071934	-9.697170	-5.254960	13.531700	1.232840	8.764980	-15.207500	0.960326	0.000000	0.000000	0.000001	0.390140	12.887700	-0.087029	6.979490	-10.489300	1.347050	-0.000000	0.000000	0.000001	-0.000001	-0.000000	0.000085	0.000000	0.000000	0.000000	52.850700	6.105670	11.996000	94.276901	-20.195900	100.500000	0.000000	0.000001	0.000000	0.000000	0.000000	0.000000	-54.270901	-18.969500	20.475000	-90.510696	6.953340	96.230400	0.000000	0.000001	-0.000000	-0.139409	-0.974428	-0.002369	0.000000	0.000000	-0.000000
0.311317	0.371022	-9.613693	-4.585990	13.301700	1.057260	9.250710	-15.401800	1.274400	-0.000000	0.000000	0.000000	0.887980	11.753900	-0.180912	7.668240	-8.029990	1.201370	0.000000	-0.000000	-0.000000	0.000001	0.000000	-0.000002	0.000000	0.000000	0.000000	59.631302	2.150820	8.185160	102.931000	-17.288300	120.109001	-0.000000	-0.000001	-0.000000	0.000000	0.000000	0.000000	-58.223400	-20.750601	19.365200	-100.169998	3.824890	138.723007	0.000000	-0.000000	-0.000001	-0.184666	-0.973737	-0.003138	0.000000	-0.000000	-0.000001
0.057887	-0.553108	-9.735709	-3.909670	14.267500	0.964932	8.600230	-15.168300	1.261690	-0.000000	0.000000	0.000001	1.703220	13.255700	-0.390662	6.481060	-9.359570	1.332370	-0.000000	-0.000000	0.000001	-0.000000	0.000000	-0.000038	0.000000	0.000000	0.000000	64.087196	-1.421270	5.931170	111.379997	-17.780500	133.182999	0.000000	-0.000000	0.000000	0.000000	0.000000	0.000000	-65.184998	-25.621000	17.784800	-105.952003	-0.355485	161.834000	-0.000000	0.000000	-0.000000	0.047334	-1.447000	0.001195	-0.000000	-0.000000	-0.000000
0.052929	-0.448417	-9.842750	-3.885260	14.131900	0.949964	8.045130	-14.915800	1.102980	0.000000	-0.000000	0.000000	1.591650	13.871400	-0.381690	6.385010	-11.417400	1.579540	0.000000	0.000000	-0.000000	-0.000001	-0.000000	0.000013	0.000000	0.000000	0.000000	68.604202	-6.874140	3.635670	115.498001	-15.966300	140.141006	-0.000000	0.000000	0.000000	0.000000	0.000000	0.000000	-68.315903	-28.847099	17.109200	-112.820999	-5.624280	178.255005	0.000000	0.000000	-0.000001	0.130826	-1.223980	0.002797	-0.000000	0.000000	-0.000002
0.292577	-0.621150	-9.849490	-4.124360	15.036100	1.071690	7.112910	-16.530100	0.891364	-0.000000	-0.000000	-0.000000	-0.038435	14.405900	0.009553	9.388500	-12.243700	2.000130	0.000001	0.000000	-0.000000	0.000001	0.000000	0.000015	0.000000	0.000000	0.000000	70.043999	-13.362700	1.280780	118.552002	-16.552601	142.447006	-0.000000	-0.000000	-0.000000	0.000000	0.000000	0.000000	-69.028397	-31.928900	17.541800	-118.417999	-9.851800	-174.490005	-0.000000	0.000000	0.000000	0.310103	-1.184100	0.006408	0.000000	-0.000000	-0.000000
0.604298	-0.700155	-9.485090	-4.936120	15.065700	1.285980	8.099190	-16.902300	0.970094	-0.000000	0.000000	0.000001	-0.937470	14.355800	0.232444	10.724600	-11.242500	1.932050	0.000000	0.000000	-0.000000	-0.000000	0.000000	-0.000004	0.000000	0.000000	0.000000	66.049797	-17.222500	-1.397590	123.643997	-17.321699	146.580994	0.000000	-0.000000	0.000000	0.000000	0.000000	0.000000	-67.566200	-35.843300	19.453400	-122.193001	-10.640300	-174.238007	-0.000000	-0.000000	-0.000000	0.255201	-1.318980	0.005876	0.000000	-0.000000	-0.000000
0.581282	-0.136351	-9.242120	-5.223810	14.082800	1.274390	10.078000	-16.795500	1.451540	0.000000	0.000000	0.000000	-0.596264	12.770200	0.131792	10.798700	-9.355990	1.678350	0.000000	-0.000000	-0.000000	-0.000002	-0.000000	-0.000016	0.000000	0.000000	0.000000	65.342598	-19.002701	-2.441790	124.575996	-16.427500	148.298996	-0.000001	-0.000000	0.000000	0.000000	0.000000	0.000000	-65.666801	-33.985401	20.169600	-124.264999	-8.815720	-177.371002	-0.000000	0.000000	0.000001	0.312961	-1.159930	0.006337	-0.000000	0.000000	0.000000
0.893159	0.622727	-9.604920	-6.240600	13.807500	1.494950	11.779300	-18.537001	1.823870	-0.000000	-0.000000	0.000000	-0.905736	12.396000	0.194436	10.705200	-10.677800	1.837030	0.000000	-0.000000	0.000000	0.000002	0.000000	-0.000055	0.000000	0.000000	0.000000	64.068001	-17.064400	-1.905450	124.260002	-13.111600	151.744003	-0.000000	0.000000	-0.000000	0.000000	0.000000	0.000000	-66.033699	-30.788099	18.998501	-124.077003	-6.672510	179.503006	0.000000	0.000000	0.000000	0.296227	-0.947039	0.004897	0.000000	-0.000000	-0.000001
0.578529	0.042010	-9.541359	-5.428210	13.444500	1.265640	9.419100	-15.936400	1.138590	-0.000000	0.000000	0.000001	-0.303352	12.083100	0.063490	9.157270	-8.434040	1.309830	0.000000	-0.000000	-0.000001	-0.000002	-0.000000	0.000075	0.000000	0.000000	0.000000	67.254898	-12.859400	0.907806	117.028999	-11.632000	147.029007	0.000000	-0.000000	-0.000000	0.000000	0.000000	0.000000	-65.260902	-27.848801	18.500000	-118.583000	-0.850176	169.979004	0.000000	-0.000000	0.000000	-0.042559	-1.180210	-0.000875	0.000000	-0.000000	-0.000001
0.436748	-0.379039	-9.760548	-4.739050	14.494200	1.188630	7.656310	-16.877800	0.891651	-0.000000	-0.000000	-0.000000	0.578579	12.477900	-0.125023	6.990670	-7.457000	0.986211	0.000000	0.000000	0.000000	-0.000001	-0.000000	0.000056	0.000000	0.000000	0.000000	64.041000	-6.122320	3.599220	110.019997	-10.252400	140.755997	-0.000000	0.000000	-0.000001	0.000000	0.000000	0.000000	-64.672997	-23.289801	17.195801	-110.311996	5.175010	152.766006	0.000000	-0.000000	0.000000	-0.164046	-1.092390	-0.003126	-0.000000	0.000000	0.000001
0.854284	-0.549293	-10.078199	-5.377780	14.594800	1.358820	8.297510	-16.240200	0.866001	-0.000000	-0.000000	0.000000	0.511412	13.359900	-0.118187	5.586890	-9.071390	0.962847	-0.000000	0.000000	-0.000000	-0.000001	-0.000000	-0.000019	0.000000	0.000000	0.000000	59.233601	-0.652369	6.551440	99.823997	-9.347550	122.264999	0.000000	-0.000000	-0.000001	0.000000	0.000000	0.000000	-62.010502	-20.100700	17.201099	-98.601700	8.608020	122.989998	-0.000000	-0.000001	0.000001	-0.189110	-1.051370	-0.003468	0.000000	-0.000000	-0.000001
0.692572	-0.870120	-10.416900	-5.975440	15.134200	1.565350	9.912390	-16.794701	1.199580	0.000000	-0.000000	-0.000001	-0.407909	13.783300	0.097172	7.845870	-9.584890	1.247290	0.000000	0.000000	-0.000000	0.000000	-0.000000	-0.000103	0.000000	0.000000	0.000000	54.079601	5.483100	11.244600	86.758499	-12.058600	80.218903	-0.000000	-0.000000	-0.000000	0.000000	0.000000	0.000000	-57.672600	-17.478901	17.963499	-85.004501	13.068800	77.011002	0.000001	-0.000000	-0.000000	-0.480563	-0.721407	-0.006051	0.000000	0.000000	0.000003
0.553351	-0.821173	-10.296801	-5.502260	14.810900	1.410590	8.904650	-15.364400	0.951229	0.000000	0.000000	0.000000	0.711213	13.727700	-0.168796	5.182370	-9.550600	0.977824	0.000000	-0.000000	-0.000001	0.000001	0.000000	-0.000073	0.000000	0.000000	0.000000	49.744202	9.271710	15.314300	71.146103	-16.348900	49.057899	-0.000000	-0.000001	0.000001	0.000000	0.000000	0.000000	-54.532001	-15.771200	18.443800	-69.180397	17.705601	48.163601	-0.000001	0.000001	-0.000000	-0.110848	-0.834806	-0.001615	-0.000000	-0.000000	0.000001
1.115120	0.123455	-10.142097	-6.091500	13.598500	1.437320	10.178200	-15.990000	1.175000	0.000000	-0.000000	-0.000001	0.293578	12.263500	-0.062369	6.183100	-8.967780	1.012740	-0.000000	0.000000	-0.000000	0.000001	0.000000	-0.000069	0.000000	0.000000	0.000000	45.818401	10.959900	18.328600	56.236099	-18.192101	33.040901	0.000001	0.000000	0.000001	0.000000	0.000000	0.000000	-50.243301	-13.573500	18.985901	-59.043098	18.021900	35.877201	0.000000	0.000000	0.000001	-0.243791	-0.792337	-0.003372	-0.000000	0.000000	0.000001
0.841048	0.303499	-10.277910	-5.363560	14.153800	1.315130	8.895610	-17.566099	1.116700	0.000000	-0.000000	0.000000	-0.540961	12.473500	0.116831	9.328540	-9.529350	1.468180	-0.000000	0.000000	0.000000	-0.000001	-0.000000	0.000059	0.000000	0.000000	0.000000	43.242298	12.281400	20.785700	45.506901	-16.369200	23.200300	0.000000	0.000000	-0.000000	0.000000	0.000000	0.000000	-45.540798	-11.200200	19.377300	-54.416698	16.182600	29.692801	-0.000000	0.000001	0.000001	-0.245502	-0.623655	-0.002671	0.000000	-0.000000	-0.000000
0.144949	0.619187	-10.529600	-4.215140	13.608300	0.993435	8.594660	-16.885401	1.308970	0.000000	0.000000	-0.000000	0.750495	12.046900	-0.156654	8.068430	-9.303950	1.434110	0.000000	-0.000000	0.000000	0.000000	0.000000	0.000039	0.000000	0.000000	0.000000	41.001801	14.502300	24.143900	37.954201	-19.263700	20.828199	0.000000	0.000000	-0.000001	0.000000	0.000000	0.000000	-39.821701	-10.798400	22.123199	-51.550201	17.669901	28.790600	0.000000	-0.000000	-0.000001	-0.177199	-0.612834	-0.001895	-0.000000	-0.000000	0.000001
-0.815451	0.852650	-11.106700	-2.442820	13.843300	0.584816	8.292680	-17.666901	1.802710	-0.000000	0.000000	0.000001	2.335610	11.700500	-0.473910	8.238230	-8.807930	1.629600	0.000000	0.000000	0.000000	0.000001	0.000000	0.000029	0.000000	0.000000	0.000000	40.981998	16.847401	26.282900	31.860399	-20.876400	18.487101	-0.000000	0.000000	-0.000000	0.000000	0.000000	0.000000	-35.844200	-10.621300	24.553900	-50.966400	19.140900	29.568001	0.000000	-0.000000	-0.000002	0.194219	-0.536546	0.001819	0.000000	0.000000	-0.000001
-1.150741	-0.331326	-11.835909	-1.985020	14.954400	0.512420	7.767180	-16.239401	1.641060	-0.000000	0.000000	0.000000	3.271580	12.882900	-0.730188	6.674400	-7.539490	1.306910	-0.000000	-0.000000	0.000000	0.000000	-0.000000	-0.000004	0.000000	0.000000	0.000000	41.410400	19.074100	27.859501	27.608400	-21.280600	16.480200	-0.000001	0.000000	-0.000000	0.000000	0.000000	0.000000	-33.969700	-10.273800	25.554300	-50.892899	18.595200	29.112700	-0.000000	0.000000	-0.000001	0.157004	-0.781553	0.002141	-0.000000	-0.000000	0.000000
-0.898107	-0.433811	-12.027398	-2.647130	14.968600	0.684177	8.868780	-15.181300	1.659080	-0.000000	-0.000000	0.000000	2.835860	13.204300	-0.648285	6.865640	-8.109710	1.370660	-0.000001	-0.000000	0.000000	-0.000001	-0.000000	0.000082	0.000000	0.000000	0.000000	40.676300	19.195700	28.515200	28.538601	-21.953300	17.216101	0.000000	0.000000	-0.000000	0.000000	0.000000	0.000000	-34.905300	-11.319000	26.116100	-50.039902	19.163401	28.988800	-0.000000	0.000000	0.000001	0.182606	-0.924298	0.002945	0.000000	0.000000	0.000001
-1.078470	-0.470938	-11.719499	-2.394310	14.687700	0.607403	8.029020	-14.641800	1.448600	0.000000	-0.000000	-0.000000	3.656560	14.107500	-0.892403	4.835530	-10.950000	1.603150	-0.000000	-0.000000	0.000000	-0.000001	-0.000000	-0.000025	0.000000	0.000000	0.000000	42.498501	18.758400	26.815901	30.724800	-20.473900	17.663000	0.000001	0.000000	-0.000001	0.000000	0.000000	0.000000	-36.518799	-10.570500	24.069901	-53.101601	16.290600	28.785299	0.000000	-0.000000	-0.000002	0.055195	-0.878079	0.000846	0.000000	0.000000	-0.000001
-0.632164	0.159506	-11.572810	-2.356710	13.690900	0.558087	7.076740	-14.197100	1.176640	0.000000	-0.000000	-0.000001	2.657040	12.811400	-0.589586	6.635370	-9.485950	1.533450	-0.000000	-0.000000	0.000000	0.000001	0.000000	-0.000045	0.000000	0.000000	0.000000	44.108101	16.860701	24.226900	38.734600	-18.620600	20.918200	-0.000000	-0.000000	0.000001	0.000000	0.000000	0.000000	-38.695202	-12.831000	25.017500	-55.875500	18.761400	33.546501	0.000000	0.000000	0.000000	0.342972	-0.658336	0.003941	-0.000000	0.000000	-0.000001
-0.673401	-0.763282	-11.419700	-2.952330	14.698500	0.749717	8.421340	-14.852900	1.430920	0.000000	-0.000000	0.000001	2.509740	13.107800	-0.569522	7.125620	-8.605690	1.445150	-0.000001	-0.000000	-0.000001	0.000001	0.000000	-0.000037	0.000000	0.000000	0.000000	47.532902	15.561600	21.167999	44.812099	-18.186501	24.264500	0.000000	0.000000	-0.000001	0.000000	0.000000	0.000000	-41.292301	-14.032100	24.447701	-63.198101	18.707199	41.281700	-0.000000	0.000000	0.000002	0.210902	-1.118770	0.004118	0.000000	-0.000000	0.000000
-0.972006	-0.463149	-11.539700	-2.284790	15.197200	0.599227	8.006620	-16.665100	1.669060	-0.000000	0.000000	0.000000	2.085340	13.231600	-0.477514	8.865260	-8.581660	1.645210	0.000000	0.000000	-0.000000	-0.000001	-0.000000	-0.000043	0.000000	0.000000	0.000000	49.754398	15.675400	20.083599	60.348099	-21.443600	40.638401	0.000000	0.000000	0.000001	0.000000	0.000000	0.000000	-45.138901	-16.021500	23.743799	-70.682800	16.072201	48.677502	0.000000	-0.000000	0.000000	0.124932	-1.016840	0.002218	-0.000000	-0.000000	-0.000000
-0.951139	-0.995970	-11.451997	-2.587880	15.044600	0.672157	8.277140	-15.232500	1.522910	0.000000	-0.000000	0.000001	2.771270	14.185700	-0.679647	7.023010	-10.218300	1.738640	0.000001	0.000000	-0.000000	0.000001	0.000000	0.000058	0.000000	0.000000	0.000000	53.730900	13.861700	16.979799	75.837303	-20.654301	62.253201	-0.000000	-0.000000	-0.000001	0.000000	0.000000	0.000000	-50.644001	-18.787300	22.477200	-79.418900	14.028200	63.650501	-0.000000	-0.000002	-0.000000	0.347581	-1.034640	0.006277	0.000000	0.000000	-0.000001
-0.902959	-0.276455	-11.380802	-2.435810	13.848900	0.583365	7.676290	-14.214100	1.307700	0.000000	-0.000000	-0.000000	2.808530	12.957500	-0.630233	6.671520	-9.220430	1.520890	0.000000	0.000000	-0.000000	0.000001	0.000000	-0.000038	0.000000	0.000000	0.000000	57.924801	12.299600	14.423600	89.987701	-20.837400	91.938400	-0.000000	-0.000000	0.000000	0.000000	0.000000	0.000000	-55.096001	-20.886600	21.218700	-88.812599	9.654720	89.046700	-0.000000	0.000000	0.000000	0.049752	-0.753220	0.000654	-0.000000	-0.000000	0.000000
-0.451001	-0.057928	-11.003901	-2.948730	14.069100	0.717406	7.518110	-16.648600	1.337210	0.000000	-0.000000	-0.000000	1.373240	12.171300	-0.289586	9.536810	-9.042700	1.730210	-0.000000	-0.000000	0.000000	0.000001	0.000000	0.000022	0.000000	0.000000	0.000000	63.839802	7.498660	10.279400	101.242996	-16.501200	118.438004	-0.000000	-0.000001	-0.000001	0.000000	0.000000	0.000000	-58.196201	-22.129999	20.149500	-100.510002	5.100410	136.192993	-0.000000	0.000000	0.000000	0.054008	-0.814397	0.000769	0.000000	0.000000	-0.000001
-0.322317	-0.823644	-10.104000	-3.102120	14.931200	0.800011	7.821990	-17.126801	1.423900	-0.000000	0.000000	-0.000000	1.521600	12.787600	-0.336869	8.658350	-8.253020	1.470940	-0.000000	-0.000000	0.000000	-0.000002	-0.000000	-0.000081	0.000000	0.000000	0.000000	67.462303	0.271472	6.580830	111.163002	-14.470500	137.128998	-0.000000	0.000000	0.000000	0.000000	0.000000	0.000000	-63.206001	-25.320601	18.785700	-108.330002	1.178390	159.903000	0.000000	-0.000000	-0.000002	-0.114154	-1.289830	-0.002570	0.000000	0.000000	0.000000
-0.062911	-0.956949	-8.924414	-3.711460	14.657100	0.940350	7.356800	-16.548100	1.074150	-0.000000	0.000000	0.000000	1.274190	13.421800	-0.295816	7.493050	-9.714960	1.484760	-0.000000	-0.000000	-0.000000	-0.000002	-0.000000	-0.000056	0.000000	0.000000	0.000000	69.326599	-6.865600	3.748660	119.694000	-14.492600	146.675995	0.000001	-0.000000	0.000001	0.000000	0.000000	0.000000	-67.428902	-26.658001	16.919100	-114.748001	-4.251850	175.279999	0.000000	-0.000000	0.000001	0.095496	-1.356380	0.002262	0.000000	0.000000	-0.000001
-0.598272	-1.138590	-7.907920	-3.887490	14.600200	0.981334	9.366280	-15.818400	1.532260	-0.000000	-0.000000	0.000000	1.616660	14.268300	-0.398551	7.978470	-10.589600	1.770000	-0.000000	0.000000	0.000001	0.000000	-0.000000	-0.000072	0.000000	0.000000	0.000000	68.932098	-15.842100	0.120211	122.723000	-15.408600	147.921997	0.000000	0.000000	0.000000	0.000000	0.000000	0.000000	-64.973900	-29.576099	19.187599	-121.143997	-5.124780	177.434006	0.000000	0.000000	0.000000	0.103230	-1.398390	0.002520	-0.000000	-0.000000	0.000000
-0.571715	-1.265790	-7.543952	-3.461310	14.933700	0.892990	7.818080	-16.738701	1.290900	0.000000	0.000000	0.000000	1.834400	14.117300	-0.447573	7.243240	-9.211320	1.455990	-0.000000	-0.000000	-0.000000	-0.000002	-0.000000	0.000028	0.000000	0.000000	0.000000	69.408096	-21.351000	-1.906700	124.049004	-16.506300	147.709000	-0.000000	0.000000	-0.000000	0.000000	0.000000	0.000000	-65.904404	-33.321499	19.750601	-122.464996	-5.906210	178.843002	-0.000000	-0.000001	-0.000000	0.458533	-1.567070	0.012541	0.000000	0.000000	-0.000001
-1.021999	-1.357408	-7.246580	-2.975520	15.039800	0.772759	8.316330	-17.099800	1.604810	0.000000	0.000000	-0.000000	1.628160	14.687700	-0.412933	9.481320	-10.376400	2.015660	0.000000	-0.000000	-0.000000	0.000002	0.000000	0.000050	0.000000	0.000000	0.000000	69.316200	-23.808500	-2.895750	123.439003	-17.456499	146.020996	0.000000	-0.000000	0.000000	0.000000	0.000000	0.000000	-64.607803	-34.419399	20.898399	-123.686996	-5.801510	178.761002	0.000000	0.000000	0.000000	0.365759	-1.579930	0.010085	-0.000000	-0.000000	-0.000000
-0.735456	-1.547300	-7.393469	-2.931160	15.747600	0.796153	7.387570	-17.951300	1.410150	0.000000	0.000000	-0.000000	1.369510	14.972000	-0.353877	9.066560	-10.915000	1.988340	-0.000001	-0.000000	0.000000	0.000002	0.000000	0.000019	0.000000	0.000000	0.000000	69.570702	-25.023300	-3.267890	120.822998	-17.317801	143.438004	-0.000001	-0.000000	-0.000000	0.000000	0.000000	0.000000	-63.071301	-33.212898	21.542200	-122.717003	-6.287910	179.455994	0.000000	0.000000	0.000001	0.560863	-1.525210	0.014930	-0.000000	-0.000000	-0.000001
-0.918743	-1.730830	-7.689260	-3.416780	15.361300	0.906114	8.391060	-17.130501	1.504790	0.000000	-0.000000	-0.000000	1.340790	15.890800	-0.367183	9.300280	-12.649600	2.344500	0.000001	0.000000	0.000000	0.000002	0.000000	0.000046	0.000000	0.000000	0.000000	72.146698	-19.961000	-0.430391	116.299004	-16.881001	139.022995	-0.000000	-0.000000	0.000001	0.000000	0.000000	0.000000	-64.418900	-28.840799	19.262199	-118.522003	-3.344250	174.419998	0.000000	0.000000	0.000001	0.424614	-1.506790	0.011167	0.000000	0.000000	-0.000000
-0.920461	-1.260950	-7.575073	-3.008560	14.986700	0.778661	8.681990	-16.387400	1.634650	0.000000	0.000000	0.000000	2.124070	15.325500	-0.561641	8.548680	-12.859500	2.384410	0.000001	-0.000000	-0.000000	-0.000002	-0.000000	0.000000	0.000000	0.000000	0.000000	70.822601	-14.531200	1.123800	109.261002	-15.657400	130.869003	-0.000000	0.000000	0.000000	0.000000	0.000000	0.000000	-65.941299	-22.408100	16.191601	-112.051003	3.142700	158.654007	0.000000	-0.000000	-0.000000	-0.019217	-1.489850	-0.000499	0.000000	-0.000000	-0.000001
-0.486380	-1.150740	-7.549312	-3.076500	14.087800	0.749517	7.624380	-14.869600	1.193290	0.000000	-0.000000	-0.000000	1.874160	15.596100	-0.504052	7.626960	-14.029000	2.306100	-0.000000	-0.000000	-0.000000	0.000002	0.000000	-0.000041	0.000000	0.000000	0.000000	66.321098	-7.253120	3.322250	101.265999	-14.265000	118.116997	-0.000000	0.000000	0.000000	0.000000	0.000000	0.000000	-63.921501	-16.570700	14.779000	-102.010002	6.983430	134.378998	-0.000000	-0.000000	-0.000001	0.080322	-1.309130	0.001836	-0.000000	-0.000000	-0.000001
-0.494294	-1.319670	-8.593420	-3.681940	14.115700	0.899112	9.089610	-14.724200	1.406820	0.000000	-0.000000	-0.000000	1.615340	14.736700	-0.411015	8.254220	-11.106900	1.909060	0.000001	0.000000	-0.000001	-0.000002	-0.000000	0.000012	0.000000	0.000000	0.000000	62.803299	0.019950	6.736240	88.835503	-12.911100	85.979599	0.000001	0.000000	-0.000000	0.000000	0.000000	0.000000	-60.693699	-15.222500	15.460300	-90.090401	11.284900	92.032501	-0.000000	-0.000001	0.000000	-0.067080	-1.444110	-0.001688	-0.000000	-0.000000	-0.000002
-0.164773	-0.738675	-9.129238	-4.063140	13.616900	0.958087	8.541090	-14.663200	1.164830	0.000000	0.000000	-0.000000	0.691258	13.790800	-0.164798	9.065170	-10.716700	1.827550	0.000001	0.000000	-0.000000	0.000000	-0.000000	-0.000045	0.000000	0.000000	0.000000	57.948200	5.443110	10.401600	72.840202	-14.745100	49.745098	-0.000000	0.000000	0.000001	0.000000	0.000000	0.000000	-57.039700	-13.464900	15.966300	-75.047897	15.300200	54.948799	0.000001	0.000000	0.000000	-0.091812	-0.996687	-0.001597	-0.000000	-0.000000	-0.000000
-0.186232	-0.935290	-9.574808	-4.624880	13.950500	1.117260	10.161000	-15.186500	1.490610	-0.000000	0.000000	0.000000	0.899072	13.251400	-0.206114	8.797850	-9.117610	1.547160	0.000000	0.000000	0.000000	-0.000002	-0.000000	-0.000106	0.000000	0.000000	0.000000	52.412201	10.135900	14.988800	57.988098	-17.456301	33.996700	0.000000	-0.000000	0.000000	0.000000	0.000000	0.000000	-53.180901	-12.286900	16.793501	-59.818600	16.747700	35.328701	-0.000000	0.000000	0.000001	-0.174916	-1.339700	-0.004090	0.000000	0.000000	0.000000
-0.409553	-1.383049	-9.803880	-4.383370	14.566400	1.104440	9.752400	-15.123000	1.441710	0.000000	-0.000000	-0.000000	1.466370	14.378200	-0.364214	7.563480	-11.041300	1.734290	-0.000001	-0.000000	0.000000	-0.000000	-0.000000	-0.000021	0.000000	0.000000	0.000000	49.068199	13.738800	18.964800	43.098099	-19.897600	24.436701	0.000000	-0.000000	0.000001	0.000000	0.000000	0.000000	-49.032501	-11.052000	17.656300	-48.811901	15.896700	25.396700	0.000000	-0.000000	-0.000001	-0.305638	-1.362490	-0.007267	0.000000	-0.000000	-0.000000
-0.117419	-1.694220	-10.374100	-4.400890	16.263300	1.234710	8.871550	-18.368999	1.467380	-0.000000	-0.000000	0.000000	-0.735052	14.919200	0.189242	12.005100	-11.332500	2.247520	-0.000000	-0.000000	0.000000	0.000000	-0.000000	-0.000009	0.000000	0.000000	0.000000	43.271702	16.345400	24.247499	33.886002	-21.490000	19.818899	-0.000001	0.000000	0.000001	0.000000	0.000000	0.000000	-43.004200	-9.841780	19.455700	-43.283199	13.970800	20.542400	0.000000	-0.000000	0.000000	-0.367152	-0.957676	-0.006136	-0.000000	-0.000000	0.000002
-0.350107	-1.664790	-10.285600	-4.435460	16.140400	1.235290	9.574060	-17.898300	1.637320	0.000000	-0.000000	-0.000000	0.168428	14.014500	-0.040794	10.569900	-8.563620	1.616800	-0.000000	-0.000000	0.000000	-0.000000	-0.000000	0.000029	0.000000	0.000000	0.000000	42.105099	18.283300	26.611700	24.588499	-19.969200	14.489500	-0.000000	0.000000	-0.000000	0.000000	0.000000	0.000000	-39.275200	-7.384770	18.780300	-42.726299	10.657100	17.615000	0.000000	-0.000000	-0.000000	-0.360922	-1.020170	-0.006424	0.000000	0.000000	0.000000
-0.566840	-1.850350	-10.471199	-3.829520	16.507099	1.089580	8.577780	-17.454300	1.474920	-0.000000	-0.000000	0.000000	0.610751	14.755900	-0.155571	10.251600	-9.289070	1.770730	0.000000	0.000000	0.000000	-0.000001	-0.000000	-0.000013	0.000000	0.000000	0.000000	40.915401	19.614201	28.566401	20.158100	-19.444599	12.370400	0.000000	-0.000000	0.000000	0.000000	0.000000	0.000000	-37.452900	-6.480120	18.667700	-43.711498	8.461130	16.204599	0.000000	0.000000	0.000001	-0.193420	-1.300660	-0.004390	0.000000	-0.000000	-0.000000
-0.417753	-1.885972	-10.035501	-3.984430	17.120701	1.174680	9.240610	-19.132700	1.785500	0.000000	0.000000	0.000001	1.314990	15.330000	-0.347721	8.594000	-10.540900	1.821600	0.000000	0.000000	-0.000000	0.000001	0.000000	0.000015	0.000000	0.000000	0.000000	40.416901	18.697001	28.159300	20.149200	-18.001699	11.880500	-0.000001	0.000001	-0.000000	0.000000	0.000000	0.000000	-38.934101	-7.722360	19.332800	-41.929600	12.712000	18.869301	0.000000	0.000000	0.000000	-0.155768	-1.347520	-0.003661	0.000000	0.000000	0.000001
-0.237005	-2.269710	-9.953809	-3.855740	16.455900	1.093750	8.609380	-16.787399	1.421840	-0.000000	0.000000	0.000000	0.707125	15.655000	-0.190834	9.770200	-10.911600	1.999770	0.000000	-0.000000	-0.000000	-0.000000	0.000000	0.000084	0.000000	0.000000	0.000000	41.404999	18.942200	27.618999	21.911800	-20.886400	13.594200	0.000000	0.000000	-0.000001	0.000000	0.000000	0.000000	-41.556000	-8.548760	18.877600	-43.600601	12.191800	19.288601	-0.000000	-0.000000	-0.000001	-0.049960	-1.447740	-0.001261	0.000000	0.000000	-0.000001
-0.094781	-2.018140	-10.054300	-4.511750	16.317400	1.270020	9.336470	-16.650400	1.437980	-0.000000	0.000000	0.000001	0.035147	15.648700	-0.009493	10.906900	-10.702200	2.055920	-0.000000	-0.000000	0.000000	-0.000001	-0.000000	0.000038	0.000000	0.000000	0.000000	43.232601	16.940399	24.744699	30.665899	-19.950199	17.333300	-0.000000	0.000000	0.000001	0.000000	0.000000	0.000000	-43.885700	-11.133800	20.205099	-46.845901	15.016100	23.447201	-0.000000	-0.000000	-0.000000	-0.328359	-1.418360	-0.008127	0.000000	-0.000000	0.000000
-0.281420	-1.876552	-10.204700	-4.110300	16.017300	1.135940	9.630700	-17.240601	1.688590	0.000000	0.000000	0.000000	0.581905	14.531400	-0.146020	10.653400	-9.291910	1.833980	-0.000000	0.000000	-0.000000	-0.000001	-0.000000	-0.000059	0.000000	0.000000	0.000000	46.669201	15.019300	21.178801	40.416100	-21.424200	23.705700	-0.000000	-0.000000	0.000000	0.000000	0.000000	0.000000	-46.276402	-13.364900	20.885300	-52.797298	15.842700	28.352501	0.000000	-0.000000	0.000000	-0.195525	-1.470440	-0.005017	0.000000	-0.000000	0.000001
-0.409723	-2.292613	-10.184008	-3.419310	16.040400	0.945833	7.003410	-15.896800	1.019540	0.000000	-0.000000	0.000000	1.448390	15.285400	-0.381918	7.516450	-11.044000	1.720910	-0.000000	0.000000	0.000000	0.000000	0.000000	-0.000059	0.000000	0.000000	0.000000	50.032700	13.344900	18.225100	55.615898	-22.246099	36.231300	-0.000000	-0.000000	-0.000000	0.000000	0.000000	0.000000	-49.825500	-15.913900	20.934601	-60.989399	14.708400	34.615601	0.000000	0.000000	-0.000001	-0.258632	-1.702630	-0.007684	-0.000000	-0.000000	-0.000000
-0.349056	-2.328880	-10.437700	-3.315450	16.678499	0.952498	7.080050	-16.999901	1.143110	-0.000000	-0.000000	-0.000000	0.514556	16.090300	-0.142625	10.129200	-11.968700	2.227580	-0.000000	-0.000000	0.000000	-0.000001	-0.000000	0.000046	0.000000	0.000000	0.000000	54.908100	11.297500	14.855200	70.082603	-21.088699	52.672600	0.000000	0.000001	0.000000	0.000000	0.000000	0.000000	-53.553799	-18.601801	20.716499	-68.951797	13.194500	42.720501	0.000001	0.000000	-0.000001	0.056120	-1.648770	0.001617	-0.000000	-0.000000	-0.000001
0.194929	-2.149400	-10.119799	-4.331270	15.884100	1.187510	7.984440	-16.351101	1.076580	-0.000000	0.000000	0.000001	0.406620	15.034700	-0.105495	8.648080	-10.302700	1.630050	0.000001	0.000000	-0.000000	-0.000002	-0.000000	-0.000056	0.000000	0.000000	0.000000	59.696701	7.822290	11.359900	83.440697	-19.603600	76.077797	-0.000001	0.000000	-0.000000	0.000000	0.000000	0.000000	-57.703899	-21.425501	20.045401	-80.047699	11.256400	62.646801	-0.000000	0.000000	-0.000001	-0.174963	-1.661520	-0.005072	-0.000000	0.000000	0.000000
0.342032	-2.229930	-9.400723	-4.884770	15.990500	1.348650	8.538870	-16.969700	1.123350	0.000000	-0.000000	0.000000	0.449899	14.875900	-0.115515	7.948830	-9.878230	1.448310	0.000001	0.000000	-0.000001	0.000002	0.000000	-0.000046	0.000000	0.000000	0.000000	63.175598	1.318280	7.354200	95.806602	-16.733200	104.487000	0.000000	-0.000000	-0.000001	0.000000	0.000000	0.000000	-61.487900	-24.899200	19.548300	-89.522003	10.671800	93.493500	-0.000000	-0.000001	0.000000	-0.207376	-1.441570	-0.005217	0.000000	-0.000000	0.000000
0.411289	-2.093540	-8.536320	-4.867930	15.281600	1.285870	8.988510	-16.107500	1.193160	-0.000000	0.000000	-0.000000	-0.001689	15.251700	0.000427	9.444020	-11.792500	1.946650	-0.000000	0.000000	0.000001	-0.000001	-0.000000	0.000077	0.000000	0.000000	0.000000	67.746201	-3.969860	4.820370	104.986000	-15.034400	125.549004	0.000000	-0.000000	0.000001	0.000000	0.000000	0.000000	-65.325104	-28.781000	18.773800	-98.478798	9.257840	124.857002	-0.000000	-0.000000	-0.000000	-0.054397	-1.438610	-0.001364	-0.000000	0.000000	-0.000000
0.355993	-1.645860	-8.508980	-5.167240	13.835800	1.238850	9.635220	-14.415000	1.152040	0.000000	-0.000000	0.000000	1.706760	13.877800	-0.409494	4.788090	-10.053600	1.129730	0.000000	0.000000	-0.000000	0.000002	0.000000	0.000037	0.000000	0.000000	0.000000	71.316002	-8.435910	3.395490	113.028000	-12.543800	141.438004	0.000000	0.000000	0.000001	0.000000	0.000000	0.000000	-68.546501	-31.141399	17.591299	-106.663002	4.308190	151.932999	-0.000000	-0.000000	0.000001	0.348184	-1.343530	0.008165	-0.000000	0.000000	0.000001
0.382277	-2.848230	-6.998670	-4.589730	16.022699	1.269340	7.543090	-15.908000	0.859271	0.000000	-0.000000	0.000000	0.640030	15.507800	-0.171147	7.144750	-10.314900	1.398050	-0.000001	-0.000000	0.000000	-0.000002	-0.000001	0.000022	0.000000	0.000000	0.000000	69.554199	-17.155800	-0.207386	120.380997	-11.760000	150.147003	-0.000000	0.000000	-0.000001	0.000000	0.000000	0.000000	-68.449898	-35.217400	18.607800	-113.735001	1.129720	165.720993	-0.000000	-0.000000	-0.000002	0.717329	-1.919480	0.024030	-0.000000	0.000000	0.000000
0.381405	-1.887330	-6.970150	-4.799690	14.601200	1.212590	7.954770	-15.769800	0.900625	0.000000	-0.000000	0.000000	0.528222	14.226500	-0.129828	7.280850	-9.812050	1.336050	0.000001	-0.000000	0.000000	0.000000	-0.000000	-0.000002	0.000000	0.000000	0.000000	69.077797	-19.382299	-1.212560	124.251999	-10.979800	154.320007	0.000000	-0.000000	0.000000	0.000000	0.000000	0.000000	-68.828499	-38.938599	19.211201	-118.792999	-1.084500	171.820007	-0.000000	-0.000000	0.000001	0.943550	-1.364850	0.022476	-0.000000	0.000000	0.000000
0.348808	-1.767100	-6.908051	-4.811180	14.006300	1.167020	8.219820	-14.725800	0.903989	0.000000	0.000000	0.000000	-0.010668	14.706700	0.002699	8.809920	-11.620600	1.786000	0.000000	0.000000	0.000000	0.000002	0.000000	-0.000062	0.000000	0.000000	0.000000	68.392502	-21.920900	-2.482370	127.360001	-10.656200	156.882004	-0.000000	0.000000	0.000000	0.000000	0.000000	0.000000	-64.423401	-39.456699	22.429199	-124.281998	-3.069440	175.589005	0.000000	-0.000000	0.000000	1.075770	-1.416060	0.026589	-0.000000	0.000000	-0.000000
0.384143	-2.155140	-6.064082	-4.765970	15.268400	1.257770	8.094040	-16.897800	1.017530	0.000000	-0.000000	-0.000000	0.003982	15.903600	-0.001102	8.832770	-12.913500	1.989820	0.000000	0.000000	0.000000	-0.000000	0.000000	-0.000096	0.000000	0.000000	0.000000	66.079697	-24.811399	-4.657450	129.686005	-12.197000	156.671005	-0.000002	-0.000000	0.000000	0.000000	0.000000	0.000000	-60.707901	-36.950901	24.303499	-126.974998	-5.105770	178.121002	0.000000	0.000000	0.000001	1.068780	-1.559540	0.029092	0.000000	0.000000	0.000000
