-0.772198	0.498220	-13.832900	-1.845190	11.056300	0.353961	7.165900	-12.030100	1.119250	-0.000000	-0.000000	0.000000	4.831190	9.389800	-0.790044	1.830810	-7.184220	0.828651	0.000000	0.000000	0.000000	-0.000001	-0.000000	0.000044	0.000000	0.000000	0.000000	36.011398	28.688499	40.032700	43.515701	-30.824900	31.894400	0.000000	-0.000000	-0.000002	0.000000	0.000000	0.000000	-37.119598	-3.447120	15.130100	-69.472504	16.407000	45.669399	0.000000	-0.000001	-0.000000	-0.205353	-0.142964	-0.000512	0.000000	-0.000000	0.000000
-0.865486	-0.878223	-13.614000	-1.689780	12.472000	0.365020	5.508580	-12.267500	0.821072	0.000000	-0.000000	0.000000	4.539710	11.396600	-0.898858	1.578040	-9.136270	0.960617	0.000000	-0.000000	0.000000	0.000001	0.000000	-0.000020	0.000000	0.000000	0.000000	37.195999	28.472500	38.699799	43.622700	-30.825300	31.923201	-0.000000	-0.000000	-0.000002	0.000000	0.000000	0.000000	-38.680901	-4.685030	16.044701	-71.736198	16.387300	49.350899	0.000000	0.000001	-0.000001	0.072983	-0.571464	0.000730	0.000000	-0.000000	0.000000
-1.086840	-0.943479	-13.581200	-1.592890	13.307100	0.366712	6.209720	-13.505500	1.090490	0.000000	-0.000000	-0.000000	4.438580	11.113100	-0.857180	2.733330	-6.435560	0.798556	0.000000	0.000000	-0.000000	0.000000	-0.000000	-0.000051	0.000000	0.000000	0.000000	37.827702	28.311800	37.994099	49.620201	-34.203899	39.324200	-0.000000	0.000000	-0.000001	0.000000	0.000000	0.000000	-41.775200	-7.394770	17.731701	-71.815498	19.422100	53.002602	0.000000	-0.000000	-0.000000	0.020197	-0.688393	0.000243	-0.000000	0.000000	-0.000001
-1.082220	-1.232380	-13.510000	-1.494290	12.850600	0.332404	5.460720	-11.376400	0.791021	0.000000	-0.000000	-0.000000	4.231630	12.196800	-0.895588	3.020950	-8.673940	1.084870	0.000000	-0.000000	-0.000000	-0.000001	-0.000000	-0.000024	0.000000	0.000000	0.000000	40.482201	26.664900	34.469299	58.752300	-34.629902	49.064899	-0.000000	0.000000	-0.000000	0.000000	0.000000	0.000000	-45.978600	-10.876400	19.085501	-74.453201	21.364500	59.413101	0.000000	-0.000001	0.000002	-0.176358	-0.520604	-0.001600	-0.000000	-0.000000	0.000000
-1.575290	-1.917230	-13.722704	-0.406221	14.875800	0.104275	3.746880	-14.468600	0.838975	0.000000	0.000000	-0.000000	4.032930	12.738400	-0.890672	4.437500	-8.082410	1.185220	-0.000001	-0.000000	-0.000000	0.000001	0.000000	0.000020	0.000000	0.000000	0.000000	46.309101	23.163200	27.496000	68.887100	-29.517500	58.352299	-0.000001	0.000000	-0.000002	0.000000	0.000000	0.000000	-48.326900	-14.621700	20.972601	-80.168297	18.718500	68.567200	0.000001	-0.000002	-0.000000	-0.199865	-0.761537	-0.002656	-0.000000	0.000000	-0.000001
-1.860540	-1.988599	-13.612500	-0.159488	14.211000	0.039139	3.878220	-12.115700	0.782601	-0.000000	0.000000	0.000000	5.847640	12.657300	-1.285590	0.728005	-7.483720	0.841354	0.000000	-0.000000	0.000000	-0.000001	-0.000000	-0.000028	0.000000	0.000000	0.000000	52.807800	17.091900	19.572500	81.813103	-22.687901	75.203102	-0.000000	0.000000	-0.000000	0.000000	0.000000	0.000000	-48.868698	-17.977301	23.147800	-88.879997	14.055900	88.764999	-0.000000	0.000002	-0.000000	0.093491	-0.725632	0.001183	0.000000	0.000000	-0.000000
-1.977530	-1.857950	-13.210700	-0.447972	13.460100	0.104262	5.340890	-10.729200	0.915364	-0.000000	0.000000	0.000000	6.193650	12.507600	-1.346360	0.519830	-7.407040	0.850133	0.000000	-0.000000	0.000000	-0.000000	-0.000000	0.000038	0.000000	0.000000	0.000000	60.157200	9.997470	12.502700	92.850899	-19.209499	97.628098	0.000000	0.000001	0.000000	0.000000	0.000000	0.000000	-51.997700	-23.127001	24.531799	-95.869904	9.489590	114.555000	-0.000000	-0.000000	0.000000	0.160438	-0.831393	0.002328	-0.000000	-0.000000	0.000000
-2.070830	-1.835309	-12.607095	-0.247730	13.457800	0.057643	5.382690	-11.286100	1.008900	-0.000000	0.000000	0.000000	6.447080	11.983700	-1.344070	-0.151979	-6.504460	0.699794	-0.000000	-0.000000	0.000000	-0.000000	-0.000000	-0.000027	0.000000	0.000000	0.000000	65.328400	1.717890	7.382340	103.793999	-19.110800	119.214996	0.000000	-0.000000	0.000000	0.000000	0.000000	0.000000	-57.195900	-31.351299	25.179701	-101.349998	6.322560	137.811996	0.000000	-0.000000	-0.000001	0.171781	-0.962768	0.002888	-0.000000	-0.000000	-0.000001
-1.623130	-2.323520	-11.320700	-0.751418	13.117500	0.170533	5.095210	-10.021200	0.760719	0.000000	0.000000	-0.000000	6.014340	11.973900	-1.252190	0.046179	-6.032250	0.625302	-0.000000	0.000000	0.000000	0.000001	0.000000	0.000056	0.000000	0.000000	0.000000	66.947502	-7.422440	3.241630	113.634003	-21.069401	131.817993	0.000000	-0.000000	-0.000001	0.000000	0.000000	0.000000	-60.918900	-34.689201	23.809500	-106.931000	-3.825230	173.858002	-0.000000	0.000000	-0.000001	0.372405	-1.198780	0.007792	0.000000	-0.000000	0.000001
-1.228120	-2.930260	-9.136760	-1.872830	13.769400	0.445901	5.434050	-10.575500	0.664336	0.000000	0.000000	0.000000	5.998970	14.044100	-1.460810	-2.355360	-9.705690	0.584632	-0.000000	-0.000000	-0.000000	-0.000001	0.000000	-0.000041	0.000000	0.000000	0.000000	66.247902	-18.938900	-2.080340	118.958000	-23.012600	135.789993	0.000001	-0.000000	0.000000	0.000000	0.000000	0.000000	-65.699699	-36.785999	21.023001	-111.305000	-13.318300	-163.936996	-0.000001	-0.000000	0.000001	0.294179	-1.548540	0.007951	0.000000	-0.000000	0.000000
-0.992767	-2.037591	-8.236351	-2.233400	12.621100	0.488226	5.808630	-11.528700	0.726274	-0.000000	0.000000	0.000000	5.697340	12.311600	-1.218680	-2.167040	-7.597930	0.449923	0.000000	0.000000	0.000000	-0.000002	-0.000001	-0.000052	0.000000	0.000000	0.000000	66.626999	-27.656300	-5.751350	122.286003	-24.476999	137.835999	-0.000000	-0.000000	-0.000000	0.000000	0.000000	0.000000	-66.815498	-41.533901	21.345301	-115.067001	-19.083799	-156.802994	0.000001	0.000000	0.000000	-0.108264	-1.190590	-0.002250	-0.000000	-0.000000	-0.000000
-0.966401	-1.620430	-8.001600	-2.821740	11.844700	0.579632	7.003410	-12.006600	0.883951	0.000000	-0.000000	0.000000	4.763530	11.583400	-0.958618	-0.060150	-6.931010	0.557032	0.000000	-0.000000	0.000000	0.000002	0.000000	-0.000005	0.000000	0.000000	0.000000	66.685204	-32.333199	-7.696730	123.084999	-24.517099	138.503998	-0.000000	0.000000	-0.000000	0.000000	0.000000	0.000000	-66.566803	-42.802101	21.789499	-118.851997	-22.785000	-155.158005	0.000000	-0.000001	-0.000001	-0.251720	-1.228820	-0.005396	-0.000000	-0.000000	-0.000001
-0.873049	-1.670960	-8.721542	-3.760110	11.518000	0.751825	8.484650	-10.989600	0.917183	0.000000	-0.000000	-0.000000	4.941010	11.282800	-0.969040	-1.585530	-5.994190	0.340779	0.000000	-0.000000	0.000000	-0.000002	-0.000000	0.000086	0.000000	0.000000	0.000000	66.218697	-31.499100	-7.662110	124.196999	-25.169399	139.160995	0.000000	0.000000	0.000000	0.000000	0.000000	0.000000	-65.573799	-42.736698	22.564301	-120.849998	-24.181499	-155.292007	0.000001	-0.000000	-0.000000	0.140014	-1.067090	0.002609	0.000000	-0.000000	-0.000001
-0.848612	-1.792220	-9.110788	-3.527610	11.625100	0.711687	6.707160	-10.023300	0.566605	-0.000000	0.000000	0.000000	5.238070	12.175000	-1.107660	-3.183990	-8.424090	0.283728	0.000000	0.000000	0.000000	0.000000	0.000000	0.000027	0.000000	0.000000	0.000000	66.099197	-28.444000	-6.416560	124.420998	-23.474800	140.921997	0.000000	0.000000	-0.000000	0.000000	0.000000	0.000000	-67.196999	-42.380299	21.302700	-119.117996	-20.437799	-158.501999	0.000001	0.000000	-0.000000	0.133940	-1.211080	0.002830	-0.000000	0.000000	-0.000001
-0.809403	-1.934530	-9.135354	-4.045640	11.503500	0.808096	8.373410	-9.679320	0.742764	0.000000	0.000000	0.000000	4.137570	12.295900	-0.882617	-0.167820	-8.177410	0.551961	0.000000	0.000000	0.000000	0.000002	0.000001	0.000067	0.000000	0.000000	0.000000	67.476196	-22.262899	-3.072740	123.106003	-22.281200	140.904007	0.000001	0.000000	0.000000	0.000000	0.000000	0.000000	-68.592903	-40.948700	19.984301	-117.397003	-15.107000	-165.026993	0.000001	0.000000	-0.000000	0.133488	-1.233890	0.002877	-0.000000	0.000000	-0.000001
-0.708172	-1.102610	-9.275946	-4.159590	10.880200	0.786469	8.109490	-9.975520	0.698329	0.000000	0.000000	0.000001	4.497520	11.673000	-0.911776	-1.745920	-8.499000	0.393174	-0.000000	-0.000000	0.000000	-0.000000	-0.000000	0.000029	0.000000	0.000000	0.000000	66.447502	-15.957400	-0.607320	120.240997	-19.204599	141.145996	0.000000	-0.000000	0.000000	0.000000	0.000000	0.000000	-69.356400	-35.583199	18.281300	-115.582001	-9.743120	-173.591003	-0.000000	-0.000000	-0.000000	0.194545	-1.077220	0.003658	-0.000000	-0.000000	0.000001
-0.792700	-1.734030	-8.894000	-3.993080	11.751500	0.814515	7.856150	-10.565200	0.724795	0.000000	0.000000	-0.000000	3.979360	11.637200	-0.803946	-0.019888	-6.634130	0.448650	0.000000	0.000000	0.000000	-0.000002	-0.000000	-0.000074	0.000000	0.000000	0.000000	64.316101	-10.684100	1.426990	114.260002	-16.334299	137.582993	-0.000000	0.000000	0.000000	0.000000	0.000000	0.000000	-68.001602	-26.610701	16.650000	-112.786003	-4.393720	175.244995	-0.000000	0.000000	-0.000000	-0.022026	-1.352040	-0.000519	-0.000000	0.000000	-0.000001
-0.624184	-2.374740	-8.735961	-4.043750	12.760300	0.894553	7.601050	-11.115500	0.706021	0.000000	-0.000000	0.000000	3.773840	13.026400	-0.851804	0.224417	-7.782630	0.529065	0.000000	0.000000	-0.000001	-0.000002	-0.000001	0.000037	0.000000	0.000000	0.000000	60.525799	-2.609160	5.418800	107.875999	-16.779900	128.628998	-0.000000	0.000000	0.000001	0.000000	0.000000	0.000000	-66.195702	-21.131599	15.701800	-107.186996	3.349950	152.606995	0.000000	0.000000	0.000000	0.004928	-1.492030	0.000129	0.000000	-0.000000	-0.000000
-0.446455	-1.844270	-8.672481	-3.976360	13.182800	0.908212	7.380320	-12.976000	0.788849	0.000000	-0.000000	-0.000000	2.624540	12.161500	-0.553291	2.931360	-5.807590	0.557927	-0.000000	0.000000	-0.000001	-0.000002	-0.000000	-0.000017	0.000000	0.000000	0.000000	54.221901	3.310460	9.756890	99.071098	-15.091300	114.121002	-0.000000	-0.000000	-0.000000	0.000000	0.000000	0.000000	-60.180698	-13.874100	15.027000	-101.089996	8.275240	128.712006	-0.000000	0.000000	-0.000000	0.147468	-0.914382	0.002355	-0.000000	0.000000	-0.000000
-0.726996	-1.656510	-9.698096	-3.828560	12.738600	0.845398	7.334490	-12.638100	0.788718	0.000000	0.000000	-0.000000	2.660980	11.600100	-0.535448	3.020520	-5.214090	0.513020	-0.000000	-0.000000	0.000000	-0.000002	-0.000001	-0.000045	0.000000	0.000000	0.000000	50.659901	10.992500	16.297300	85.597504	-17.998899	81.025101	-0.000000	0.000001	0.000000	0.000000	0.000000	0.000000	-56.877499	-10.348200	14.230200	-89.108101	13.734500	87.459000	0.000001	-0.000002	-0.000000	-0.091350	-0.966471	-0.001540	-0.000000	-0.000000	-0.000000
-0.423332	-0.510079	-10.597596	-4.236260	11.272700	0.829543	7.622210	-12.074600	0.726276	0.000000	-0.000000	-0.000001	2.434600	9.950650	-0.420954	3.283370	-4.697240	0.466770	-0.000000	-0.000000	0.000000	0.000000	-0.000000	-0.000011	0.000000	0.000000	0.000000	46.198299	17.387501	23.335800	71.703697	-22.355600	57.093601	0.000000	-0.000000	-0.000001	0.000000	0.000000	0.000000	-51.937302	-6.741570	13.327400	-81.370399	13.593800	65.228302	0.000000	0.000000	0.000000	-0.098179	-0.805825	-0.001380	-0.000000	-0.000000	-0.000002
-0.395315	0.390498	-10.481096	-3.443630	9.680120	0.579707	5.301410	-10.799200	0.357423	0.000000	-0.000000	-0.000000	2.544550	8.874310	-0.392801	2.807780	-5.904240	0.549006	-0.000000	-0.000000	-0.000000	-0.000000	0.000000	0.000084	0.000000	0.000000	0.000000	42.008099	20.454300	28.514700	62.920101	-26.773399	48.615501	0.000000	0.000000	-0.000000	0.000000	0.000000	0.000000	-50.472900	-4.547990	11.997100	-70.886398	14.982800	46.020000	0.000000	0.000002	-0.000001	-0.177068	-0.562318	-0.001738	0.000000	0.000000	-0.000001
-0.429469	0.473970	-10.186101	-3.538870	10.645800	0.654554	6.678590	-14.072000	0.778998	0.000000	-0.000000	-0.000000	2.843550	8.795540	-0.435161	2.949370	-5.978710	0.601911	0.000000	0.000000	-0.000001	0.000002	0.000000	-0.000070	0.000000	0.000000	0.000000	38.766102	22.651400	32.780300	56.435699	-30.666901	43.992199	-0.000000	-0.000000	-0.000000	0.000000	0.000000	0.000000	-45.609200	-1.123460	9.997260	-70.097801	9.123250	35.995098	0.000000	-0.000000	-0.000001	-0.314764	-0.528899	-0.002904	-0.000000	-0.000000	-0.000001
-0.524045	0.636023	-9.354408	-3.114770	10.212900	0.552788	6.273560	-13.829000	0.767606	-0.000000	-0.000000	-0.000000	2.593860	8.770240	-0.395762	4.257790	-6.126700	0.731445	-0.000000	-0.000000	-0.000001	0.000000	0.000000	0.000092	0.000000	0.000000	0.000000	37.378601	22.583500	33.864101	50.760300	-30.438400	38.036400	-0.000000	-0.000000	-0.000001	0.000000	0.000000	0.000000	-43.063400	0.872025	8.350050	-69.320900	6.083030	29.490601	-0.000001	0.000000	-0.000000	-0.404935	-0.473572	-0.003347	0.000000	0.000000	0.000002
-0.163414	-0.119101	-9.307820	-3.535360	10.611600	0.651829	4.688060	-12.725900	0.267310	0.000000	-0.000000	-0.000000	3.140970	9.532410	-0.520678	0.505812	-6.486360	0.407599	0.000000	0.000000	-0.000000	0.000002	0.000000	-0.000091	0.000000	0.000000	0.000000	36.566799	22.331900	34.360600	49.491100	-29.700300	36.246201	-0.000000	-0.000000	0.000001	0.000000	0.000000	0.000000	-42.854698	0.559646	8.736370	-69.802399	5.699140	29.490601	0.000000	0.000001	-0.000001	0.003630	-0.791267	0.000049	0.000000	0.000000	0.000000
0.000825	-0.516479	-9.656170	-4.344620	11.767200	0.887642	6.168020	-13.841400	0.458278	0.000000	-0.000000	-0.000000	2.014930	9.935520	-0.347807	2.032900	-5.558600	0.389800	0.000000	0.000000	-0.000000	0.000000	-0.000000	-0.000042	0.000000	0.000000	0.000000	34.825298	23.566401	36.991402	53.699699	-36.050499	44.243599	0.000000	0.000000	0.000001	0.000000	0.000000	0.000000	-45.879101	-2.471800	11.276700	-68.792603	10.896000	37.452000	0.000000	-0.000001	0.000001	0.055192	-1.009550	0.000974	0.000000	-0.000000	-0.000001
-0.132893	-0.157732	-9.171510	-4.146180	10.371400	0.747684	7.407760	-12.266300	0.708130	0.000000	-0.000000	-0.000000	3.582940	9.149830	-0.570481	-0.280235	-5.922740	0.336452	0.000000	0.000000	-0.000000	-0.000000	-0.000000	-0.000036	0.000000	0.000000	0.000000	38.784801	20.891899	31.285299	59.134701	-31.543800	47.438301	-0.000000	-0.000000	-0.000000	0.000000	0.000000	0.000000	-47.028000	-3.336180	11.815000	-74.882004	10.060900	45.829300	-0.000000	-0.000000	0.000000	-0.035424	-0.701319	-0.000432	-0.000000	-0.000000	-0.000001
0.041887	-0.314638	-8.466273	-4.135590	9.894980	0.711860	6.971490	-10.900700	0.548405	-0.000000	0.000000	0.000000	3.435150	9.298290	-0.555690	0.704254	-5.304310	0.379137	-0.000000	-0.000000	-0.000000	-0.000000	0.000000	0.000092	0.000000	0.000000	0.000000	43.407101	17.103701	24.775600	70.990196	-28.364901	60.557800	-0.000000	0.000001	0.000001	0.000000	0.000000	0.000000	-51.699100	-4.801180	11.890200	-81.836899	8.263000	59.369999	-0.000001	-0.000000	0.000001	-0.054334	-0.675631	-0.000640	-0.000000	0.000000	-0.000000
0.164623	-0.212550	-8.279230	-4.605710	8.763170	0.703154	7.474680	-8.981010	0.456671	0.000000	-0.000000	-0.000000	2.856160	9.623480	-0.477867	1.001790	-6.947320	0.462460	-0.000000	-0.000000	-0.000000	0.000000	-0.000000	-0.000084	0.000000	0.000000	0.000000	49.455200	11.463100	17.155800	83.212997	-22.623100	78.016602	0.000000	-0.000001	-0.000000	0.000000	0.000000	0.000000	-56.059502	-8.362200	13.228700	-91.674004	4.696670	98.048599	-0.000000	-0.000001	0.000000	-0.143699	-0.601096	-0.001508	0.000000	-0.000000	-0.000000
-0.009353	-1.225870	-8.276618	-4.396250	10.664900	0.815124	7.200210	-11.311600	0.565374	0.000000	0.000000	0.000001	2.612740	10.682900	-0.484669	1.785710	-7.227050	0.548678	-0.000000	-0.000000	0.000000	-0.000000	-0.000000	0.000026	0.000000	0.000000	0.000000	56.752800	5.056950	10.464500	94.299004	-20.266001	100.472000	-0.000000	-0.000001	0.000000	0.000000	0.000000	0.000000	-62.238400	-15.317400	14.957900	-97.909897	3.639050	130.610992	0.000000	0.000000	0.000001	-0.298031	-0.887602	-0.004616	-0.000000	-0.000000	0.000001
-0.022207	-1.495160	-7.680310	-4.072860	11.196400	0.792108	6.756390	-11.700100	0.560366	0.000000	0.000000	0.000000	2.399180	11.712800	-0.487332	2.781930	-9.074770	0.811422	-0.000000	-0.000000	-0.000001	0.000000	-0.000000	0.000037	0.000000	0.000000	0.000000	63.657398	-5.066980	4.229550	103.150002	-17.962601	118.606003	0.000000	0.000000	0.000002	0.000000	0.000000	0.000000	-68.185699	-22.409500	15.206900	-103.237000	0.853350	154.240005	0.000000	0.000000	0.000000	-0.091620	-0.996735	-0.001593	0.000000	-0.000000	-0.000000
0.207973	-0.949571	-7.457110	-4.128570	10.839000	0.777665	7.212900	-13.073500	0.715065	-0.000000	0.000000	-0.000000	3.427490	11.416700	-0.679239	0.156296	-10.037500	0.613551	-0.000000	-0.000000	0.000000	0.000000	-0.000000	0.000014	0.000000	0.000000	0.000000	67.361801	-14.164200	0.524172	111.646004	-18.477501	131.261993	0.000000	0.000001	-0.000001	0.000000	0.000000	0.000000	-73.899399	-27.658899	13.812700	-110.343002	-7.441590	-177.432999	0.000000	0.000000	-0.000000	0.041365	-0.886418	0.000639	-0.000000	-0.000000	-0.000000
-0.178928	-1.233320	-7.687169	-3.767300	10.778600	0.705510	6.426390	-12.063300	0.570066	0.000000	0.000000	0.000000	3.669140	11.094000	-0.706957	-0.401628	-8.768380	0.488140	0.000000	0.000000	0.000000	-0.000000	0.000000	0.000006	0.000000	0.000000	0.000000	72.429604	-23.000000	-1.275400	113.964996	-20.144699	131.988998	0.000000	-0.000000	0.000000	0.000000	0.000000	0.000000	-76.277901	-33.861401	13.622000	-114.330002	-14.444900	-164.291000	0.000001	0.000000	-0.000000	0.165890	-0.903000	0.002616	-0.000000	0.000000	-0.000001
-0.277944	-0.774388	-7.918500	-3.519000	9.783760	0.598706	6.051440	-10.319900	0.463165	-0.000000	0.000000	0.000000	3.637720	11.068000	-0.699267	-0.031581	-9.715570	0.597878	0.000000	0.000000	0.000000	-0.000002	-0.000000	-0.000035	0.000000	0.000000	0.000000	74.595596	-28.420799	-2.042190	118.033997	-23.852800	133.470993	0.000000	0.000000	-0.000000	0.000000	0.000000	0.000000	-79.367401	-40.055000	12.423300	-114.893997	-20.371500	-154.811996	-0.000001	0.000000	-0.000000	0.270489	-1.468360	0.006932	0.000000	-0.000000	0.000001
0.050031	0.104806	-7.978685	-4.087650	8.189680	0.583252	7.559620	-9.437090	0.576836	-0.000000	-0.000000	-0.000000	3.952190	9.336930	-0.642203	-0.900342	-8.724560	0.455377	-0.000000	-0.000000	-0.000000	0.000000	0.000000	-0.000085	0.000000	0.000000	0.000000	75.703400	-32.563000	-2.640830	119.995003	-25.192200	134.501007	0.000000	-0.000000	-0.000000	0.000000	0.000000	0.000000	-84.436501	-44.703499	9.182160	-114.771004	-23.753401	-149.884995	0.000001	0.000000	0.000000	0.243485	-2.661160	0.011306	0.000000	-0.000000	0.000000
-0.309205	-0.385873	-7.987521	-4.251690	8.230800	0.609764	8.197290	-9.099120	0.631913	-0.000000	-0.000000	0.000000	4.173410	10.240600	-0.743239	-1.490320	-10.527100	0.478365	0.000000	0.000000	0.000000	0.000000	-0.000000	0.000046	0.000000	0.000000	0.000000	76.372704	-33.421101	-2.514170	120.903999	-27.853300	133.434998	-0.000001	-0.000000	-0.000000	0.000000	0.000000	0.000000	-83.200104	-44.997799	10.062300	-115.515999	-24.183800	-150.143997	0.000002	-0.000000	0.000000	-0.370695	-2.128110	-0.013764	0.000000	0.000000	-0.000000
-0.491959	-1.199120	-7.900610	-3.498740	9.642880	0.586760	6.562110	-8.764140	0.474765	-0.000000	-0.000000	0.000000	3.373760	12.056100	-0.705471	1.460300	-11.144100	0.921973	-0.000000	-0.000000	-0.000000	-0.000002	-0.000000	-0.000078	0.000000	0.000000	0.000000	75.687500	-33.225101	-2.857160	116.640999	-26.118799	129.511993	0.000000	0.000000	0.000000	0.000000	0.000000	0.000000	-79.395599	-40.216900	12.419200	-116.098000	-20.229799	-156.231995	0.000000	0.000000	0.000000	-0.153429	-1.383890	-0.003703	-0.000000	-0.000000	-0.000001
-0.424163	-1.522600	-7.816240	-3.813380	10.461300	0.693378	7.337700	-10.141800	0.632569	-0.000000	-0.000000	-0.000000	2.995710	12.440800	-0.645943	2.150410	-10.614900	0.937363	0.000000	0.000000	0.000000	0.000000	-0.000000	0.000072	0.000000	0.000000	0.000000	77.090500	-28.005301	-0.745050	112.087997	-22.693199	126.505997	0.000000	0.000000	-0.000000	0.000000	0.000000	0.000000	-82.433502	-35.455200	10.177400	-110.542999	-14.764700	-160.483002	-0.000001	-0.000001	0.000000	0.048064	-1.146400	0.000964	-0.000000	0.000000	-0.000001
-0.634401	-1.314120	-7.749330	-2.941160	11.008100	0.562078	5.479370	-11.849400	0.532677	0.000000	-0.000000	-0.000000	3.211860	11.962600	-0.666411	1.624200	-9.750480	0.809022	0.000000	0.000000	0.000000	-0.000000	-0.000000	0.000003	0.000000	0.000000	0.000000	72.708298	-21.658001	-0.728315	106.834999	-18.477699	122.445000	-0.000000	0.000000	0.000001	0.000000	0.000000	0.000000	-77.332298	-29.031200	12.316000	-107.319000	-5.247210	176.979004	0.000000	0.000000	0.000000	-0.197223	-0.943118	-0.003245	0.000000	0.000000	0.000000
-0.638015	-1.281050	-7.462000	-3.366710	10.243000	0.599336	7.087760	-9.598920	0.630338	-0.000000	-0.000000	-0.000000	4.051660	12.296000	-0.864236	0.327988	-10.705500	0.797721	0.000000	0.000000	0.000000	-0.000002	-0.000000	0.000067	0.000000	0.000000	0.000000	66.331398	-13.888400	0.383590	101.889000	-15.635600	116.556999	0.000000	-0.000000	-0.000002	0.000000	0.000000	0.000000	-69.795197	-21.281799	14.129300	-102.277000	3.357340	144.697998	0.000000	0.000000	-0.000000	-0.159756	-0.936020	-0.002608	-0.000000	0.000000	-0.000000
-0.366867	-0.939805	-7.557809	-3.560470	11.016300	0.681200	7.028450	-12.649200	0.774754	-0.000000	0.000000	-0.000000	3.728510	11.502700	-0.744535	0.309723	-9.197850	0.634496	-0.000000	0.000000	-0.000000	-0.000000	-0.000000	0.000058	0.000000	0.000000	0.000000	61.188400	-5.566950	3.837020	92.111298	-12.195400	94.750999	-0.000000	-0.000000	-0.000000	0.000000	0.000000	0.000000	-64.349403	-14.114000	13.629200	-93.262703	8.801470	103.858002	-0.000000	0.000002	-0.000000	-0.058385	-0.619093	-0.000630	-0.000000	-0.000000	0.000000
-0.030030	0.540761	-7.738372	-3.499010	8.687380	0.529135	6.169220	-11.458800	0.538857	0.000000	-0.000000	0.000000	2.758800	9.282160	-0.445329	2.096900	-8.241820	0.692498	0.000000	0.000000	-0.000000	-0.000000	0.000000	0.000046	0.000000	0.000000	0.000000	54.395500	3.523570	9.946090	81.174400	-11.955600	64.190399	-0.000000	-0.000000	-0.000000	0.000000	0.000000	0.000000	-57.189098	-6.757050	11.894700	-84.155701	11.266200	70.498497	0.000000	0.000001	-0.000001	0.065702	0.274848	-0.000315	-0.000000	0.000000	0.000001
-0.334734	0.726513	-7.876289	-3.473510	7.725570	0.467493	6.701060	-9.374850	0.531453	0.000000	0.000000	-0.000000	3.531170	8.864970	-0.544858	1.251010	-7.714330	0.637698	0.000000	0.000000	0.000000	-0.000000	0.000000	0.000010	0.000000	0.000000	0.000000	48.218700	10.989300	17.328501	69.690804	-17.084101	48.328800	-0.000000	-0.000000	0.000001	0.000000	0.000000	0.000000	-53.428799	-2.876830	10.054000	-72.741302	12.745600	45.873199	-0.000000	-0.000000	-0.000000	-0.287829	-0.105261	-0.000530	-0.000000	-0.000000	0.000001
-0.229209	0.876833	-8.056870	-3.304360	7.617230	0.438478	6.238400	-9.356180	0.482165	-0.000000	0.000000	0.000000	3.241170	9.234130	-0.520657	1.803770	-9.166980	0.799010	0.000000	-0.000000	-0.000000	0.000002	0.000000	-0.000061	0.000000	0.000000	0.000000	42.207699	16.167801	24.793501	60.351501	-23.258699	42.481701	0.000000	-0.000000	-0.000000	0.000000	0.000000	0.000000	-47.936001	0.021092	8.534090	-67.207199	9.328220	32.663300	-0.000000	0.000000	0.000001	0.047353	0.224062	-0.000185	0.000000	0.000000	0.000000
-0.077365	1.220600	-8.253550	-3.422810	7.478730	0.446023	6.192150	-10.493900	0.510094	-0.000000	-0.000000	0.000000	2.829200	7.406510	-0.365004	2.804270	-6.090820	0.597124	-0.000000	0.000000	0.000000	0.000000	-0.000000	-0.000016	0.000000	0.000000	0.000000	39.732700	18.347900	28.395000	50.567699	-24.548901	33.710602	-0.000000	-0.000000	0.000000	0.000000	0.000000	0.000000	-42.955601	1.916430	7.228090	-67.465500	5.864000	27.000601	-0.000000	0.000000	0.000001	-0.133755	0.507555	0.001186	0.000000	0.000000	-0.000001
0.035851	1.188400	-9.086524	-3.573460	7.756530	0.482897	6.491870	-10.544200	0.540511	0.000000	-0.000000	-0.000000	2.990900	8.028550	-0.418108	2.060420	-7.051830	0.618100	0.000000	0.000000	-0.000001	-0.000000	0.000000	0.000038	0.000000	0.000000	0.000000	36.670399	19.794500	32.160702	47.682098	-27.733299	33.378700	0.000000	-0.000000	0.000002	0.000000	0.000000	0.000000	-41.293301	-0.445324	10.165800	-63.761600	10.778300	31.210100	-0.000000	0.000000	0.000000	-0.058072	0.313634	0.000317	0.000000	-0.000000	-0.000000
0.073686	1.048840	-10.030100	-3.411800	8.381490	0.497884	5.826060	-11.699700	0.497270	0.000000	-0.000000	0.000000	2.159280	7.219300	-0.271484	4.074260	-5.334400	0.580193	0.000000	0.000000	-0.000000	0.000002	0.000000	0.000016	0.000000	0.000000	0.000000	34.895302	21.476801	35.272800	46.148102	-32.090199	34.745399	0.000000	0.000000	-0.000000	0.000000	0.000000	0.000000	-39.451302	-0.780058	10.997100	-66.735703	7.358270	29.154600	-0.000001	0.000000	0.000003	-0.330137	0.290328	0.001675	0.000000	-0.000000	-0.000000
0.338250	0.334025	-8.994730	-3.742440	8.741410	0.569542	5.037600	-10.676900	0.248077	-0.000000	-0.000000	0.000000	2.040640	8.274080	-0.293794	3.067190	-6.238490	0.554192	-0.000000	0.000000	0.000000	-0.000000	-0.000000	0.000091	0.000000	0.000000	0.000000	36.708801	19.239500	31.605000	48.294201	-27.891800	33.943199	-0.000000	-0.000000	-0.000002	0.000000	0.000000	0.000000	-40.689701	0.867075	8.745380	-67.430397	3.811990	23.403099	0.000000	-0.000000	-0.000002	-0.035885	-0.206229	-0.000128	-0.000000	0.000000	-0.000000
0.329070	-0.002432	-8.117610	-3.972020	9.386070	0.648785	5.420250	-11.386600	0.296511	-0.000000	-0.000000	-0.000000	1.369730	10.218300	-0.243045	4.525120	-9.269790	0.949313	0.000000	0.000000	-0.000000	0.000000	0.000000	-0.000075	0.000000	0.000000	0.000000	37.497200	18.973000	30.640900	51.536400	-30.525499	38.693501	0.000000	-0.000000	0.000000	0.000000	0.000000	0.000000	-44.006599	-0.078329	9.235950	-65.844398	6.795700	27.355600	0.000000	0.000000	-0.000001	-0.145940	-0.201340	-0.000511	0.000000	-0.000000	0.000000
0.112178	-0.044810	-7.743300	-4.366910	8.870060	0.674617	8.254020	-9.823390	0.673153	0.000000	-0.000000	-0.000000	2.443620	10.347500	-0.439187	3.200320	-8.922690	0.871941	0.000000	0.000000	0.000000	-0.000002	-0.000000	0.000013	0.000000	0.000000	0.000000	40.511501	17.548700	27.077101	55.797699	-27.262400	40.719200	0.000000	-0.000000	-0.000000	0.000000	0.000000	0.000000	-46.789101	-1.255230	9.907850	-67.085800	9.138390	32.550301	-0.000000	-0.000000	-0.000001	-0.139523	-0.289570	-0.000704	0.000000	0.000000	-0.000001
-0.091265	-0.415079	-7.557600	-3.991320	9.755640	0.677369	7.460460	-11.037900	0.676101	-0.000000	0.000000	0.000000	2.387010	10.301900	-0.427131	3.812720	-7.326750	0.788728	-0.000000	0.000000	-0.000000	0.000000	-0.000000	0.000093	0.000000	0.000000	0.000000	44.542900	15.189500	22.483101	60.573502	-23.665701	43.003300	0.000000	-0.000000	-0.000000	0.000000	0.000000	0.000000	-49.873901	-2.197350	10.170500	-70.272903	9.051230	36.547699	-0.000000	-0.000000	0.000001	-0.213237	-0.308834	-0.001149	0.000000	0.000000	-0.000000
-0.269915	-0.463857	-7.660558	-3.347080	9.773570	0.568804	5.649020	-10.109800	0.412839	-0.000000	0.000000	0.000001	3.004470	10.183900	-0.531696	1.905410	-6.702270	0.568857	-0.000000	0.000000	-0.000000	0.000000	0.000000	0.000005	0.000000	0.000000	0.000000	47.102501	12.767800	19.189501	69.136597	-21.241600	51.866600	-0.000000	-0.000000	-0.000000	0.000000	0.000000	0.000000	-52.841702	-5.506490	12.127200	-74.603302	9.957510	45.535900	-0.000000	0.000000	-0.000000	-0.205769	-0.494069	-0.001773	0.000000	0.000000	-0.000001
-0.330442	0.391812	-7.687890	-2.953690	8.885720	0.456627	5.470940	-10.352500	0.459036	0.000000	-0.000000	0.000000	2.833680	9.519640	-0.469031	3.184160	-7.643970	0.798136	-0.000000	-0.000000	-0.000000	0.000002	0.000000	-0.000053	0.000000	0.000000	0.000000	50.917702	8.692680	14.538600	78.182800	-17.146900	63.616100	0.000000	0.000001	0.000001	0.000000	0.000000	0.000000	-55.361698	-8.310550	13.386300	-80.896698	8.684910	58.230000	0.000000	0.000000	0.000001	-0.216911	0.100478	0.000381	0.000000	0.000000	-0.000000
-0.619815	-0.970322	-7.785045	-3.551100	9.926850	0.612927	7.349940	-9.930810	0.665307	-0.000000	0.000000	0.000001	3.718680	11.279200	-0.728334	1.531290	-8.970070	0.809513	-0.000000	0.000000	0.000000	-0.000000	-0.000000	-0.000077	0.000000	0.000000	0.000000	56.858898	2.911510	9.096700	86.403397	-15.444000	80.700500	-0.000001	-0.000001	-0.000000	0.000000	0.000000	0.000000	-58.797100	-14.556800	15.912600	-87.837601	7.350100	83.328903	0.000000	0.000002	0.000001	-0.206573	-0.516952	-0.001863	-0.000000	0.000000	-0.000001
-0.406283	-1.728890	-7.129380	-3.411050	11.120400	0.658632	6.480010	-10.313000	0.561452	-0.000000	0.000000	-0.000000	3.079170	11.968000	-0.639113	2.404540	-8.171740	0.772198	0.000000	0.000000	-0.000000	0.000000	0.000000	0.000051	0.000000	0.000000	0.000000	64.838600	-6.972520	3.374090	92.447197	-12.867700	95.295601	-0.000000	0.000001	0.000000	0.000000	0.000000	0.000000	-66.224403	-22.218000	16.032301	-93.556503	5.690360	112.636002	0.000000	-0.000000	-0.000000	-0.139082	-0.746169	-0.001811	-0.000000	-0.000000	0.000001
-0.612322	-1.887060	-6.900701	-3.435510	11.320000	0.675117	7.779290	-10.324900	0.792051	-0.000000	-0.000000	-0.000000	3.980360	12.815100	-0.884233	1.005410	-9.627730	0.819182	0.000000	0.000000	-0.000000	0.000000	-0.000000	-0.000009	0.000000	0.000000	0.000000	73.327698	-15.544700	1.485030	97.214996	-15.531000	105.435997	-0.000000	0.000000	-0.000001	0.000000	0.000000	0.000000	-71.048599	-26.593500	14.986600	-98.684303	-1.748380	157.779007	-0.000000	0.000000	-0.000000	0.150315	-0.788341	0.002068	0.000000	0.000000	0.000000
-0.707912	-1.758270	-7.777500	-3.126980	11.841100	0.642252	6.723590	-11.927400	0.758083	-0.000000	-0.000000	0.000000	3.417390	12.460000	-0.738175	2.492110	-8.693110	0.883981	0.000000	-0.000000	0.000000	-0.000000	-0.000000	-0.000059	0.000000	0.000000	0.000000	78.269699	-20.202900	1.646660	104.561996	-20.716101	116.634003	-0.000000	-0.000000	-0.000001	0.000000	0.000000	0.000000	-79.569000	-34.394798	11.765500	-102.484001	-9.282510	-167.429001	0.000000	0.000000	0.000000	0.379476	-1.073450	0.007110	0.000000	0.000000	0.000001
-0.716216	-1.306630	-7.518332	-2.813010	11.525300	0.562465	5.370100	-12.727500	0.576263	-0.000000	0.000000	-0.000000	2.911830	12.733800	-0.642367	3.562300	-11.112600	1.238970	-0.000000	-0.000000	-0.000000	0.000002	0.000000	-0.000063	0.000000	0.000000	0.000000	82.574898	-26.515400	2.089950	110.195999	-24.571501	122.417000	0.000000	0.000001	0.000000	0.000000	0.000000	0.000000	-82.928497	-37.575901	9.970100	-108.635002	-17.487400	-152.697998	-0.000001	-0.000001	-0.000000	0.373541	-1.133910	0.007392	-0.000000	-0.000000	0.000000
-0.433965	-0.968104	-7.759710	-3.073580	11.042000	0.589212	5.611070	-12.831900	0.576589	-0.000000	0.000000	-0.000000	2.611300	12.088300	-0.547226	3.649270	-10.619100	1.147350	-0.000000	-0.000000	-0.000001	0.000002	0.000000	-0.000017	0.000000	0.000000	0.000000	83.185600	-30.678900	1.694470	115.344002	-29.093901	125.985001	-0.000000	-0.000000	0.000000	0.000000	0.000000	0.000000	-86.788101	-42.345600	7.559170	-111.886002	-23.498899	-146.761002	-0.000001	0.000000	-0.000000	-0.309566	-1.975300	-0.010668	-0.000000	0.000000	-0.000000
-0.037059	-0.377056	-8.074004	-3.868300	9.339280	0.628670	6.423770	-10.571100	0.478567	-0.000000	-0.000000	-0.000000	2.424390	10.822200	-0.455478	2.730910	-10.214600	0.908916	-0.000000	-0.000000	0.000000	-0.000000	-0.000000	0.000080	0.000000	0.000000	0.000000	80.610397	-31.827000	0.151263	118.382004	-30.025499	129.022003	0.000001	0.000000	0.000001	0.000000	0.000000	0.000000	-86.935898	-45.313202	7.411310	-113.053001	-25.796900	-145.171997	0.000003	-0.000000	0.000000	-0.172905	-2.967820	-0.008950	0.000000	0.000000	-0.000000
-0.606668	-1.170430	-8.186069	-4.485940	10.424100	0.813256	10.436200	-11.546700	1.210200	-0.000000	0.000000	0.000000	4.092370	11.924000	-0.846928	-0.047612	-10.633700	0.731187	-0.000000	-0.000000	-0.000000	0.000002	0.000000	0.000047	0.000000	0.000000	0.000000	78.468399	-33.240002	-1.335920	119.330002	-30.797100	129.524002	0.000001	-0.000000	0.000000	0.000000	0.000000	0.000000	-82.828102	-44.578999	10.326500	-112.697998	-25.715200	-144.832001	0.000002	-0.000000	0.000000	-0.123521	-2.137490	-0.004604	0.000000	0.000000	-0.000001
-0.900674	-1.588840	-7.955500	-3.694280	11.179000	0.717172	9.329760	-12.326800	1.221960	-0.000000	-0.000000	-0.000000	3.548390	12.575400	-0.773521	2.795830	-10.992600	1.198090	-0.000000	0.000000	0.000000	-0.000000	-0.000000	-0.000007	0.000000	0.000000	0.000000	78.326698	-32.129398	-1.144020	116.003998	-28.337400	127.133003	-0.000000	-0.000000	-0.000000	0.000000	0.000000	0.000000	-78.821899	-39.794102	12.762600	-114.139000	-21.938400	-151.690002	0.000000	-0.000000	-0.000000	-0.307477	-1.958250	-0.010506	0.000000	-0.000000	-0.000000
-0.594405	-1.416440	-7.950580	-3.366740	10.685200	0.624924	6.673970	-10.552700	0.617087	0.000000	0.000000	0.000000	3.357310	12.125800	-0.706016	1.394340	-10.372300	0.843832	0.000000	0.000000	-0.000000	-0.000002	-0.000000	0.000052	0.000000	0.000000	0.000000	79.598801	-26.799500	0.687477	113.289001	-24.421301	126.933998	0.000000	-0.000000	0.000000	0.000000	0.000000	0.000000	-78.300301	-32.938400	12.342300	-114.089996	-16.461000	-160.485001	-0.000000	0.000000	-0.000000	0.106926	-1.333360	0.002490	-0.000000	-0.000000	-0.000001
-0.379701	-1.223920	-8.634815	-3.644590	10.266400	0.650400	5.931720	-9.571550	0.390238	-0.000000	-0.000000	-0.000000	2.839440	11.391300	-0.561267	2.245460	-9.112900	0.798490	-0.000000	-0.000000	0.000000	-0.000000	0.000000	-0.000099	0.000000	0.000000	0.000000	74.598801	-18.863400	0.772352	110.475998	-20.841400	126.554001	-0.000000	0.000000	-0.000000	0.000000	0.000000	0.000000	-76.085403	-26.707399	12.588600	-110.389999	-9.959210	-171.442001	-0.000000	-0.000000	0.000000	-0.128697	-1.238210	-0.002779	-0.000000	0.000000	-0.000000
-0.339465	-1.557582	-8.630610	-3.695510	10.994900	0.705747	6.454430	-10.553900	0.518182	-0.000000	0.000000	-0.000000	3.388700	11.527700	-0.677975	1.110830	-8.376240	0.646760	-0.000000	-0.000000	0.000000	0.000000	0.000000	0.000050	0.000000	0.000000	0.000000	69.949097	-11.596200	2.065180	105.660004	-16.008400	124.286003	0.000000	-0.000000	0.000002	0.000000	0.000000	0.000000	-72.448601	-21.684799	13.141400	-105.665001	-1.922940	165.162003	0.000000	-0.000000	-0.000001	0.029013	-1.375390	0.000697	0.000000	-0.000000	-0.000000
-0.214698	-0.689106	-9.715910	-4.213210	9.882510	0.724364	8.099660	-9.673110	0.664585	-0.000000	0.000000	0.000001	3.267340	11.518700	-0.653138	1.473860	-10.241300	0.833048	0.000000	0.000000	-0.000000	0.000000	-0.000000	-0.000069	0.000000	0.000000	0.000000	64.329498	-1.660050	5.911080	98.794701	-13.608200	113.741997	-0.000000	0.000000	-0.000000	0.000000	0.000000	0.000000	-66.935600	-17.040800	13.931000	-100.064003	4.197000	135.235992	-0.000000	-0.000000	-0.000002	0.073111	-1.134750	0.001450	-0.000000	0.000000	0.000000
-0.516556	-0.530082	-10.066700	-3.565820	10.341500	0.640910	7.592440	-11.224500	0.796396	-0.000000	0.000000	0.000001	3.329770	10.781400	-0.623565	1.810190	-9.068490	0.802922	-0.000000	-0.000000	-0.000000	-0.000002	-0.000000	-0.000038	0.000000	0.000000	0.000000	59.226200	5.751550	10.402300	88.986801	-12.498300	87.887001	0.000000	-0.000001	-0.000000	0.000000	0.000000	0.000000	-61.320099	-11.375400	13.393800	-92.736801	7.821130	100.710999	-0.000000	-0.000001	0.000000	-0.121879	-1.001350	-0.002128	0.000000	-0.000000	0.000000
-0.099991	-0.273133	-10.818400	-4.320830	10.048300	0.755273	8.269650	-11.652000	0.812227	0.000000	-0.000000	-0.000000	2.910830	10.381900	-0.525003	1.979880	-9.417670	0.794317	-0.000000	-0.000000	0.000000	-0.000000	-0.000000	0.000006	0.000000	0.000000	0.000000	51.521900	13.745000	17.952801	78.825203	-19.594801	67.414299	0.000001	-0.000001	0.000001	0.000000	0.000000	0.000000	-56.357899	-7.186530	12.422600	-82.764503	10.040800	64.552498	-0.000001	0.000001	-0.000000	-0.359172	-0.944698	-0.005921	-0.000000	-0.000000	0.000000
-0.476027	-0.179237	-10.803998	-3.969580	9.998950	0.690300	8.647270	-11.098400	0.914072	-0.000000	0.000000	-0.000000	3.926980	10.012300	-0.683793	0.486669	-8.073670	0.612632	0.000000	-0.000000	0.000000	-0.000002	-0.000000	-0.000014	0.000000	0.000000	0.000000	47.978500	17.206699	22.192301	64.362602	-21.699900	45.921398	0.000000	-0.000001	0.000000	0.000000	0.000000	0.000000	-51.705700	-4.454100	11.643600	-74.270302	12.061000	47.603298	-0.000001	0.000001	-0.000000	-0.300342	-0.850808	-0.004459	-0.000000	-0.000000	-0.000002
-0.284261	0.181297	-10.716500	-3.939330	9.200280	0.630805	8.440180	-10.370100	0.820997	-0.000000	0.000000	-0.000001	3.678520	9.329150	-0.597117	0.783059	-7.619750	0.586282	-0.000000	0.000000	-0.000000	0.000002	0.000000	0.000078	0.000000	0.000000	0.000000	42.395100	19.966801	27.885401	57.584000	-27.662500	43.056099	0.000000	0.000000	-0.000001	0.000000	0.000000	0.000000	-47.179199	-2.628990	11.142400	-68.031502	10.292800	35.375801	-0.000000	-0.000001	0.000001	-0.127065	-0.848724	-0.001882	0.000000	-0.000000	-0.000001
-0.243298	-0.123001	-10.750198	-3.579230	10.124100	0.629945	6.903440	-11.961900	0.701339	-0.000000	0.000000	0.000000	2.933320	9.203890	-0.469589	2.133240	-6.242210	0.548185	0.000000	0.000000	-0.000001	0.000000	-0.000000	0.000034	0.000000	0.000000	0.000000	39.296600	21.727800	31.659300	49.506901	-29.970400	36.546398	-0.000000	0.000000	0.000001	0.000000	0.000000	0.000000	-43.307301	-1.764150	11.188700	-64.495102	10.160300	31.224300	0.000001	-0.000000	-0.000001	-0.062053	-0.812299	-0.000879	0.000000	0.000000	0.000000
-0.112878	-0.264500	-10.131603	-4.514780	9.888590	0.776888	8.605900	-11.078100	0.800374	-0.000000	0.000000	0.000000	3.502000	9.413840	-0.573506	-0.049326	-6.842970	0.406233	0.000000	0.000000	-0.000001	0.000000	-0.000000	-0.000111	0.000000	0.000000	0.000000	37.054199	21.930000	33.677101	45.982101	-31.819799	34.442600	0.000000	0.000000	0.000000	0.000000	0.000000	0.000000	-42.318699	-0.879423	10.450100	-61.867699	9.302850	27.518499	-0.000000	0.000000	0.000001	-0.066833	-0.751919	-0.000876	0.000000	0.000000	-0.000001
-0.203196	-0.876841	-9.762934	-4.363320	10.678800	0.810041	6.902070	-11.490300	0.521161	0.000000	-0.000000	-0.000001	2.882730	10.686100	-0.534988	0.808401	-8.202280	0.520163	0.000000	0.000000	-0.000000	-0.000002	-0.000000	0.000010	0.000000	0.000000	0.000000	37.292301	21.131599	32.768799	45.537899	-31.216400	33.639198	0.000000	-0.000000	0.000000	0.000000	0.000000	0.000000	-40.800999	-0.176200	9.974990	-64.098801	6.556140	25.443399	-0.000001	0.000000	0.000001	-0.095985	-0.986080	-0.001652	0.000000	0.000000	0.000001
-0.270516	-0.650449	-9.695680	-3.797290	11.297700	0.744949	6.236200	-13.032900	0.566973	0.000000	-0.000000	-0.000000	2.205540	11.440600	-0.437693	3.164300	-10.117200	0.938203	0.000000	0.000000	0.000000	-0.000002	-0.000000	0.000044	0.000000	0.000000	0.000000	37.548698	20.270201	31.831100	47.504299	-31.117399	35.311401	0.000000	-0.000000	-0.000001	0.000000	0.000000	0.000000	-40.442299	-0.471305	10.404700	-66.577400	4.914380	24.897600	0.000000	-0.000000	0.000001	0.082385	-0.899314	0.001295	0.000000	-0.000000	0.000000
-0.469619	-0.500901	-9.631000	-3.797350	11.173400	0.736876	6.517540	-13.227900	0.639433	0.000000	-0.000000	-0.000001	2.141090	10.801100	-0.401430	3.460470	-9.030540	0.875963	-0.000000	-0.000000	0.000000	-0.000000	-0.000000	-0.000018	0.000000	0.000000	0.000000	38.394501	19.072500	30.115000	53.069000	-31.497801	40.813099	0.000000	0.000000	-0.000000	0.000000	0.000000	0.000000	-43.257099	-3.054580	12.571200	-65.100998	9.068680	30.511900	0.000000	0.000000	-0.000002	-0.107713	-0.832372	-0.001566	0.000000	-0.000000	-0.000000
-0.311317	0.087705	-9.425388	-3.512480	9.751620	0.595651	6.096340	-12.222600	0.558174	0.000000	-0.000000	-0.000001	3.055090	9.447480	-0.501945	1.336710	-7.918260	0.600441	-0.000000	0.000000	0.000000	0.000002	0.000000	-0.000001	0.000000	0.000000	0.000000	38.887798	18.907000	29.587601	60.768398	-35.355900	51.571301	0.000000	0.000000	0.000002	0.000000	0.000000	0.000000	-46.103901	-4.840520	13.494900	-68.175301	12.038600	38.596100	0.000000	-0.000000	0.000001	-0.154588	-0.540682	-0.001459	-0.000000	0.000000	0.000001
-0.108050	-0.171133	-9.230248	-3.989450	9.380640	0.651265	6.879690	-11.584400	0.591635	0.000000	0.000000	-0.000000	2.919990	9.730780	-0.493960	1.442520	-8.548850	0.643449	0.000000	-0.000000	0.000000	-0.000002	-0.000000	-0.000098	0.000000	0.000000	0.000000	43.086700	15.637100	23.842199	66.659302	-29.459600	55.045700	-0.000000	0.000000	-0.000000	0.000000	0.000000	0.000000	-51.356998	-6.622560	13.423300	-71.691803	11.023900	42.299900	-0.000000	0.000000	0.000000	-0.040584	-0.484526	-0.000343	-0.000000	-0.000000	0.000000
-0.086108	-0.254124	-9.068910	-4.545580	8.884100	0.703434	8.152350	-10.112200	0.643717	-0.000000	0.000000	-0.000000	2.504490	9.695460	-0.422053	2.487360	-8.362670	0.722572	-0.000000	0.000000	0.000000	-0.000000	0.000000	0.000104	0.000000	0.000000	0.000000	49.880100	10.631800	16.398399	73.153900	-20.991501	57.758499	-0.000000	0.000001	-0.000000	0.000000	0.000000	0.000000	-54.149399	-9.592480	14.679400	-78.672897	9.466840	53.980999	0.000000	0.000000	-0.000000	-0.189641	-0.586880	-0.001942	0.000000	0.000000	-0.000001
-0.275335	-0.614738	-9.137099	-4.235630	9.668590	0.712623	8.689330	-11.234000	0.881162	0.000000	-0.000000	-0.000000	3.637350	10.066200	-0.636598	0.476593	-8.208390	0.580315	0.000000	-0.000000	-0.000001	0.000002	0.000000	-0.000051	0.000000	0.000000	0.000000	55.336498	6.981080	12.058900	83.174896	-19.665100	75.642700	-0.000001	0.000001	-0.000001	0.000000	0.000000	0.000000	-60.420101	-13.820600	14.954000	-84.645203	6.184160	67.912697	0.000001	-0.000002	0.000000	-0.039742	-0.779345	-0.000541	-0.000000	-0.000000	0.000001
-0.545055	-1.081530	-9.283660	-3.758600	9.881480	0.645908	8.002870	-10.251200	0.766665	0.000000	-0.000000	0.000000	3.290440	10.304400	-0.589221	1.978030	-7.128110	0.648934	0.000000	0.000000	-0.000000	0.000002	0.000000	0.000088	0.000000	0.000000	0.000000	62.980900	1.490080	7.559000	88.464302	-18.033199	86.121399	-0.000000	-0.000000	-0.000000	0.000000	0.000000	0.000000	-66.551399	-19.296499	14.923700	-90.202599	4.390380	95.184196	-0.000000	0.000000	0.000000	-0.209234	-0.939233	-0.003430	-0.000000	0.000000	-0.000000
-0.507773	-1.171880	-9.092700	-3.371430	10.548000	0.617848	6.640080	-11.433800	0.659993	-0.000000	-0.000000	-0.000000	3.022980	10.483800	-0.550560	2.887190	-7.414360	0.758766	-0.000000	0.000000	-0.000001	0.000002	0.000000	0.000034	0.000000	0.000000	0.000000	69.994003	-5.288370	4.485270	94.666801	-18.079500	99.757500	-0.000000	0.000000	0.000001	0.000000	0.000000	0.000000	-71.706497	-24.747801	14.297600	-95.398804	0.461718	135.255005	0.000000	0.000000	0.000000	-0.317424	-0.916536	-0.005076	-0.000000	0.000000	-0.000000
-0.296608	-0.856399	-8.871040	-3.789640	9.462010	0.623868	6.463810	-9.921400	0.470001	0.000000	-0.000000	-0.000001	4.122160	10.134100	-0.726531	-1.100300	-7.723640	0.397822	0.000000	0.000000	0.000000	0.000002	0.000000	0.000045	0.000000	0.000000	0.000000	76.652603	-13.241700	2.912600	99.907402	-18.374399	110.092003	-0.000000	0.000000	-0.000000	0.000000	0.000000	0.000000	-77.872398	-30.483999	12.306600	-98.949501	-4.736560	173.050995	-0.000000	0.000000	0.000000	-0.198762	-0.916213	-0.003176	-0.000000	-0.000000	-0.000000
-0.159671	-0.958033	-8.680107	-4.865310	9.699580	0.821628	8.969570	-10.625200	0.770941	0.000000	0.000000	-0.000000	3.955960	10.607200	-0.729325	-1.584830	-8.811790	0.353053	0.000000	0.000000	0.000000	-0.000002	-0.000000	-0.000048	0.000000	0.000000	0.000000	79.281197	-20.513201	1.914370	107.481003	-20.578300	121.845001	-0.000000	0.000000	-0.000001	0.000000	0.000000	0.000000	-80.548401	-34.122700	11.231600	-105.410004	-12.232200	-161.218994	0.000000	-0.000000	0.000000	0.157654	-1.016920	0.002800	-0.000000	0.000000	-0.000002
-0.490957	-0.776571	-8.121620	-3.935340	9.743780	0.667037	8.143000	-11.789700	0.872881	-0.000000	-0.000000	0.000001	3.792330	10.175400	-0.670917	0.533728	-8.334940	0.619574	0.000000	0.000000	-0.000001	0.000002	0.000000	0.000052	0.000000	0.000000	0.000000	78.359001	-25.973499	0.342678	114.809998	-26.148399	127.646004	-0.000000	0.000000	-0.000000	0.000000	0.000000	0.000000	-79.755600	-37.297100	11.961200	-111.780998	-18.974199	-153.725006	0.000000	0.000000	-0.000000	-0.002261	-0.870858	-0.000034	-0.000000	-0.000000	-0.000000
-0.744004	-0.499895	-8.596191	-3.376150	9.049010	0.531589	6.936310	-10.342900	0.647578	-0.000000	-0.000000	-0.000000	4.286250	9.616530	-0.717344	-0.291546	-7.939280	0.544277	-0.000000	-0.000000	0.000001	-0.000002	-0.000000	-0.000058	0.000000	0.000000	0.000000	77.110199	-30.188601	-1.310640	119.200996	-29.954399	130.046005	-0.000001	-0.000000	0.000001	0.000000	0.000000	0.000000	-78.151901	-42.938400	13.549300	-113.362999	-23.038700	-149.229996	0.000000	-0.000000	0.000000	-0.174742	-0.762567	-0.002326	-0.000000	-0.000000	-0.000001
-0.548144	-0.554944	-8.335712	-3.459380	8.911420	0.536510	7.148650	-10.234700	0.663860	0.000000	0.000000	0.000000	3.540800	9.078300	-0.559386	1.558060	-6.142810	0.542259	-0.000000	0.000000	-0.000000	0.000002	0.000000	0.000039	0.000000	0.000000	0.000000	76.992500	-33.337299	-2.164020	118.759003	-32.028099	127.952003	-0.000000	-0.000000	0.000000	0.000000	0.000000	0.000000	-79.316704	-45.587299	12.902400	-111.736000	-23.950100	-146.013000	-0.000000	0.000000	0.000000	-0.213411	-0.797149	-0.002969	0.000000	-0.000000	0.000001
-0.746545	-1.775050	-8.250130	-3.154450	11.004200	0.602699	6.212480	-11.700400	0.632536	-0.000000	0.000000	0.000001	4.053060	10.796600	-0.760465	0.395164	-6.373130	0.486730	0.000000	0.000000	-0.000000	-0.000000	-0.000000	0.000033	0.000000	0.000000	0.000000	75.882103	-34.368698	-3.087040	116.822998	-31.952700	125.527000	0.000000	0.000000	-0.000000	0.000000	0.000000	0.000000	-78.010201	-44.239300	13.737500	-112.008003	-23.694300	-146.720001	-0.000002	-0.000000	-0.000000	0.004989	-1.419360	0.000125	-0.000000	-0.000000	-0.000001
-0.530626	-0.962340	-8.383892	-3.753060	9.902190	0.646289	7.139140	-10.602700	0.634078	0.000000	-0.000000	0.000000	3.570780	10.802500	-0.670099	0.842539	-8.657180	0.656006	-0.000000	-0.000000	0.000000	-0.000000	0.000000	-0.000030	0.000000	0.000000	0.000000	77.347397	-33.435398	-2.003670	113.752998	-27.136499	124.788002	0.000000	0.000000	-0.000000	0.000000	0.000000	0.000000	-76.036697	-41.642899	14.863800	-112.561996	-17.596300	-156.962997	0.000000	-0.000000	0.000000	0.042464	-1.093490	0.000811	-0.000000	0.000000	-0.000000
-0.652884	-0.816696	-8.396330	-3.297760	9.707490	0.556650	6.645010	-11.128900	0.655949	0.000000	-0.000000	0.000000	2.794070	10.827900	-0.525306	3.351000	-9.270300	0.985538	0.000000	0.000000	-0.000000	-0.000002	-0.000000	-0.000037	0.000000	0.000000	0.000000	77.145302	-27.077600	-0.492126	113.057999	-23.544001	127.185997	-0.000001	0.000000	-0.000001	0.000000	0.000000	0.000000	-75.303001	-35.584801	14.516400	-113.209999	-12.794300	-166.613007	0.000001	0.000000	-0.000000	-0.040091	-1.012130	-0.000706	0.000000	0.000000	-0.000001
-0.204561	-0.857592	-8.291538	-3.601880	9.404360	0.589297	6.479120	-10.412400	0.529224	-0.000000	-0.000000	0.000000	2.160020	10.531500	-0.394992	4.256860	-9.119850	1.015410	-0.000000	-0.000000	-0.000000	0.000000	0.000000	0.000024	0.000000	0.000000	0.000000	71.169403	-19.635900	-0.576731	111.192001	-19.243000	129.078995	-0.000000	-0.000000	0.000001	0.000000	0.000000	0.000000	-75.773399	-28.374599	13.040300	-110.628998	-7.133730	-178.347000	0.000000	-0.000000	-0.000000	0.085752	-0.880515	0.001318	0.000000	0.000000	0.000001
-0.166869	-1.021870	-8.367908	-3.806950	9.568850	0.633736	6.885160	-10.055800	0.547279	-0.000000	0.000000	0.000000	2.329170	10.148900	-0.410644	3.503280	-7.271670	0.736100	0.000000	-0.000000	0.000001	-0.000002	-0.000000	-0.000075	0.000000	0.000000	0.000000	67.653503	-12.854100	1.126290	106.693001	-15.005000	127.163002	-0.000000	-0.000000	0.000002	0.000000	0.000000	0.000000	-74.077599	-24.686899	13.134600	-105.667000	1.123380	156.733002	0.000000	0.000000	0.000000	0.076005	-0.942406	0.001250	0.000000	0.000000	0.000001
0.074638	-1.138400	-8.311052	-4.004430	10.335300	0.719551	5.807580	-11.679000	0.378322	-0.000000	0.000000	0.000001	1.793320	10.600300	-0.330008	3.692490	-7.823590	0.744800	-0.000000	-0.000000	0.000000	0.000002	0.000000	-0.000047	0.000000	0.000000	0.000000	61.667801	-5.965040	3.641070	102.023003	-13.145200	121.094002	-0.000000	0.000000	-0.000000	0.000000	0.000000	0.000000	-70.459099	-17.237000	12.656700	-100.690002	6.021070	132.671997	0.000000	0.000000	-0.000001	0.149250	-0.959196	0.002500	0.000000	-0.000000	0.000000
-0.115009	-1.793030	-8.307370	-3.679750	11.599800	0.740869	4.838700	-11.594200	0.248100	0.000000	-0.000000	-0.000001	2.940770	11.044200	-0.563840	0.561147	-6.704310	0.402956	0.000000	0.000000	-0.000000	0.000002	0.000000	-0.000023	0.000000	0.000000	0.000000	56.397999	1.249140	8.074760	94.536903	-12.920600	103.496002	-0.000000	-0.000001	0.000001	0.000000	0.000000	0.000000	-63.579498	-10.517700	12.269700	-95.534698	6.891060	112.876999	-0.000000	-0.000000	0.000000	0.229100	-1.087460	0.004350	-0.000000	-0.000000	0.000000
-0.106666	-1.738270	-8.709069	-4.096820	11.634300	0.827525	6.063980	-11.135000	0.396357	-0.000000	0.000000	0.000001	2.316090	12.104100	-0.485924	2.249640	-8.770940	0.689751	-0.000000	0.000000	0.000000	0.000002	0.000000	0.000053	0.000000	0.000000	0.000000	53.047501	8.950430	13.989900	82.799103	-17.036600	73.547699	0.000000	-0.000000	0.000001	0.000000	0.000000	0.000000	-58.335201	-6.913940	11.732200	-88.006897	9.352270	81.706299	0.000000	-0.000002	-0.000000	0.175015	-1.019110	0.003113	-0.000000	-0.000000	-0.000000
-0.033666	-0.704840	-8.932470	-4.104690	10.599800	0.756291	6.800190	-11.851700	0.568443	0.000000	-0.000000	-0.000000	2.315120	11.337400	-0.455368	2.522750	-9.829420	0.820048	0.000000	0.000000	0.000000	-0.000002	-0.000000	0.000089	0.000000	0.000000	0.000000	46.787399	14.588100	20.820499	74.017899	-21.924200	60.411098	0.000000	0.000000	0.000001	0.000000	0.000000	0.000000	-52.489601	-3.107740	10.425300	-81.976501	8.659130	59.844799	0.000000	0.000000	0.000000	-0.136136	-0.607357	-0.001441	-0.000000	0.000000	-0.000001
0.337072	0.082993	-8.795451	-4.357160	9.271490	0.703305	6.588840	-11.314700	0.449279	0.000000	-0.000000	-0.000001	1.693030	9.917220	-0.291675	3.659380	-8.269100	0.768334	-0.000000	-0.000000	0.000000	-0.000002	-0.000000	-0.000047	0.000000	0.000000	0.000000	42.475201	17.730801	25.932800	65.739700	-26.193001	51.677399	-0.000000	0.000001	0.000000	0.000000	0.000000	0.000000	-49.831501	-0.750675	8.960290	-73.070198	8.270180	38.955502	0.000002	-0.000000	0.000000	0.131431	-0.162970	0.000374	0.000000	-0.000000	0.000001
0.277035	0.027786	-8.707010	-4.541640	8.386480	0.663750	7.318420	-9.471750	0.465335	0.000000	-0.000000	0.000000	2.273560	9.013780	-0.356395	2.576460	-6.740080	0.567256	0.000000	0.000000	0.000000	-0.000000	-0.000000	0.000026	0.000000	0.000000	0.000000	39.057201	20.664499	30.858200	61.246899	-32.525398	50.590900	-0.000001	0.000000	-0.000001	0.000000	0.000000	0.000000	-45.762901	0.955865	7.932730	-69.695900	5.655150	29.197300	-0.000001	-0.000000	0.000000	0.148455	-0.176640	0.000458	0.000000	0.000000	0.000000
-0.045394	0.648003	-8.582783	-3.655610	8.093920	0.515373	5.546550	-9.601780	0.321618	0.000000	-0.000000	-0.000000	2.780070	8.321960	-0.402693	1.362080	-6.521800	0.467943	-0.000000	-0.000000	-0.000000	0.000000	-0.000000	-0.000100	0.000000	0.000000	0.000000	36.393299	22.969801	35.005402	55.534901	-37.047001	46.915100	0.000000	-0.000000	0.000001	0.000000	0.000000	0.000000	-41.921200	2.553340	6.621360	-68.447098	3.275450	23.045700	0.000001	-0.000000	0.000001	-0.229596	0.378080	0.001516	0.000000	-0.000000	-0.000000
-0.150262	0.151457	-8.807510	-2.713990	8.831360	0.416968	2.570430	-10.221100	-0.019753	0.000000	0.000000	-0.000000	2.309450	9.039340	-0.363043	2.584420	-7.389070	0.627182	0.000000	0.000000	-0.000000	0.000000	-0.000000	0.000036	0.000000	0.000000	0.000000	34.834599	24.613501	37.768600	48.277100	-39.149399	40.610100	0.000000	0.000000	0.000001	0.000000	0.000000	0.000000	-39.768398	2.697430	6.652230	-68.381599	2.890290	22.293699	0.000000	-0.000000	-0.000000	-0.303167	-0.188903	-0.000999	0.000000	-0.000000	-0.000000
0.091025	-0.091460	-9.250170	-3.674190	9.352700	0.597888	4.966520	-10.252500	0.238773	-0.000000	0.000000	-0.000000	3.069570	9.453470	-0.504646	0.495136	-7.226470	0.443720	-0.000000	-0.000000	-0.000000	0.000000	-0.000000	-0.000072	0.000000	0.000000	0.000000	34.822601	25.555599	38.534199	43.965801	-38.397900	36.229401	-0.000000	-0.000000	-0.000001	0.000000	0.000000	0.000000	-39.873901	2.635530	6.714480	-68.330200	1.351830	19.052299	-0.000000	0.000000	-0.000000	-0.078883	-0.372231	-0.000510	-0.000000	-0.000000	0.000001
0.159533	-0.266494	-9.373540	-3.922670	10.486000	0.714982	5.127990	-12.538900	0.275976	-0.000000	-0.000000	-0.000000	2.378730	9.359290	-0.387066	1.939440	-6.352740	0.475178	0.000000	-0.000000	-0.000001	0.000002	0.000000	-0.000015	0.000000	0.000000	0.000000	35.240501	25.625500	38.187500	45.391499	-37.277000	36.971600	0.000000	0.000000	-0.000000	0.000000	0.000000	0.000000	-41.216999	1.193000	8.287530	-67.926804	4.040940	24.297800	-0.000001	0.000001	0.000001	-0.044658	-0.507834	-0.000397	0.000000	-0.000000	-0.000001
0.424268	-0.149680	-9.763871	-4.633330	9.713910	0.783426	6.854750	-11.734400	0.465569	0.000000	0.000000	0.000000	2.055530	9.069210	-0.324153	2.399580	-6.057380	0.468339	0.000000	-0.000000	-0.000000	-0.000002	-0.000000	-0.000036	0.000000	0.000000	0.000000	36.331200	24.827700	36.590099	50.007999	-36.150200	40.765301	0.000000	-0.000000	-0.000001	0.000000	0.000000	0.000000	-44.473202	-2.028910	11.184200	-65.913597	9.328690	31.584299	0.000000	0.000001	0.000000	0.224222	-0.358005	0.001401	-0.000000	-0.000000	-0.000000
0.212146	-0.166779	-9.655000	-4.874300	9.504100	0.806721	8.150630	-10.906300	0.633285	0.000000	-0.000000	0.000000	2.023450	9.059770	-0.318760	2.987000	-6.153330	0.535705	0.000000	-0.000000	-0.000000	0.000002	0.000000	0.000043	0.000000	0.000000	0.000000	39.859100	22.603001	31.799801	54.555302	-32.549198	43.249100	-0.000000	-0.000000	-0.000000	0.000000	0.000000	0.000000	-47.704899	-3.699570	11.991900	-69.405197	11.142300	38.742699	0.000000	0.000001	-0.000001	-0.226812	-0.324218	-0.001282	-0.000000	0.000000	0.000000
0.233116	-0.228461	-9.476954	-4.739270	9.301890	0.767737	8.403770	-10.520400	0.681430	-0.000000	0.000000	0.000001	2.262480	10.425700	-0.409635	3.014980	-9.471500	0.864651	-0.000000	0.000000	0.000000	-0.000000	-0.000000	0.000002	0.000000	0.000000	0.000000	43.773701	19.718100	26.636400	61.227402	-29.193600	48.363300	0.000000	0.000000	0.000001	0.000000	0.000000	0.000000	-52.285099	-6.118060	12.769200	-72.849899	12.072000	45.627499	-0.000000	-0.000000	-0.000000	-0.160212	-0.328887	-0.000919	-0.000000	0.000000	-0.000001
0.164099	0.450688	-9.068511	-4.005210	8.791790	0.613141	6.812810	-10.942500	0.542341	0.000000	-0.000000	-0.000000	1.607300	8.864710	-0.247760	4.538290	-8.031810	0.859215	-0.000000	-0.000000	-0.000000	-0.000000	0.000000	-0.000053	0.000000	0.000000	0.000000	47.800800	14.768600	20.463200	70.543999	-22.978201	55.839802	0.000000	0.000000	-0.000000	0.000000	0.000000	0.000000	-55.312000	-9.607540	14.289500	-77.133598	13.166400	55.782299	0.000000	0.000001	0.000000	-0.362451	0.213363	0.001349	0.000000	-0.000000	0.000001
-0.195007	-0.186769	-8.706022	-3.332130	8.725020	0.506006	5.431480	-9.727360	0.361402	-0.000000	-0.000000	-0.000000	1.907960	9.548690	-0.316628	4.771500	-8.758350	1.017520	-0.000000	0.000000	0.000000	-0.000002	-0.000000	-0.000028	0.000000	0.000000	0.000000	54.361198	7.852370	12.892800	77.540604	-14.948200	59.675499	-0.000000	-0.000001	-0.000001	0.000000	0.000000	0.000000	-58.535500	-12.122200	14.705000	-82.705200	10.487400	66.832199	0.000001	-0.000002	0.000000	-0.237607	-0.351527	-0.001457	0.000000	0.000000	0.000001
0.235612	-0.245372	-8.604282	-4.074230	8.838710	0.627043	5.879990	-9.045530	0.291628	-0.000000	-0.000000	0.000000	2.760970	10.217600	-0.490137	1.053200	-8.911380	0.584887	-0.000000	-0.000000	0.000001	-0.000002	-0.000000	0.000020	0.000000	0.000000	0.000000	59.311501	2.595880	8.586170	85.708199	-12.696300	77.315002	0.000000	0.000000	-0.000000	0.000000	0.000000	0.000000	-64.374397	-15.840800	14.394800	-88.369499	6.215110	84.744698	-0.000000	-0.000000	-0.000000	-0.145655	-0.337906	-0.000858	0.000000	0.000000	0.000000
-0.233095	-1.074690	-7.944276	-3.377330	9.982150	0.586081	5.979110	-9.870500	0.455102	-0.000000	0.000000	-0.000000	2.740800	10.753500	-0.511774	2.503380	-8.298690	0.751987	0.000000	-0.000000	-0.000001	0.000000	-0.000000	0.000014	0.000000	0.000000	0.000000	65.173798	-4.705270	4.485660	92.518700	-11.528100	96.559097	0.000000	-0.000001	-0.000001	0.000000	0.000000	0.000000	-69.762497	-20.785101	14.009800	-93.274399	5.172610	110.679001	0.000000	0.000000	-0.000000	-0.268072	-0.708379	-0.003314	-0.000000	-0.000000	0.000001
-0.336905	-1.208470	-7.132942	-3.039970	10.609100	0.560180	5.450780	-11.175700	0.477635	0.000000	-0.000000	-0.000000	3.669660	11.521400	-0.733929	0.571822	-9.298370	0.674525	-0.000000	-0.000000	0.000000	0.000000	0.000000	-0.000087	0.000000	0.000000	0.000000	70.581497	-11.803300	2.164530	98.672203	-13.095600	112.065002	-0.000000	0.000000	-0.000000	0.000000	0.000000	0.000000	-75.723701	-23.897699	12.168100	-98.161499	-0.336259	148.475998	-0.000000	0.000000	-0.000000	-0.188551	-0.892841	-0.002936	-0.000000	0.000000	-0.000001
-0.673314	-1.000330	-6.975290	-2.591080	9.856440	0.443828	4.971730	-9.929850	0.417372	0.000000	0.000000	-0.000000	3.750170	12.013800	-0.781666	1.351810	-11.094500	0.968335	0.000000	0.000000	-0.000000	0.000000	0.000000	0.000029	0.000000	0.000000	0.000000	77.123901	-17.998899	1.868400	102.123001	-15.032000	117.396004	-0.000000	-0.000000	0.000001	0.000000	0.000000	0.000000	-80.529503	-27.721800	10.514300	-102.541000	-6.182270	-179.966003	-0.000000	0.000000	0.000000	-0.213404	-0.900004	-0.003352	0.000000	0.000000	-0.000000
-0.883519	-1.358340	-7.840860	-2.599970	11.337000	0.511428	5.778690	-12.314900	0.689507	0.000000	-0.000000	-0.000000	3.788820	11.764800	-0.773614	1.906640	-8.575840	0.840053	0.000000	0.000000	-0.000000	0.000002	0.000000	0.000043	0.000000	0.000000	0.000000	81.543800	-20.504200	2.701030	106.306999	-18.711300	121.711998	0.000000	0.000000	-0.000001	0.000000	0.000000	0.000000	-83.975197	-31.797600	9.118430	-106.790001	-11.821100	-163.863007	-0.000001	-0.000000	0.000000	0.184731	-1.256290	0.004050	-0.000000	0.000000	0.000000
-0.977901	-1.526230	-8.066535	-2.128710	12.140600	0.447878	4.287500	-13.088100	0.499887	0.000000	-0.000000	-0.000000	4.227620	12.044200	-0.883709	0.415643	-8.401230	0.666158	0.000000	0.000000	-0.000000	-0.000002	-0.000000	-0.000062	0.000000	0.000000	0.000000	84.204201	-23.414101	3.198550	111.249001	-21.096600	127.377998	-0.000000	-0.000000	0.000000	0.000000	0.000000	0.000000	-87.632103	-35.243900	7.158980	-109.105003	-17.219900	-153.789001	-0.000001	-0.000000	-0.000000	0.313398	-1.174550	0.006424	0.000000	-0.000000	0.000000
-0.773406	-1.730050	-7.477782	-2.022660	12.758800	0.446863	3.246690	-14.216400	0.312933	-0.000000	0.000000	-0.000000	3.375480	12.007900	-0.703049	2.194950	-7.859140	0.753857	-0.000000	-0.000000	0.000000	0.000000	0.000000	-0.000075	0.000000	0.000000	0.000000	84.036697	-26.399500	2.736260	114.777000	-22.743000	130.703003	0.000001	0.000000	0.000000	0.000000	0.000000	0.000000	-89.067902	-35.547798	6.288720	-111.334999	-18.692101	-153.679993	0.000001	0.000000	0.000000	0.103645	-1.527090	0.002764	0.000000	-0.000000	0.000000
-0.339665	-1.414180	-7.013100	-2.716770	11.703800	0.551490	3.976710	-12.567900	0.286517	-0.000000	0.000000	0.000000	3.484030	11.812300	-0.714059	0.646837	-8.525950	0.602472	0.000000	0.000000	-0.000000	-0.000000	-0.000000	-0.000031	0.000000	0.000000	0.000000	84.539803	-28.311300	2.729950	115.386002	-22.763000	131.403000	-0.000000	0.000000	-0.000001	0.000000	0.000000	0.000000	-89.826202	-34.817902	5.852460	-112.845001	-18.398600	-155.858994	0.000001	-0.000000	0.000000	0.003887	-1.269750	0.000085	0.000000	0.000000	0.000001
-0.488950	-0.311854	-6.561670	-2.655770	10.005000	0.461712	5.348900	-11.549300	0.547694	-0.000000	0.000000	-0.000000	3.836050	10.362900	-0.691042	0.892798	-7.701000	0.626652	-0.000000	-0.000000	0.000000	0.000000	0.000000	-0.000008	0.000000	0.000000	0.000000	84.821198	-29.074699	2.809460	115.051003	-24.330799	129.503006	-0.000000	0.000000	0.000000	0.000000	0.000000	0.000000	-86.947601	-32.756001	7.470610	-115.921997	-16.967300	-161.158997	-0.000000	-0.000000	0.000000	-0.207834	-0.980762	-0.003557	0.000000	-0.000000	-0.000000
