-0.925132	1.231450	-14.301400	-1.538690	11.670000	0.311302	7.280230	-14.005800	1.401740	0.000000	0.000000	-0.000000	2.354520	9.584730	-0.392261	9.812640	-7.329520	1.571220	0.000001	0.000000	0.000000	0.000001	0.000000	-0.000023	0.000000	0.000000	0.000000	34.744701	25.890499	39.298599	33.400501	-27.473499	22.542700	0.000000	-0.000000	0.000000	0.000000	0.000000	0.000000	-33.500801	-7.600750	22.599800	-66.701401	20.498100	46.722401	-0.000000	0.000000	0.000000	-0.342512	-0.486308	-0.002907	0.000000	-0.000000	0.000001
-0.979174	0.920248	-13.982100	-0.950571	12.344400	0.203229	5.104470	-14.820600	1.069940	0.000000	-0.000000	-0.000000	2.830880	10.023100	-0.493098	8.003350	-7.851500	1.491470	0.000000	-0.000000	0.000000	0.000001	0.000000	-0.000066	0.000000	0.000000	0.000000	35.746601	25.194901	37.764099	39.280701	-28.904400	27.390600	-0.000000	0.000000	0.000001	0.000000	0.000000	0.000000	-35.488602	-7.675380	21.385300	-70.695297	17.515600	49.277302	-0.000000	-0.000000	0.000002	-0.234888	-0.575706	-0.002359	0.000000	-0.000000	0.000000
-1.414020	0.907434	-13.764300	-0.316675	13.023600	0.071357	4.589600	-15.791100	1.167030	-0.000000	0.000000	-0.000000	3.748910	10.364400	-0.675399	6.899510	-7.734050	1.440910	0.000000	0.000000	-0.000000	0.000001	0.000000	0.000063	0.000000	0.000000	0.000000	37.539902	24.942101	35.883900	51.043400	-34.719299	40.981300	0.000000	0.000000	0.000000	0.000000	0.000000	0.000000	-38.469200	-11.364000	23.771000	-73.510101	20.589199	57.243900	-0.000000	0.000000	0.000001	-0.079591	-0.623007	-0.000866	-0.000000	-0.000000	0.000001
-1.904680	0.094932	-13.394000	0.042309	13.854700	-0.010137	5.396760	-16.223801	1.523500	-0.000000	-0.000000	0.000000	4.537330	11.591200	-0.913515	6.690470	-8.315750	1.630600	-0.000000	0.000000	-0.000000	-0.000001	-0.000000	0.000049	0.000000	0.000000	0.000000	42.199799	22.384399	29.991699	66.830498	-32.211201	57.281300	-0.000001	0.000001	-0.000001	0.000000	0.000000	0.000000	-40.888000	-14.512400	25.305099	-83.064102	20.301001	75.737701	-0.000000	0.000003	-0.000001	-0.181602	-0.835966	-0.002648	0.000000	-0.000000	0.000000
-1.951970	-0.330180	-13.467000	0.100966	14.626000	-0.025503	5.378260	-16.503000	1.559900	0.000000	-0.000000	-0.000000	3.854160	12.412100	-0.829622	8.326870	-8.752740	1.867020	-0.000001	-0.000000	0.000000	0.000001	0.000000	-0.000035	0.000000	0.000000	0.000000	47.264599	19.489100	24.321899	83.295097	-28.580700	80.539299	0.000000	0.000001	-0.000000	0.000000	0.000000	0.000000	-43.278198	-17.105499	25.984699	-93.841400	14.264600	102.740997	-0.000000	0.000001	0.000000	-0.165674	-0.876218	-0.002534	0.000000	0.000000	0.000001
-1.853470	-0.323316	-13.195500	0.108287	15.037700	-0.028105	5.201390	-18.274700	1.668120	-0.000000	0.000000	-0.000000	3.699800	12.182000	-0.781767	8.424660	-8.781250	1.865110	-0.000000	0.000000	0.000000	-0.000000	0.000000	-0.000021	0.000000	0.000000	0.000000	55.327801	13.889000	16.418400	95.425598	-22.056900	103.245003	0.000001	0.000002	0.000001	0.000000	0.000000	0.000000	-47.426300	-20.648199	25.878700	-102.014999	8.750770	131.695999	-0.000001	-0.000001	-0.000001	-0.156527	-0.869793	-0.002375	0.000000	-0.000000	0.000001
-2.088230	-0.472633	-12.190603	0.688576	14.544100	-0.172936	3.944560	-16.548901	1.316010	0.000000	0.000000	0.000001	4.296920	12.490500	-0.931001	7.074840	-9.622470	1.907800	-0.000000	0.000000	-0.000000	0.000001	0.000000	0.000036	0.000000	0.000000	0.000000	61.330200	7.110470	10.655900	106.935997	-18.453501	126.547997	0.000000	0.000000	0.000000	0.000000	0.000000	0.000000	-54.497299	-26.930000	24.885300	-107.001999	4.267420	151.464005	-0.000000	0.000000	-0.000001	-0.156015	-0.838749	-0.002282	-0.000000	-0.000000	0.000001
-1.725680	-0.197438	-11.589100	0.376755	13.844900	-0.090167	3.861630	-15.964500	1.164680	-0.000000	-0.000000	0.000000	4.168130	12.382800	-0.895339	6.652650	-10.200900	1.920950	-0.000001	-0.000000	-0.000000	0.000001	0.000000	-0.000088	0.000000	0.000000	0.000000	66.216202	-0.299270	6.412060	116.377998	-16.762800	140.763000	0.000000	-0.000000	0.000001	0.000000	0.000000	0.000000	-58.664299	-32.402199	24.498301	-113.691002	-4.075360	175.412003	0.000000	0.000000	-0.000001	0.121787	-0.836047	0.001777	0.000000	0.000000	0.000000
-1.530600	-0.114157	-11.005001	-0.427474	12.996200	0.096128	4.691260	-14.878100	1.099510	-0.000000	0.000000	0.000001	4.337000	12.238300	-0.921034	5.174620	-10.526800	1.734810	-0.000000	-0.000000	-0.000000	-0.000000	-0.000000	0.000078	0.000000	0.000000	0.000000	68.260002	-8.289570	3.031410	122.369003	-16.694599	146.488007	0.000000	-0.000000	0.000001	0.000000	0.000000	0.000000	-62.847198	-36.100399	22.874500	-117.959000	-12.520000	-169.604996	0.000000	0.000000	-0.000000	0.398447	-0.867842	0.006036	-0.000000	0.000000	0.000000
-1.328250	-1.102370	-9.572660	-0.988072	14.416600	0.246016	4.940520	-16.152399	1.109860	0.000000	-0.000000	0.000000	3.305300	13.752000	-0.786568	6.903410	-11.333700	2.007690	-0.000000	0.000000	0.000000	-0.000001	-0.000000	0.000047	0.000000	0.000000	0.000000	68.752800	-17.739100	-0.768671	126.274002	-20.208099	146.175995	-0.000001	0.000000	0.000000	0.000000	0.000000	0.000000	-63.331001	-39.818199	23.530399	-121.557999	-19.526800	-161.518005	0.000001	0.000000	-0.000000	0.486024	-1.353450	0.011481	0.000000	0.000000	-0.000000
-0.962530	-1.384879	-7.156049	-1.240190	14.756500	0.315931	3.796590	-16.848499	0.753291	0.000000	-0.000000	0.000000	2.741890	15.025500	-0.711347	6.937070	-13.849200	2.314760	-0.000001	0.000000	-0.000000	-0.000002	-0.000000	0.000043	0.000000	0.000000	0.000000	68.594101	-26.977900	-4.459160	125.065002	-24.358999	141.026993	0.000000	-0.000000	0.000000	0.000000	0.000000	0.000000	-63.251801	-38.716000	23.106199	-124.728996	-22.918100	-159.828003	-0.000000	-0.000000	0.000000	0.474270	-1.472170	0.012186	0.000000	0.000000	-0.000000
-0.726105	-1.399590	-7.134777	-1.946510	13.058200	0.439948	4.245790	-13.232700	0.538139	-0.000000	0.000000	0.000000	2.659300	15.228100	-0.698980	5.749350	-13.796200	1.996160	-0.000000	0.000000	0.000000	-0.000002	-0.000000	0.000021	0.000000	0.000000	0.000000	67.640602	-27.257299	-5.033480	125.803001	-24.047501	142.007996	0.000000	-0.000000	-0.000000	0.000000	0.000000	0.000000	-64.965103	-39.854599	22.173599	-122.057999	-22.506701	-158.212997	0.000000	-0.000000	-0.000000	0.494598	-1.474180	0.012725	0.000000	-0.000000	-0.000000
-0.601316	-1.040500	-7.670800	-2.737830	12.930200	0.613061	5.815160	-13.572700	0.739199	0.000000	-0.000000	0.000000	2.251220	14.520900	-0.564740	5.741370	-13.862200	1.909180	-0.000000	0.000000	0.000000	-0.000000	-0.000000	0.000010	0.000000	0.000000	0.000000	66.174004	-24.135799	-4.383580	123.922997	-22.100700	141.873001	-0.000001	-0.000000	-0.000000	0.000000	0.000000	0.000000	-68.720398	-38.393200	19.223101	-119.138000	-18.203899	-161.567001	0.000000	0.000001	-0.000001	0.355017	-1.393000	0.008632	-0.000000	-0.000000	0.000001
-0.561156	-0.355610	-7.408823	-2.397150	11.814900	0.491083	4.570680	-12.467300	0.480433	-0.000000	-0.000000	-0.000000	2.155900	13.913500	-0.518640	5.421420	-14.621700	1.907060	0.000000	-0.000000	0.000000	0.000000	0.000000	0.000029	0.000000	0.000000	0.000000	67.340202	-18.051500	-1.216790	119.708000	-19.984900	139.768997	0.000000	0.000000	0.000000	0.000000	0.000000	0.000000	-69.691101	-31.137400	16.865000	-117.610001	-13.332400	-168.231003	0.000000	0.000000	0.000000	0.346256	-1.098250	0.006637	0.000000	0.000000	-0.000000
-0.467445	-0.183288	-7.865150	-2.232320	11.410900	0.441859	3.027060	-11.946400	0.173665	0.000000	0.000000	-0.000000	2.288830	12.501500	-0.495710	4.037730	-11.686100	1.275340	-0.000000	-0.000000	0.000000	-0.000000	0.000000	0.000047	0.000000	0.000000	0.000000	66.080200	-10.933900	1.646750	113.510002	-17.847601	134.981995	-0.000000	0.000000	0.000001	0.000000	0.000000	0.000000	-70.402298	-28.887899	15.915800	-111.064003	-4.282880	175.186996	0.000000	-0.000000	0.000000	0.079940	-1.090690	0.001524	-0.000000	-0.000000	-0.000000
-0.913659	-0.439628	-9.116438	-2.143860	12.015800	0.446503	4.331650	-12.974000	0.501981	-0.000000	0.000000	0.000000	3.353110	13.011900	-0.755791	2.781090	-11.863900	1.247850	-0.000000	0.000000	0.000000	-0.000001	-0.000000	0.000068	0.000000	0.000000	0.000000	64.315300	-2.978850	5.228350	105.026001	-17.829800	122.517998	0.000000	0.000000	-0.000001	0.000000	0.000000	0.000000	-65.533997	-23.428101	16.843201	-106.248001	2.659040	153.501999	0.000000	0.000000	-0.000000	-0.308447	-1.248200	-0.006720	-0.000000	0.000000	-0.000001
-1.279941	0.188097	-9.985810	-1.290080	12.492400	0.279096	4.772330	-14.855700	0.901697	-0.000000	0.000000	0.000000	4.002620	12.463500	-0.865183	3.757500	-11.511800	1.538660	-0.000000	-0.000000	0.000001	-0.000000	-0.000000	-0.000004	0.000000	0.000000	0.000000	59.707699	5.379580	10.060100	95.640503	-16.924900	105.023003	-0.000000	0.000000	0.000000	0.000000	0.000000	0.000000	-60.173801	-18.940100	17.572701	-98.058502	8.674550	120.905998	0.000001	0.000000	-0.000001	-0.422149	-0.731298	-0.005387	-0.000000	-0.000000	-0.000000
-1.711600	0.969999	-10.695900	-0.667185	11.404900	0.131932	6.143970	-14.172800	1.348080	-0.000000	-0.000000	0.000000	4.471910	11.507400	-0.893872	5.267900	-11.361800	1.918490	0.000000	0.000000	-0.000000	-0.000000	0.000000	-0.000044	0.000000	0.000000	0.000000	53.302101	13.017400	16.675301	84.479500	-20.120199	79.851402	0.000000	-0.000002	0.000000	0.000000	0.000000	0.000000	-53.427101	-14.713400	18.347601	-88.240402	15.458100	86.064499	0.000000	-0.000000	0.000000	0.035309	-0.838601	0.000517	0.000000	0.000000	-0.000001
-1.445189	1.248060	-11.447400	-0.899441	10.616600	0.165718	6.221370	-12.745800	1.180810	0.000000	0.000000	-0.000000	4.221770	10.805500	-0.792867	5.199080	-10.571500	1.729460	0.000000	0.000000	0.000000	0.000000	-0.000000	0.000036	0.000000	0.000000	0.000000	46.141499	18.866301	24.521099	70.789703	-26.171700	58.952202	-0.000001	0.000000	-0.000001	0.000000	0.000000	0.000000	-47.966499	-11.341100	18.428101	-77.048302	18.598400	61.543800	-0.000000	-0.000000	0.000000	-0.011635	-0.859543	-0.000173	0.000000	0.000000	0.000001
-1.534110	1.061310	-11.673200	-0.725470	11.410900	0.143533	5.804360	-13.902900	1.226830	-0.000000	-0.000000	0.000000	3.758640	10.488100	-0.685145	6.275220	-9.184420	1.607340	-0.000000	-0.000000	0.000000	-0.000000	0.000000	0.000025	0.000000	0.000000	0.000000	42.743599	22.403601	29.490299	53.753799	-28.376301	39.722099	-0.000000	0.000000	0.000000	0.000000	0.000000	0.000000	-41.631599	-6.692060	16.955500	-67.827301	15.480500	42.637199	-0.000000	-0.000000	0.000000	-0.098172	-0.736878	-0.001263	0.000000	0.000000	-0.000001
-1.577241	0.818816	-11.690309	-0.456069	11.685300	0.092367	4.776010	-13.789100	1.033770	-0.000000	0.000000	0.000000	3.349850	11.213700	-0.652159	7.383770	-10.210800	1.912870	-0.000001	-0.000000	-0.000000	0.000000	0.000000	0.000092	0.000000	0.000000	0.000000	38.810398	23.607401	33.574402	41.700100	-27.170300	28.279699	-0.000000	-0.000000	0.000000	0.000000	0.000000	0.000000	-38.304901	-4.265650	15.603000	-59.469101	14.639200	32.109798	-0.000000	0.000001	0.000000	-0.209957	-0.803906	-0.002945	0.000000	0.000000	0.000000
-1.335410	0.810588	-11.274198	-0.953842	11.979100	0.197985	5.572060	-14.199400	1.140280	-0.000000	-0.000000	0.000000	3.253010	11.363400	-0.641616	6.917740	-9.817440	1.740900	0.000000	-0.000000	-0.000000	0.000003	0.000000	0.000007	0.000000	0.000000	0.000000	35.095699	24.083401	37.287498	36.150101	-27.571800	24.375999	-0.000000	0.000000	0.000001	0.000000	0.000000	0.000000	-36.614201	-2.862480	14.489000	-54.845001	12.545100	25.964701	0.000000	0.000000	-0.000001	-0.301579	-0.955203	-0.005029	0.000000	0.000000	-0.000001
-0.828175	0.452156	-11.519598	-2.104850	12.362700	0.450831	6.152530	-14.676900	1.039590	-0.000000	-0.000000	-0.000000	1.883080	11.232000	-0.366925	8.092440	-9.044750	1.578010	-0.000000	-0.000000	-0.000000	0.000000	-0.000000	0.000059	0.000000	0.000000	0.000000	33.172501	24.887501	39.827499	33.624901	-29.013201	23.296400	-0.000000	-0.000000	0.000000	0.000000	0.000000	0.000000	-36.041801	-2.797350	14.627400	-54.412300	11.683300	24.765499	0.000000	-0.000000	-0.000002	-0.253622	-0.922714	-0.004085	-0.000000	0.000000	0.000000
-0.912175	0.541541	-11.173100	-2.519830	12.345100	0.539063	7.175590	-14.537900	1.185840	-0.000000	-0.000000	-0.000000	2.082100	11.066100	-0.399816	8.012240	-7.885420	1.393620	-0.000000	-0.000000	0.000000	-0.000000	-0.000000	0.000011	0.000000	0.000000	0.000000	34.100899	24.573601	38.622398	33.188499	-29.982100	23.508200	0.000000	-0.000000	0.000001	0.000000	0.000000	0.000000	-35.484100	-2.724360	14.751100	-59.347900	11.683800	28.550301	-0.000000	-0.000000	0.000001	-0.286564	-0.813295	-0.004068	0.000000	0.000000	-0.000000
-0.767192	0.697634	-11.218303	-2.219310	11.790200	0.453678	6.242920	-14.105400	0.993579	0.000000	-0.000000	-0.000001	2.116150	10.570500	-0.388374	7.537310	-7.564080	1.277820	-0.000001	0.000000	0.000001	0.000001	0.000000	-0.000047	0.000000	0.000000	0.000000	35.032398	24.494600	37.655701	38.638000	-32.504601	28.778200	0.000000	0.000000	-0.000001	0.000000	0.000000	0.000000	-36.995201	-3.786280	15.537200	-63.867001	11.736100	32.946400	0.000000	0.000000	-0.000001	-0.467311	-0.801608	-0.006538	0.000000	-0.000000	0.000001
-0.564740	1.031750	-11.039104	-2.230490	11.528500	0.445983	5.498290	-14.825500	0.848562	0.000000	-0.000000	-0.000000	1.624390	10.180500	-0.287193	8.290430	-8.424700	1.463120	-0.000001	-0.000000	-0.000000	-0.000001	-0.000000	-0.000009	0.000000	0.000000	0.000000	36.863499	23.140301	34.875599	50.596600	-34.962700	40.669800	-0.000000	-0.000000	-0.000001	0.000000	0.000000	0.000000	-41.029900	-6.883100	17.407101	-68.112900	14.855700	42.359901	-0.000000	0.000000	0.000001	-0.441253	-0.774474	-0.005963	0.000000	-0.000000	0.000002
-0.275869	1.053780	-11.627303	-3.052720	11.163200	0.591548	6.484580	-14.566000	0.878668	0.000000	-0.000000	-0.000000	1.336390	9.805390	-0.227640	7.761620	-8.081160	1.286790	-0.000000	0.000000	0.000000	-0.000000	0.000000	0.000058	0.000000	0.000000	0.000000	41.361000	21.738100	30.046000	64.092201	-31.878700	53.746899	-0.000001	-0.000000	-0.000001	0.000000	0.000000	0.000000	-47.894501	-11.673400	18.726500	-73.029602	15.841900	51.483101	0.000000	0.000000	-0.000001	-0.611240	-0.675909	-0.007212	-0.000000	0.000000	0.000002
-0.076577	1.301380	-11.690699	-3.514320	11.719000	0.714653	6.843650	-16.806000	0.984896	0.000000	-0.000000	-0.000000	0.613823	9.250210	-0.098679	9.196220	-7.754750	1.335440	-0.000000	-0.000000	0.000000	0.000002	0.000000	-0.000022	0.000000	0.000000	0.000000	47.186001	18.329399	23.484800	77.114799	-25.792101	68.932999	0.000000	-0.000001	0.000001	0.000000	0.000000	0.000000	-53.794399	-14.867800	18.293800	-80.899399	12.756400	64.494202	0.000000	-0.000001	0.000001	-0.608144	-0.695781	-0.007385	-0.000000	-0.000000	0.000001
-0.528229	0.201001	-11.039400	-3.224270	13.100800	0.731553	7.071900	-16.721201	1.132840	-0.000000	0.000000	0.000000	1.824480	10.943600	-0.346486	6.833760	-8.424350	1.273030	-0.000000	-0.000000	0.000000	-0.000000	0.000000	0.000074	0.000000	0.000000	0.000000	54.366100	12.479300	15.888000	88.508202	-20.364100	88.793900	-0.000000	0.000001	0.000000	0.000000	0.000000	0.000000	-57.293499	-18.306400	18.657700	-88.812401	9.266030	87.885803	0.000000	0.000000	0.000000	-0.615883	-0.858386	-0.009226	0.000000	0.000000	0.000000
-1.886710	1.073380	-11.021799	-0.578098	11.363800	0.113908	5.793400	-14.353200	1.299070	0.000000	-0.000000	-0.000001	4.042700	9.757750	-0.686279	6.286690	-7.762170	1.401970	0.000000	0.000000	-0.000001	0.000000	0.000000	0.000045	0.000000	0.000000	0.000000	64.810501	6.767770	9.796570	94.964500	-14.870200	104.892998	0.000000	0.000000	0.000001	0.000000	0.000000	0.000000	-60.293999	-23.395201	19.630600	-96.908897	8.618940	118.703003	0.000000	0.000001	0.000000	-0.556230	-0.369822	-0.003589	-0.000000	0.000000	-0.000001
-1.286770	1.035040	-10.008097	-1.447650	10.723600	0.269414	6.347640	-13.579900	1.159160	0.000000	-0.000000	-0.000000	4.316200	9.235630	-0.694013	4.069090	-6.989890	1.020710	0.000000	-0.000000	0.000000	0.000000	-0.000000	0.000002	0.000000	0.000000	0.000000	69.985199	-1.089420	6.017590	103.697998	-14.243600	124.449997	0.000000	0.000000	-0.000001	0.000000	0.000000	0.000000	-65.890198	-26.291201	17.690001	-103.253998	2.524030	149.850998	-0.000000	-0.000000	0.000002	-0.517308	-0.137322	-0.001240	-0.000000	0.000000	-0.000001
-1.454490	1.257580	-9.706380	-1.440730	10.580600	0.264596	6.490740	-14.905900	1.308530	-0.000000	-0.000000	-0.000000	3.289880	9.385340	-0.537069	6.983530	-8.053260	1.448180	0.000000	0.000000	0.000001	-0.000002	-0.000000	0.000102	0.000000	0.000000	0.000000	71.081596	-6.803040	3.986410	112.643997	-15.566200	136.901993	-0.000000	0.000000	0.000001	0.000000	0.000000	0.000000	-68.341499	-29.248899	17.244699	-110.431000	-6.004040	179.272003	0.000000	-0.000000	0.000001	-0.434660	-0.269245	-0.002041	0.000000	0.000000	-0.000000
-1.032450	1.152580	-9.400249	-2.316280	9.551280	0.384541	7.130360	-12.050000	1.014040	0.000000	-0.000000	-0.000000	3.265220	9.750850	-0.553597	5.439310	-9.016180	1.366880	-0.000000	-0.000000	0.000000	0.000000	0.000000	-0.000006	0.000000	0.000000	0.000000	73.073303	-11.117500	2.789360	119.169998	-18.028000	141.731995	-0.000000	0.000000	-0.000001	0.000000	0.000000	0.000000	-72.624298	-35.118900	16.090401	-114.904999	-11.579300	-169.794006	-0.000001	-0.000001	0.000000	-0.008063	-0.282453	-0.000039	-0.000000	-0.000000	0.000000
-1.038490	-0.182736	-8.876580	-2.831010	12.339900	0.605476	7.834110	-14.774900	1.295760	-0.000000	0.000000	0.000000	2.405050	12.593500	-0.524681	6.603250	-11.555200	1.807010	-0.000001	-0.000000	0.000000	-0.000002	-0.000000	-0.000006	0.000000	0.000000	0.000000	69.878899	-15.782600	0.404225	125.276001	-19.756300	145.830994	0.000000	0.000000	-0.000000	0.000000	0.000000	0.000000	-66.291100	-34.733700	20.002001	-122.097000	-17.588100	-164.524994	-0.000001	-0.000000	-0.000000	0.163629	-0.795159	0.002271	0.000000	0.000000	0.000000
-1.041149	-0.113576	-8.828007	-3.070360	12.409600	0.660411	8.914580	-15.402800	1.576530	0.000000	0.000000	0.000000	2.486890	11.695600	-0.504434	6.592210	-9.301380	1.470960	0.000000	-0.000000	0.000001	0.000000	0.000000	-0.000022	0.000000	0.000000	0.000000	66.940399	-17.606100	-1.205520	128.115005	-19.099100	148.802994	-0.000001	0.000000	-0.000001	0.000000	0.000000	0.000000	-62.770000	-33.581902	21.967300	-126.294998	-18.994301	-165.384995	-0.000001	-0.000001	0.000001	-0.056272	-0.832693	-0.000816	-0.000000	-0.000000	0.000000
-0.577081	0.152781	-8.722440	-3.230570	11.433600	0.641048	7.551840	-14.083600	1.069120	-0.000000	0.000000	0.000000	2.071010	11.359500	-0.408092	6.215500	-9.995750	1.440960	-0.000000	-0.000000	0.000000	0.000002	0.000000	0.000071	0.000000	0.000000	0.000000	65.223000	-15.672200	-0.799774	129.302002	-17.845200	150.981995	0.000001	0.000000	-0.000000	0.000000	0.000000	0.000000	-61.332802	-33.837299	23.010799	-126.123001	-15.918400	-168.873993	-0.000002	0.000000	0.000001	0.309905	-0.868265	0.004697	0.000000	0.000000	0.000000
-0.259477	-0.036186	-8.690022	-3.692220	10.836500	0.695083	7.254540	-12.369300	0.778218	-0.000000	-0.000000	-0.000000	1.416360	10.837100	-0.266357	6.593610	-8.217540	1.148570	0.000000	-0.000000	0.000000	0.000000	0.000000	0.000050	0.000000	0.000000	0.000000	67.306999	-13.598100	0.678683	124.329002	-16.116199	148.675995	-0.000000	0.000000	-0.000001	0.000000	0.000000	0.000000	-67.185600	-31.108500	18.399599	-121.164001	-12.489500	-171.348007	-0.000001	-0.000000	-0.000000	0.409047	-0.943905	0.006739	-0.000000	0.000000	0.000000
-0.201314	0.919484	-8.969780	-3.572710	9.245100	0.574704	6.482310	-10.435600	0.535900	0.000000	0.000000	-0.000000	1.270440	9.752910	-0.215252	6.739880	-7.815680	1.093780	0.000001	0.000000	0.000000	0.000000	-0.000000	-0.000074	0.000000	0.000000	0.000000	66.600700	-7.552450	3.251470	120.056000	-13.078300	148.602005	0.000000	0.000000	0.000000	0.000000	0.000000	0.000000	-70.104103	-28.472799	16.014799	-114.921997	-5.754260	178.408005	-0.000000	0.000000	0.000001	0.086840	-0.373652	0.000566	0.000000	0.000000	-0.000000
-0.264350	0.776492	-9.185732	-3.167090	10.186000	0.560629	5.875520	-12.071800	0.577318	0.000000	-0.000000	-0.000000	1.436950	10.325200	-0.257613	6.441530	-8.760490	1.203770	0.000000	-0.000000	-0.000000	-0.000000	-0.000000	-0.000022	0.000000	0.000000	0.000000	65.667801	-2.819140	5.340120	112.917000	-10.831800	144.339996	0.000000	-0.000000	0.000000	0.000000	0.000000	0.000000	-67.445297	-23.019100	15.757500	-109.164001	2.787120	156.440002	-0.000000	0.000000	-0.000002	-0.144195	-0.377908	-0.000950	0.000000	0.000000	0.000001
-0.139124	1.123180	-9.277570	-3.299350	9.334280	0.535705	6.287860	-10.991300	0.578656	-0.000000	0.000000	0.000001	1.431070	9.556870	-0.237651	6.795930	-7.950390	1.142860	-0.000000	0.000000	0.000000	-0.000000	0.000000	-0.000039	0.000000	0.000000	0.000000	62.591499	3.726440	8.713700	102.239998	-10.662900	127.661003	0.000001	0.000001	-0.000002	0.000000	0.000000	0.000000	-63.719898	-17.320000	15.241100	-101.219002	8.748730	128.567993	0.000000	0.000000	-0.000000	-0.355686	-0.418157	-0.002594	0.000000	-0.000000	0.000001
-0.201124	0.529060	-9.370269	-3.446920	9.877520	0.591980	6.815440	-11.033000	0.655195	0.000000	0.000000	0.000001	1.840690	9.880410	-0.315961	5.752590	-7.404930	0.980728	0.000000	-0.000000	-0.000000	0.000000	-0.000000	-0.000036	0.000000	0.000000	0.000000	60.533600	7.743870	11.171600	87.232597	-9.257060	82.051697	-0.000000	-0.000001	0.000000	0.000000	0.000000	0.000000	-59.499699	-12.675600	14.613000	-90.163597	12.045500	90.907898	-0.000000	-0.000001	0.000000	-0.348157	-0.850056	-0.005164	-0.000000	0.000000	-0.000001
0.018831	0.914002	-9.754490	-4.102110	10.005100	0.713859	7.713960	-11.748700	0.749160	-0.000000	0.000000	-0.000000	1.480480	9.766340	-0.251197	5.577830	-7.636590	0.939775	-0.000000	-0.000000	0.000000	0.000000	-0.000000	-0.000061	0.000000	0.000000	0.000000	56.144699	13.093200	15.548800	71.491096	-13.039700	46.247200	0.000000	0.000001	0.000001	0.000000	0.000000	0.000000	-55.657200	-10.327400	14.577900	-74.550499	17.006901	55.208199	-0.000000	0.000001	0.000001	-0.431869	-0.720729	-0.005433	-0.000000	0.000000	0.000001
0.160663	0.768252	-9.966150	-4.321970	9.899520	0.744398	7.757910	-10.941400	0.665204	-0.000000	-0.000000	-0.000001	1.043820	10.557500	-0.191283	6.729420	-9.220810	1.250210	0.000000	0.000000	-0.000000	0.000000	-0.000000	0.000052	0.000000	0.000000	0.000000	51.494999	16.631599	19.823400	53.557098	-18.453199	31.348101	0.000000	0.000000	0.000000	0.000000	0.000000	0.000000	-52.063000	-8.181090	14.307300	-59.528198	18.603500	36.474998	-0.000000	-0.000001	-0.000001	-0.334202	-0.769409	-0.004487	0.000000	-0.000000	0.000000
0.182379	1.009380	-10.904500	-4.473650	10.290200	0.800713	7.986940	-12.811800	0.796054	0.000000	0.000000	-0.000000	0.651519	9.759300	-0.110451	7.269190	-8.102390	1.122040	-0.000000	0.000000	0.000000	0.000000	-0.000000	-0.000002	0.000000	0.000000	0.000000	46.038200	20.091499	25.415600	40.402401	-20.946699	23.602699	0.000000	-0.000000	0.000000	0.000000	0.000000	0.000000	-46.760601	-6.112870	14.383900	-51.184601	15.489700	26.286800	-0.000000	-0.000000	0.000000	-0.761694	-0.656608	-0.008728	0.000000	0.000000	-0.000001
0.381950	0.926896	-11.722598	-5.048540	9.892150	0.869487	8.908110	-11.279600	0.770813	0.000000	0.000000	0.000000	1.477040	9.444580	-0.242434	4.636370	-7.264310	0.773367	-0.000000	-0.000000	0.000001	0.000000	0.000000	0.000044	0.000000	0.000000	0.000000	39.641800	22.725300	32.180199	33.721298	-24.732000	21.500500	0.000000	-0.000000	0.000002	0.000000	0.000000	0.000000	-41.928001	-6.002650	16.090200	-48.492699	16.145599	25.085100	-0.000000	0.000000	0.000000	-0.547823	-0.618439	-0.005911	0.000000	-0.000000	0.000000
-0.250935	0.031474	-11.928603	-4.069630	11.839300	0.836293	7.941060	-12.908600	0.885582	-0.000000	0.000000	0.000001	1.339890	11.242900	-0.261293	6.880100	-8.769140	1.257640	0.000000	0.000000	-0.000000	-0.000000	-0.000000	-0.000044	0.000000	0.000000	0.000000	37.868401	24.836399	35.315201	31.412701	-27.082500	21.120199	0.000000	-0.000000	0.000000	0.000000	0.000000	0.000000	-41.370201	-5.513390	15.792500	-45.035900	15.423500	22.397400	-0.000000	-0.000000	0.000001	-0.433570	-1.011760	-0.007655	-0.000000	-0.000000	0.000001
-0.655913	0.313390	-11.887298	-3.079720	12.081200	0.645163	8.088050	-13.374500	1.177220	-0.000000	0.000000	0.000001	2.227740	11.195000	-0.432733	7.013870	-8.535930	1.377030	0.000000	0.000000	0.000000	-0.000001	-0.000000	-0.000077	0.000000	0.000000	0.000000	38.921200	25.204300	34.660599	30.295200	-26.292200	20.136000	0.000000	-0.000000	-0.000001	0.000000	0.000000	0.000000	-40.886398	-5.208740	15.650600	-47.915699	14.740600	23.520700	-0.000000	0.000000	0.000001	0.014444	-0.682267	0.000172	0.000000	-0.000000	0.000002
-0.948908	0.396287	-11.773600	-1.871590	12.687100	0.411179	6.218700	-14.614800	1.110450	-0.000000	0.000000	0.000000	2.613090	11.170400	-0.506573	6.893290	-8.215180	1.363450	0.000000	0.000000	-0.000000	-0.000002	-0.000000	0.000009	0.000000	0.000000	0.000000	40.949501	25.236900	32.938702	34.760399	-27.339199	23.547800	0.000000	-0.000000	-0.000002	0.000000	0.000000	0.000000	-43.094299	-6.684560	16.320200	-50.225300	17.181200	27.194099	-0.000000	-0.000000	0.000001	0.053376	-0.717835	0.000670	-0.000000	-0.000000	-0.000001
-0.980222	-0.386566	-11.365600	-2.027210	13.708400	0.480588	6.628300	-15.093800	1.215670	0.000000	-0.000000	0.000000	2.612830	11.994600	-0.543367	7.103110	-8.012670	1.359020	-0.000001	-0.000000	-0.000000	-0.000000	0.000000	-0.000096	0.000000	0.000000	0.000000	44.476398	23.490700	28.899099	41.999001	-25.846600	27.788799	-0.000000	0.000000	0.000000	0.000000	0.000000	0.000000	-44.838402	-8.102990	16.979601	-58.248901	18.269501	35.038898	-0.000001	0.000000	0.000003	0.378295	-1.197820	0.007909	-0.000000	-0.000000	-0.000000
-1.135940	-0.348547	-11.175400	-0.875759	14.036900	0.212415	3.896290	-16.360500	0.858951	0.000000	-0.000000	-0.000000	3.063340	12.107700	-0.643134	6.315450	-8.702020	1.420900	-0.000000	-0.000000	-0.000001	0.000001	0.000000	0.000097	0.000000	0.000000	0.000000	48.736801	22.570299	25.298901	53.971100	-25.553499	37.901901	-0.000000	-0.000000	0.000000	0.000000	0.000000	0.000000	-50.242901	-10.617200	16.853100	-63.748798	19.962700	42.737701	0.000000	-0.000000	0.000000	0.199039	-0.950895	0.003304	-0.000000	-0.000000	-0.000000
-1.514860	0.055499	-10.692598	-0.594865	13.831300	0.142210	5.384280	-16.532301	1.370730	-0.000000	-0.000000	0.000000	4.402120	12.032600	-0.919436	4.853710	-8.746160	1.404390	0.000000	0.000000	0.000000	-0.000000	0.000000	0.000018	0.000000	0.000000	0.000000	54.142101	19.621201	20.288099	66.043404	-21.701500	48.508900	-0.000000	0.000001	-0.000000	0.000000	0.000000	0.000000	-54.833801	-12.363200	16.216400	-71.637802	18.952600	52.649300	0.000000	0.000001	-0.000001	-0.111873	-0.750193	-0.001464	0.000000	0.000000	0.000001
-1.322620	0.808104	-10.453402	-0.399724	12.469700	0.086305	4.760950	-16.037500	1.209640	0.000000	0.000000	-0.000000	4.707520	10.967000	-0.897530	3.681620	-9.151060	1.329580	0.000000	-0.000000	0.000000	-0.000001	-0.000000	-0.000045	0.000000	0.000000	0.000000	60.008499	16.142401	15.678400	76.122704	-16.109501	59.398602	0.000000	-0.000001	0.000000	0.000000	0.000000	0.000000	-59.803299	-15.404100	15.974600	-79.556000	17.531601	66.150902	0.000000	0.000000	-0.000000	0.073166	-0.419835	0.000535	0.000000	-0.000000	-0.000001
-1.659270	1.020940	-10.097700	0.510954	12.094800	-0.107065	4.488830	-16.231199	1.397600	-0.000000	-0.000000	0.000000	4.701000	10.301400	-0.842494	5.543390	-8.509140	1.520240	0.000000	0.000000	-0.000001	0.000001	0.000000	-0.000049	0.000000	0.000000	0.000000	68.119301	12.674500	11.370200	84.538498	-13.164200	77.024902	-0.000000	0.000000	0.000000	0.000000	0.000000	0.000000	-64.088600	-17.952600	15.388900	-89.284897	15.054200	89.309402	0.000000	-0.000000	0.000000	-0.077317	-0.323083	-0.000436	0.000000	0.000000	0.000000
-1.756570	0.960993	-9.501170	0.449742	11.183000	-0.087229	5.024350	-14.220400	1.346470	0.000000	-0.000000	-0.000000	5.323690	9.981370	-0.925333	4.599630	-7.875830	1.361860	0.000001	0.000000	-0.000001	-0.000001	-0.000000	-0.000027	0.000000	0.000000	0.000000	73.946701	7.358910	8.347250	96.790802	-9.950590	115.731003	0.000000	0.000000	0.000000	0.000000	0.000000	0.000000	-70.053596	-21.300800	14.042100	-98.085899	12.789900	115.452003	-0.000000	0.000000	-0.000000	-0.012410	-0.520238	-0.000111	0.000000	-0.000000	-0.000002
-1.865340	0.451270	-8.991003	0.779919	11.627400	-0.157205	4.162910	-13.986800	1.193590	-0.000000	0.000000	0.000000	5.216010	10.981300	-0.996249	5.148060	-8.603430	1.552360	-0.000000	-0.000000	-0.000000	-0.000001	-0.000000	-0.000024	0.000000	0.000000	0.000000	78.427299	1.496880	6.453430	105.877998	-9.973420	135.990997	0.000000	-0.000000	0.000002	0.000000	0.000000	0.000000	-75.436096	-23.789301	12.297500	-104.752998	5.524210	143.800003	-0.000000	-0.000000	-0.000002	0.059906	-0.758667	0.000794	-0.000000	0.000000	-0.000000
-0.790565	0.293204	-8.184512	-0.766057	12.020100	0.159537	3.958100	-14.791200	0.820021	-0.000000	-0.000000	0.000000	3.394020	11.747900	-0.691825	6.023360	-10.283900	1.683020	0.000000	0.000000	-0.000000	0.000001	0.000000	0.000083	0.000000	0.000000	0.000000	77.183403	-4.730340	5.075710	115.091003	-10.898500	146.901993	0.000000	0.000000	-0.000000	0.000000	0.000000	0.000000	-75.950302	-26.315701	12.516000	-112.152000	-1.249920	168.016998	0.000000	0.000000	-0.000001	0.212150	-0.902870	0.003342	-0.000000	0.000000	-0.000001
-0.519026	0.547143	-7.583708	-1.800820	11.643300	0.363543	4.657580	-14.787700	0.739212	-0.000000	-0.000000	0.000001	2.690000	11.574700	-0.540129	5.790450	-10.287400	1.515310	-0.000001	-0.000000	0.000000	0.000001	0.000000	-0.000032	0.000000	0.000000	0.000000	77.653503	-9.763010	3.956320	120.482002	-11.848200	150.647995	-0.000000	0.000000	-0.000000	0.000000	0.000000	0.000000	-75.807198	-27.399900	12.756600	-117.616997	-5.924050	178.475998	0.000001	0.000000	-0.000001	0.105461	-0.770129	0.001418	0.000000	0.000000	0.000000
-0.372518	-0.552036	-6.927819	-2.416370	12.532000	0.524603	4.875460	-15.079500	0.655148	0.000000	-0.000000	-0.000000	2.302010	12.968700	-0.516891	5.229050	-11.268900	1.468210	0.000000	0.000000	0.000000	-0.000002	-0.000000	-0.000064	0.000000	0.000000	0.000000	74.889099	-13.604600	2.426630	123.917999	-15.893100	148.785995	-0.000000	-0.000000	-0.000000	0.000000	0.000000	0.000000	-75.344398	-28.645800	13.190500	-121.360001	-9.955610	-175.423996	-0.000001	-0.000000	0.000001	0.416063	-1.290550	0.009372	0.000000	-0.000000	-0.000000
-0.514955	-0.382959	-6.709371	-2.133230	12.689200	0.468787	4.177440	-15.305600	0.553603	0.000000	-0.000000	0.000000	2.536690	13.687900	-0.600643	5.428980	-12.864000	1.768060	0.000000	0.000000	0.000000	-0.000001	-0.000000	-0.000082	0.000000	0.000000	0.000000	75.188103	-14.789100	2.167680	124.309998	-16.845600	148.084000	0.000000	0.000000	-0.000001	0.000000	0.000000	0.000000	-75.641998	-28.716299	13.039200	-121.505997	-9.774270	-175.727005	-0.000001	0.000000	0.000001	0.351470	-1.287280	0.007897	-0.000000	-0.000000	0.000001
-0.564303	-0.500571	-6.856600	-2.035410	12.927700	0.455538	4.231140	-15.336100	0.594676	-0.000000	0.000000	0.000000	2.039420	13.819100	-0.487335	6.724800	-12.870600	1.953390	0.000000	0.000000	-0.000000	-0.000000	-0.000000	-0.000100	0.000000	0.000000	0.000000	75.725800	-13.653000	2.601090	120.839996	-15.425600	146.417999	-0.000001	-0.000000	0.000000	0.000000	0.000000	0.000000	-73.375504	-25.791201	13.591800	-120.339996	-7.551870	-179.069000	0.000001	0.000000	-0.000001	0.305611	-1.435530	0.007658	-0.000000	-0.000000	-0.000000
-0.316895	0.070317	-7.064773	-2.436260	12.371200	0.522246	4.555270	-14.906100	0.559909	0.000000	0.000000	-0.000000	1.628690	13.300500	-0.374799	7.059520	-12.278100	1.851760	0.000000	-0.000000	-0.000000	0.000002	0.000000	-0.000037	0.000000	0.000000	0.000000	73.687698	-9.003140	3.585010	114.875000	-12.185700	144.393005	0.000000	-0.000000	0.000001	0.000000	0.000000	0.000000	-73.052803	-20.543699	12.489600	-116.184998	-1.227920	169.139008	0.000001	0.000000	-0.000000	0.323022	-0.991786	0.005592	0.000000	0.000000	0.000000
-0.513603	0.313626	-7.786937	-2.038030	12.479500	0.440567	5.015960	-16.117901	0.840822	-0.000000	0.000000	0.000000	1.848620	12.728800	-0.407462	7.602270	-11.368500	1.870170	-0.000001	-0.000000	0.000000	0.000000	0.000000	-0.000043	0.000000	0.000000	0.000000	72.012703	-1.875080	5.724650	106.488998	-10.526400	135.602997	-0.000000	0.000000	-0.000002	0.000000	0.000000	0.000000	-70.160202	-14.174200	11.695900	-108.343002	5.668980	147.602997	-0.000000	0.000000	0.000000	0.158731	-0.995386	0.002758	0.000000	-0.000000	-0.000000
-0.238567	0.520264	-8.568676	-2.570720	11.810100	0.526478	6.062860	-14.998000	0.918916	0.000000	-0.000000	0.000000	2.155390	12.245600	-0.457380	6.623860	-11.554900	1.761840	0.000000	0.000000	-0.000000	-0.000000	0.000000	0.000016	0.000000	0.000000	0.000000	66.497002	6.199850	9.203470	95.112900	-11.021100	109.070999	-0.000000	0.000000	-0.000000	0.000000	0.000000	0.000000	-67.927101	-10.239000	10.922600	-94.840103	9.744600	106.064003	-0.000000	-0.000001	-0.000000	-0.270167	-1.053800	-0.004967	0.000000	-0.000000	-0.000000
-0.549053	0.260085	-8.969970	-2.113960	12.344800	0.452142	5.773950	-15.270200	0.978097	0.000000	0.000000	0.000000	2.370630	12.689200	-0.521030	6.791770	-11.603100	1.846130	0.000000	0.000000	-0.000001	0.000002	0.000000	0.000067	0.000000	0.000000	0.000000	62.564098	12.555000	12.967300	79.997704	-13.152900	64.545998	0.000001	-0.000000	-0.000000	0.000000	0.000000	0.000000	-62.231899	-6.093930	10.331500	-81.751701	12.183000	63.941200	-0.000001	0.000001	-0.000001	-0.264396	-0.916723	-0.004230	-0.000000	-0.000000	-0.000000
-1.080581	0.123889	-9.688451	-1.539920	13.013500	0.346833	5.606130	-15.234900	1.080630	-0.000000	0.000000	0.000000	3.133520	12.668000	-0.687848	6.335680	-10.446400	1.717980	0.000000	0.000000	-0.000000	-0.000001	-0.000000	-0.000084	0.000000	0.000000	0.000000	56.075001	19.007799	18.893900	60.729099	-17.569000	37.650299	-0.000001	-0.000000	0.000000	0.000000	0.000000	0.000000	-55.973701	-3.710500	10.113000	-65.640701	15.303600	39.019798	0.000001	0.000000	-0.000002	-0.156189	-0.922327	-0.002515	0.000000	-0.000000	0.000001
-1.614850	0.194788	-10.093101	-0.500670	12.944900	0.112152	5.120000	-14.040600	1.126100	0.000000	0.000000	0.000000	4.304970	12.472000	-0.931393	5.054750	-9.787890	1.587300	0.000000	-0.000000	-0.000000	0.000000	0.000000	0.000022	0.000000	0.000000	0.000000	49.862801	24.554399	25.698000	47.599800	-24.974300	31.838699	-0.000000	0.000000	-0.000000	0.000000	0.000000	0.000000	-48.334400	-2.092190	10.306600	-56.198502	12.480500	26.665899	0.000000	-0.000000	-0.000000	-0.026572	-1.016830	-0.000470	0.000000	-0.000000	0.000000
-1.474360	0.370931	-10.394900	-0.741027	13.403700	0.171780	5.791570	-15.685700	1.374260	0.000000	-0.000000	-0.000000	4.094870	12.781400	-0.907389	5.692170	-11.011400	1.867120	0.000000	-0.000000	-0.000000	-0.000001	-0.000000	-0.000081	0.000000	0.000000	0.000000	45.340900	25.315901	29.411501	36.997700	-23.784800	23.179100	-0.000000	0.000000	0.000001	0.000000	0.000000	0.000000	-42.637402	-1.307120	10.750900	-51.559101	10.807600	21.851601	-0.000000	0.000000	-0.000000	0.036049	-0.874163	0.000550	0.000000	-0.000000	0.000001
-1.346780	0.325968	-10.287800	-0.699966	12.596300	0.152650	5.259780	-13.271200	1.052750	-0.000000	0.000000	0.000000	5.288550	12.740000	-1.169440	2.209530	-10.864700	1.396140	0.000000	-0.000000	-0.000001	-0.000000	0.000000	-0.000070	0.000000	0.000000	0.000000	42.251400	25.404400	31.876600	29.424500	-22.453800	17.946600	0.000000	0.000000	-0.000000	0.000000	0.000000	0.000000	-40.639599	-1.405010	11.349800	-47.684101	11.966900	20.812300	0.000000	0.000000	-0.000000	-0.027512	-0.855066	-0.000410	-0.000000	-0.000000	-0.000001
-1.096810	0.261480	-10.023801	-1.194170	12.605400	0.260638	5.980710	-13.499800	1.126610	0.000000	-0.000000	-0.000000	4.944460	12.038100	-1.033690	2.660810	-8.757970	1.147800	-0.000000	0.000000	-0.000001	0.000001	0.000000	0.000034	0.000000	0.000000	0.000000	41.084900	24.365101	32.083302	25.363100	-20.916000	15.199500	0.000000	-0.000000	-0.000000	0.000000	0.000000	0.000000	-40.751301	-1.682060	11.645400	-46.045399	11.923700	19.943800	0.000000	-0.000000	0.000000	-0.025907	-0.924994	-0.000420	0.000000	0.000000	-0.000000
-1.189320	0.966678	-9.943382	-0.523527	11.925400	0.108178	4.664600	-13.583800	0.976879	0.000000	-0.000000	-0.000001	4.347460	12.013400	-0.906555	4.415870	-10.787900	1.634470	-0.000000	0.000000	-0.000000	-0.000000	0.000000	0.000077	0.000000	0.000000	0.000000	40.138302	24.100401	32.684898	26.667000	-24.066700	17.184099	-0.000001	0.000001	-0.000000	0.000000	0.000000	0.000000	-40.435799	-2.354820	12.517800	-49.273602	13.181500	22.825899	0.000000	0.000001	-0.000001	-0.240170	-0.481581	-0.002020	-0.000000	0.000000	-0.000000
-1.925270	0.595535	-10.366701	0.442134	12.480300	-0.095552	4.259500	-14.565500	1.182250	-0.000000	0.000000	0.000001	5.354550	11.445700	-1.065540	3.678790	-8.519200	1.332950	0.000000	0.000000	0.000000	-0.000000	0.000000	0.000061	0.000000	0.000000	0.000000	42.688400	24.604799	30.998100	31.465099	-25.575300	20.654200	0.000000	-0.000000	-0.000000	0.000000	0.000000	0.000000	-42.657101	-4.403240	14.092900	-52.583801	14.613600	26.433599	-0.000000	0.000000	-0.000000	-0.340877	-0.675271	-0.004017	-0.000000	-0.000000	0.000001
-1.867299	0.613637	-10.670897	0.448463	12.924900	-0.100320	4.751920	-15.660200	1.404250	-0.000000	0.000000	0.000000	4.853170	12.061900	-1.016490	5.712990	-9.609540	1.765020	-0.000000	0.000000	0.000001	-0.000001	-0.000000	-0.000055	0.000000	0.000000	0.000000	43.726398	24.950001	30.439199	42.515598	-29.850300	30.735800	-0.000000	-0.000000	-0.000000	0.000000	0.000000	0.000000	-47.308800	-7.074310	15.053100	-56.292999	17.468599	32.247898	-0.000000	0.000001	-0.000001	-0.201216	-0.582985	-0.002047	-0.000000	-0.000000	0.000001
-1.899101	0.736628	-10.893205	0.595796	12.660200	-0.130588	3.706690	-15.274500	1.131610	0.000000	-0.000000	0.000000	5.012840	11.004500	-0.959248	4.757570	-8.100460	1.376580	0.000000	0.000000	0.000000	0.000002	0.000000	-0.000053	0.000000	0.000000	0.000000	47.475700	24.174400	27.177799	54.920399	-29.538099	41.961399	0.000000	-0.000000	-0.000000	0.000000	0.000000	0.000000	-51.065601	-10.360700	16.316099	-64.523499	20.047899	43.613201	0.000000	-0.000002	0.000001	-0.136601	-0.514470	-0.001228	0.000000	0.000000	-0.000000
-2.067870	0.753206	-10.761700	0.653740	12.237600	-0.138578	4.005440	-14.750700	1.184940	0.000000	-0.000000	0.000000	5.987790	10.843300	-1.130420	2.536340	-8.177140	1.205670	0.000000	-0.000000	0.000000	-0.000002	-0.000000	-0.000013	0.000000	0.000000	0.000000	52.464199	22.782301	23.070000	70.625504	-26.823099	59.765301	0.000001	-0.000000	-0.000001	0.000000	0.000000	0.000000	-55.488098	-11.639000	15.500700	-74.043297	17.553101	54.944302	0.000000	0.000001	-0.000001	-0.369148	-0.259284	-0.001670	-0.000000	-0.000000	-0.000000
-1.961589	0.830663	-10.548502	0.777357	12.137900	-0.163462	3.448440	-15.073600	1.096280	0.000000	-0.000000	-0.000000	5.248950	10.411100	-0.951118	4.325850	-7.445720	1.240710	0.000000	0.000000	0.000000	0.000000	0.000000	0.000020	0.000000	0.000000	0.000000	58.627602	19.384100	17.899000	83.396301	-20.918699	79.242798	-0.000001	0.000001	-0.000001	0.000000	0.000000	0.000000	-60.715099	-13.904000	14.847100	-81.109200	15.115700	67.069000	-0.000000	-0.000001	-0.000000	-0.492357	-0.163799	-0.001406	-0.000000	0.000000	-0.000000
-2.128080	0.331207	-10.360898	0.653159	12.029400	-0.136137	4.299650	-13.553700	1.160080	0.000000	-0.000000	-0.000001	6.180960	10.826300	-1.165350	2.224680	-7.153970	1.040220	0.000000	-0.000000	0.000000	0.000001	0.000000	0.000046	0.000000	0.000000	0.000000	65.606903	15.661700	13.307900	92.557098	-18.102800	99.723099	-0.000000	0.000001	0.000000	0.000000	0.000000	0.000000	-64.173103	-17.645300	15.236800	-88.789803	13.467000	87.714104	0.000000	0.000000	0.000001	-0.467103	-0.378721	-0.003088	0.000000	0.000000	-0.000001
-1.593160	-0.192286	-10.079998	-0.768684	12.865700	0.171166	5.984830	-14.654600	1.327990	0.000000	-0.000000	-0.000000	5.054500	11.920200	-1.046610	3.520160	-8.474570	1.256510	0.000000	0.000000	-0.000000	-0.000000	-0.000000	0.000003	0.000000	0.000000	0.000000	69.139801	10.382600	10.261200	102.975998	-15.877700	123.485001	-0.000000	0.000000	0.000001	0.000000	0.000000	0.000000	-69.584297	-21.251200	14.254700	-97.210999	10.258000	116.195000	-0.000000	-0.000000	0.000000	-0.571437	-0.669604	-0.006679	-0.000000	-0.000000	0.000000
-1.129990	-0.342781	-9.764870	-1.282510	12.109100	0.269073	5.276530	-12.824100	0.894249	-0.000000	0.000000	0.000000	4.049320	11.767100	-0.827124	4.033840	-8.150440	1.141170	0.000000	-0.000000	0.000000	0.000002	0.000000	0.000049	0.000000	0.000000	0.000000	72.171600	3.967070	7.578820	111.569000	-14.133300	138.811005	-0.000000	-0.000000	0.000001	0.000000	0.000000	0.000000	-71.210602	-24.670799	14.486200	-107.864998	4.217720	151.707001	-0.000000	-0.000000	-0.000000	-0.360111	-0.860621	-0.005409	-0.000000	-0.000000	0.000000
-0.812320	-0.265466	-9.668880	-1.902870	12.048200	0.397329	5.201520	-13.154800	0.761082	-0.000000	0.000000	0.000000	2.950870	12.303000	-0.629317	5.278130	-9.726180	1.387880	0.000000	-0.000000	0.000000	0.000001	0.000000	-0.000104	0.000000	0.000000	0.000000	71.832603	-0.510886	6.156430	120.081001	-13.958400	148.233994	0.000000	-0.000000	0.000001	0.000000	0.000000	0.000000	-72.830399	-27.465799	14.368900	-114.786003	-2.199150	170.962997	0.000000	0.000000	-0.000000	-0.583715	-0.796117	-0.008110	-0.000000	-0.000000	-0.000001
-0.796998	-0.194930	-8.858974	-2.665490	11.655700	0.538872	7.004290	-13.166300	1.002690	-0.000000	-0.000000	0.000000	2.544900	11.463100	-0.506096	6.159510	-8.234830	1.248780	-0.000000	0.000000	0.000000	0.000002	0.000000	0.000006	0.000000	0.000000	0.000000	71.993698	-6.160090	4.285270	125.670998	-13.271900	153.350006	0.000000	0.000000	-0.000001	0.000000	0.000000	0.000000	-71.627998	-29.114000	15.355500	-120.647003	-4.714120	176.462006	-0.000000	0.000000	0.000001	-0.101575	-0.765054	-0.001357	0.000000	0.000000	0.000000
-0.583969	0.476183	-8.256300	-2.505620	10.611800	0.461696	6.153070	-12.921800	0.826333	0.000000	0.000000	-0.000000	2.480180	10.650200	-0.458652	5.741250	-8.712120	1.247120	0.000000	-0.000000	-0.000000	-0.000002	-0.000000	-0.000023	0.000000	0.000000	0.000000	67.431503	-8.304240	3.029230	131.171997	-13.365300	156.862000	-0.000000	-0.000000	-0.000000	0.000000	0.000000	0.000000	-71.983704	-29.145500	15.140500	-122.912003	-5.572060	177.787994	0.000000	-0.000000	-0.000000	-0.003648	-0.549616	-0.000034	-0.000000	-0.000000	-0.000001
-0.632305	0.297742	-7.030230	-1.811330	10.800200	0.339519	4.857790	-13.627400	0.726001	0.000000	0.000000	0.000000	2.322360	11.050800	-0.445390	6.873260	-9.559640	1.532700	-0.000000	-0.000000	0.000000	0.000000	-0.000000	0.000065	0.000000	0.000000	0.000000	70.601303	-12.665300	1.839920	128.712006	-14.062700	154.427002	-0.000000	-0.000000	0.000000	0.000000	0.000000	0.000000	-68.938301	-26.300100	15.956000	-125.005997	-6.547630	178.992004	0.000000	0.000000	0.000001	0.310161	-0.631231	0.003418	0.000000	-0.000000	-0.000000
-0.441669	0.055568	-7.246210	-2.941180	10.900000	0.556626	6.699350	-13.549300	0.894168	0.000000	-0.000000	0.000000	2.184130	11.906300	-0.450830	6.486080	-10.627700	1.602060	0.000000	0.000000	-0.000000	0.000000	0.000000	-0.000093	0.000000	0.000000	0.000000	69.800102	-10.758500	2.396670	125.677002	-14.245600	152.061005	-0.000000	-0.000000	0.000000	0.000000	0.000000	0.000000	-66.569801	-22.146099	15.808900	-125.980003	-6.082100	178.100998	-0.000000	0.000000	0.000001	0.328739	-0.716453	0.004110	-0.000000	0.000000	0.000001
-0.546743	0.272976	-7.829170	-3.014590	10.019500	0.524954	7.317400	-11.440500	0.864195	-0.000000	-0.000000	-0.000000	3.028430	11.959200	-0.628105	4.183340	-11.460400	1.426960	0.000000	0.000000	0.000000	0.000000	-0.000000	-0.000048	0.000000	0.000000	0.000000	68.713501	-7.432760	3.545300	120.616997	-13.140700	149.160004	0.000001	0.000000	-0.000001	0.000000	0.000000	0.000000	-62.706100	-21.261400	17.335100	-121.926003	-2.198400	172.404999	-0.000000	-0.000000	0.000000	0.238863	-0.724748	0.003021	-0.000000	-0.000000	-0.000001
-0.214335	0.811271	-8.267710	-3.015700	9.791360	0.513304	6.861830	-12.275800	0.828328	-0.000000	-0.000000	-0.000000	2.301210	10.548200	-0.421493	5.492150	-9.519210	1.290100	0.000000	0.000000	0.000000	-0.000000	0.000000	-0.000040	0.000000	0.000000	0.000000	65.139900	-0.978580	6.219260	114.745003	-14.200500	142.190002	0.000000	-0.000000	0.000001	0.000000	0.000000	0.000000	-64.914597	-19.205700	15.498900	-113.768997	2.433210	160.772003	-0.000000	-0.000000	0.000001	-0.097451	-0.340183	-0.000579	-0.000000	0.000000	-0.000001
-0.420358	0.638042	-8.923190	-2.667160	9.274860	0.430165	6.004910	-10.252000	0.600934	0.000000	0.000000	-0.000000	2.647780	10.505000	-0.483087	4.724300	-9.805170	1.254540	0.000000	0.000000	-0.000000	-0.000000	0.000000	-0.000072	0.000000	0.000000	0.000000	62.308701	3.486990	8.633930	102.420998	-16.266199	120.552002	0.000000	-0.000000	-0.000000	0.000000	0.000000	0.000000	-61.932301	-15.541400	15.160600	-104.180000	4.678010	143.460999	-0.000000	-0.000000	0.000000	-0.350701	-0.457033	-0.002796	-0.000000	-0.000000	-0.000001
-0.664264	0.209752	-9.727450	-2.407310	10.200200	0.426540	5.778790	-11.106700	0.657561	-0.000000	0.000000	0.000001	2.708240	11.473200	-0.539091	5.272750	-10.634900	1.471990	0.000000	0.000000	0.000000	0.000002	0.000000	-0.000030	0.000000	0.000000	0.000000	58.554100	8.024910	11.830100	89.485001	-16.273399	90.280403	0.000000	-0.000002	-0.000000	0.000000	0.000000	0.000000	-57.978600	-14.610600	16.287500	-91.752502	10.882500	97.037804	-0.000000	0.000001	0.000000	-0.430602	-0.656750	-0.004936	0.000000	-0.000000	0.000001
-0.830173	-0.051589	-10.034503	-2.308690	11.171100	0.447506	6.917290	-12.174400	0.983206	0.000000	-0.000000	-0.000000	3.311280	11.797800	-0.677752	4.856110	-10.328100	1.461160	0.000000	0.000000	-0.000000	0.000001	0.000000	-0.000060	0.000000	0.000000	0.000000	55.433498	10.778800	14.411900	71.661797	-14.707200	48.372101	-0.000001	0.000001	0.000000	0.000000	0.000000	0.000000	-53.745701	-12.630300	16.833099	-74.866997	16.630400	55.928001	0.000000	-0.000001	-0.000000	-0.438893	-0.772238	-0.005917	0.000000	-0.000000	0.000002
-0.592113	0.685402	-9.963301	-2.389470	10.334700	0.428902	6.646870	-11.791700	0.879535	-0.000000	0.000000	0.000000	2.642600	11.261400	-0.516420	5.959060	-11.001500	1.643550	-0.000000	0.000000	0.000001	-0.000000	0.000000	0.000021	0.000000	0.000000	0.000000	51.140202	13.589300	17.978399	50.582901	-16.012100	26.577200	0.000000	0.000000	-0.000000	0.000000	0.000000	0.000000	-50.603500	-9.513370	15.854400	-58.449402	17.952299	34.931702	-0.000001	0.000000	-0.000000	-0.631382	-0.587340	-0.006471	0.000000	-0.000000	-0.000000
-0.418672	0.392478	-9.837557	-2.655800	10.220800	0.471569	5.836930	-11.800300	0.659849	-0.000000	0.000000	0.000000	2.571500	11.097000	-0.495264	4.740570	-10.295200	1.304990	0.000000	0.000000	0.000000	0.000000	-0.000000	-0.000023	0.000000	0.000000	0.000000	45.310699	15.757800	22.586000	35.769299	-15.525900	17.476700	0.000000	-0.000000	-0.000000	0.000000	0.000000	0.000000	-46.421001	-6.854950	15.190400	-43.770699	14.866800	21.314800	0.000000	0.000000	0.000001	-0.336618	-0.579637	-0.003405	0.000000	-0.000000	0.000001
-0.000166	0.541648	-10.277699	-3.442770	10.768000	0.643961	6.496180	-13.083900	0.705632	0.000000	-0.000000	-0.000001	1.185390	10.599700	-0.218086	7.068440	-8.926550	1.286250	-0.000000	0.000000	0.000000	-0.000000	-0.000000	-0.000024	0.000000	0.000000	0.000000	39.757599	18.392401	28.495600	23.731501	-14.770200	12.093500	-0.000001	0.000000	0.000000	0.000000	0.000000	0.000000	-42.750702	-5.391680	15.125400	-33.886200	12.934200	15.486900	0.000000	0.000000	0.000000	-0.669412	-0.330440	-0.003862	-0.000000	0.000000	-0.000000
-0.021481	0.098684	-10.263000	-4.163770	11.065400	0.800499	8.092120	-12.803600	0.889135	-0.000000	0.000000	0.000001	1.091910	11.137800	-0.210958	7.481130	-9.271100	1.387920	-0.000000	-0.000000	0.000001	0.000002	0.000000	-0.000002	0.000000	0.000000	0.000000	35.321602	18.943701	32.592999	18.040701	-11.977600	9.132830	-0.000000	0.000000	0.000001	0.000000	0.000000	0.000000	-39.351398	-4.563690	15.532500	-28.433399	13.492000	13.828000	0.000001	0.000000	0.000000	-0.712067	-0.636848	-0.007913	-0.000000	-0.000000	-0.000001
-0.016629	-0.339901	-10.051100	-3.719500	11.933000	0.770096	5.689360	-13.006200	0.461642	0.000000	0.000000	0.000000	0.966543	11.521500	-0.193081	6.446730	-8.952430	1.156860	-0.000000	-0.000000	-0.000000	0.000002	0.000000	0.000098	0.000000	0.000000	0.000000	33.235298	20.471201	35.889900	16.950001	-14.536800	9.418600	0.000001	-0.000001	-0.000000	0.000000	0.000000	0.000000	-38.135799	-3.321630	14.504400	-27.787100	11.840400	12.859900	-0.000000	0.000000	-0.000000	-0.616403	-0.726637	-0.007816	-0.000000	-0.000000	-0.000001
0.133550	0.100161	-10.285700	-3.658150	11.284600	0.716759	5.310320	-13.491300	0.402096	0.000000	0.000000	0.000001	0.812664	10.432400	-0.147174	6.713180	-7.887430	1.036750	-0.000000	-0.000000	-0.000001	-0.000002	-0.000000	-0.000015	0.000000	0.000000	0.000000	33.891701	21.041201	35.804401	19.965401	-16.616699	11.110700	-0.000001	0.000001	0.000001	0.000000	0.000000	0.000000	-39.331200	-3.955790	14.824300	-31.955000	11.517000	14.019100	0.000000	0.000000	0.000000	-0.756160	-0.581143	-0.007669	0.000000	-0.000000	-0.000000
0.249072	0.223312	-10.237297	-3.977900	11.233600	0.776123	6.765810	-13.765200	0.682081	-0.000000	-0.000000	0.000000	-0.058345	10.656700	0.010777	9.303090	-9.145300	1.482080	-0.000001	-0.000000	0.000001	-0.000002	-0.000000	-0.000048	0.000000	0.000000	0.000000	37.172298	21.045500	32.829601	24.764099	-20.274799	14.574600	0.000001	-0.000000	0.000000	0.000000	0.000000	0.000000	-43.391602	-5.715220	15.220400	-37.420200	14.016600	17.605700	-0.000000	0.000000	-0.000000	-0.655989	-0.413244	-0.004731	-0.000000	-0.000000	0.000001
0.108221	0.022625	-9.887710	-3.935560	11.423800	0.780661	6.428290	-13.705800	0.609519	-0.000000	0.000000	0.000001	1.314200	10.423600	-0.237822	5.630390	-7.686200	0.930379	0.000000	0.000000	0.000000	-0.000002	-0.000000	0.000094	0.000000	0.000000	0.000000	41.819099	19.459801	27.814501	37.516102	-23.981800	23.485500	-0.000000	0.000000	-0.000001	0.000000	0.000000	0.000000	-49.949299	-9.514120	16.107500	-42.325298	18.935400	23.516701	0.000000	0.000000	-0.000001	-0.689306	-0.436062	-0.005246	-0.000000	-0.000000	-0.000000
-0.315727	-0.661282	-9.135373	-3.430560	12.494700	0.743035	6.368630	-14.591300	0.761328	-0.000000	0.000000	0.000000	2.289100	11.870800	-0.471127	4.629380	-9.490960	1.138040	0.000000	0.000000	-0.000000	0.000000	0.000000	0.000063	0.000000	0.000000	0.000000	47.379200	17.499100	22.633101	54.450001	-27.601999	39.731602	-0.000000	0.000000	-0.000000	0.000000	0.000000	0.000000	-55.717201	-12.068600	15.671100	-51.517601	19.768000	30.713800	0.000000	-0.000001	-0.000001	-0.799584	-0.656810	-0.009165	0.000000	-0.000000	0.000000
-0.734707	-0.558631	-8.558710	-2.745040	12.762800	0.606857	6.769500	-15.247500	1.077950	0.000000	0.000000	0.000000	2.647140	12.104700	-0.555487	6.128460	-9.013130	1.375940	-0.000000	-0.000000	0.000000	0.000002	0.000000	-0.000076	0.000000	0.000000	0.000000	55.597198	11.150500	14.553000	68.703796	-21.858299	51.774502	0.000000	0.000001	-0.000001	0.000000	0.000000	0.000000	-60.477699	-15.127000	15.532600	-63.571602	18.833200	41.887402	-0.000001	0.000000	0.000000	-0.752678	-0.388850	-0.005107	0.000000	0.000000	-0.000000
-1.253590	-0.970570	-8.257190	-1.669430	13.250000	0.382727	6.341740	-16.166800	1.316060	-0.000000	0.000000	0.000001	3.722120	11.990800	-0.774337	5.507540	-8.061600	1.293740	0.000000	-0.000000	0.000000	0.000000	0.000000	-0.000067	0.000000	0.000000	0.000000	63.055401	4.618960	9.066020	81.238998	-19.975700	71.442596	-0.000000	-0.000000	-0.000000	0.000000	0.000000	0.000000	-62.526699	-18.827900	16.410700	-76.697899	14.014200	57.674000	0.000001	-0.000002	-0.000001	-0.629376	-0.706611	-0.007762	0.000000	0.000000	0.000000
-1.066090	-1.022510	-7.521946	-1.465300	12.711900	0.322496	5.491500	-14.438500	1.014460	-0.000000	0.000000	0.000000	4.172050	11.645900	-0.843617	3.817930	-6.947980	0.962151	-0.000000	0.000000	0.000001	0.000002	0.000000	0.000101	0.000000	0.000000	0.000000	68.896004	-4.560800	4.692020	93.105103	-17.596600	96.651604	0.000000	0.000001	0.000001	0.000000	0.000000	0.000000	-69.563301	-24.403799	15.139000	-88.005997	12.240700	88.049500	0.000000	0.000001	0.000002	-0.324876	-0.759572	-0.004305	-0.000000	0.000000	0.000000
-1.114200	-1.462850	-6.505950	-1.263980	12.752300	0.279043	4.884890	-14.334800	0.905374	0.000000	-0.000000	-0.000000	4.445590	13.658500	-1.051760	3.252050	-11.819800	1.559650	-0.000000	0.000000	0.000000	0.000002	0.000000	0.000048	0.000000	0.000000	0.000000	74.026901	-15.151600	1.780390	102.473000	-16.326000	117.348000	-0.000000	0.000000	-0.000001	0.000000	0.000000	0.000000	-73.733002	-28.617201	14.029800	-98.739601	4.698850	135.251999	0.000000	-0.000000	-0.000001	-0.114395	-1.336870	-0.002668	0.000000	-0.000000	0.000001
-1.079030	-2.117080	-6.133540	-1.539270	13.973800	0.371776	4.648240	-15.266900	0.831431	0.000000	0.000000	0.000000	3.788560	14.478100	-0.948482	4.150990	-11.504400	1.568830	-0.000000	-0.000000	-0.000000	0.000002	0.000000	-0.000105	0.000000	0.000000	0.000000	75.798302	-24.714701	-0.400896	111.489998	-16.362900	132.677002	-0.000001	0.000000	-0.000001	0.000000	0.000000	0.000000	-73.484802	-36.135201	15.574200	-108.129997	-1.296760	168.162994	-0.000000	-0.000000	0.000000	0.235322	-1.921170	0.007890	-0.000000	0.000000	0.000000
-1.013030	-1.251189	-6.703988	-1.562170	13.740300	0.371127	4.163200	-16.214199	0.739262	0.000000	-0.000000	-0.000000	3.072250	14.169900	-0.752771	5.849640	-11.812000	1.821010	-0.000000	-0.000000	-0.000000	0.000000	0.000000	-0.000058	0.000000	0.000000	0.000000	74.892998	-30.056400	-2.344140	119.962997	-17.863501	141.776001	0.000000	-0.000000	0.000000	0.000000	0.000000	0.000000	-72.192596	-42.171200	17.479200	-116.755997	-8.149360	-176.095993	0.000001	-0.000000	0.000000	0.178770	-3.853930	0.012018	0.000000	-0.000000	-0.000000
-0.674735	0.785797	-7.125281	-2.243250	9.897340	0.385763	5.263480	-14.116200	0.745420	0.000000	0.000000	0.000000	2.523330	10.704200	-0.468981	6.611010	-10.613200	1.687960	0.000000	0.000000	-0.000000	0.000000	-0.000000	0.000019	0.000000	0.000000	0.000000	76.134903	-34.331501	-2.842730	124.644997	-17.790300	146.649002	-0.000001	-0.000000	0.000000	0.000000	0.000000	0.000000	-71.016899	-46.484699	19.032400	-121.091003	-10.482900	-173.311005	-0.000001	-0.000000	-0.000001	0.925491	-7.565770	0.121869	0.000000	0.000000	0.000001
-0.646112	1.435701	-7.518590	-2.240960	8.596780	0.335139	5.183890	-13.707500	0.703946	0.000000	-0.000000	-0.000000	2.606070	8.509430	-0.385892	5.798080	-8.257320	1.211340	-0.000000	-0.000000	0.000000	-0.000002	-0.000000	0.000048	0.000000	0.000000	0.000000	72.656403	-35.163601	-5.145110	127.930000	-17.149500	150.222000	-0.000000	-0.000000	-0.000000	0.000000	0.000000	0.000000	-68.643501	-49.348400	21.347700	-122.349998	-12.840600	-170.278000	0.000001	0.000000	0.000002	1.471130	-5.676240	0.145541	-0.000000	0.000000	0.000001
