0.303822	-2.371580	-10.224300	-5.445790	17.969400	1.684640	8.762850	-16.684401	1.030060	0.000000	0.000000	0.000000	-0.294075	16.769199	0.084828	8.438980	-10.279200	1.465250	-0.000001	-0.000000	0.000000	-0.000002	0.000000	0.000035	0.000000	0.000000	0.000000	34.220001	21.189301	35.462299	44.798599	-32.766399	33.564301	0.000000	0.000000	-0.000000	0.000000	0.000000	0.000000	-38.920200	-5.617790	16.840500	-67.174400	13.094100	39.087898	0.000000	0.000000	-0.000000	-0.655064	-1.501140	-0.017161	-0.000000	0.000000	-0.000000
-0.621877	-2.366561	-10.824203	-4.423610	19.003000	1.442950	8.803040	-18.647499	1.480420	0.000000	-0.000000	-0.000000	0.366042	17.201700	-0.108266	9.413680	-10.606100	1.814010	-0.000000	0.000000	0.000000	0.000001	0.000000	-0.000011	0.000000	0.000000	0.000000	36.754902	20.815701	32.891899	58.058399	-33.815800	47.240299	0.000000	-0.000000	-0.000000	0.000000	0.000000	0.000000	-40.224400	-9.256240	20.266300	-73.782303	16.512600	53.949902	0.000000	0.000000	-0.000002	-0.309462	-1.082650	-0.005848	0.000000	-0.000000	0.000002
-1.207310	-2.949873	-10.767004	-2.568940	19.672001	0.865298	6.157150	-17.938000	1.152820	-0.000000	0.000000	-0.000000	1.647410	17.877199	-0.505853	8.072130	-10.886700	1.837440	0.000000	0.000000	0.000000	-0.000000	-0.000000	-0.000072	0.000000	0.000000	0.000000	41.819401	17.745199	26.304001	72.713600	-30.640499	63.868599	-0.000000	0.000000	-0.000000	0.000000	0.000000	0.000000	-42.280300	-11.786400	21.651699	-83.156502	15.629500	73.531303	0.000001	-0.000000	-0.000000	-0.040531	-1.126330	-0.000798	0.000000	-0.000000	-0.000000
-1.242760	-2.807950	-10.877604	-2.318580	19.935900	0.790933	6.591740	-18.225201	1.382400	-0.000000	0.000000	0.000000	1.863340	17.738001	-0.567882	8.320140	-9.662020	1.711530	-0.000000	0.000000	0.000000	0.000000	0.000000	0.000052	0.000000	0.000000	0.000000	47.148800	13.484300	19.661100	85.515999	-26.777800	83.115402	-0.000000	-0.000001	-0.000001	0.000000	0.000000	0.000000	-45.533600	-15.611100	23.104000	-91.755302	12.951100	97.878502	0.000000	-0.000000	-0.000000	0.215176	-0.841622	0.003161	0.000000	0.000000	-0.000000
-1.447450	-3.028610	-9.650051	-1.973470	19.695299	0.665318	7.093070	-17.532400	1.581060	-0.000000	0.000000	0.000000	3.059950	17.227100	-0.907027	7.014660	-8.271620	1.443830	-0.000000	0.000000	0.000000	-0.000001	-0.000000	0.000080	0.000000	0.000000	0.000000	53.393799	4.319730	10.487300	97.880501	-20.696400	107.182999	0.000000	0.000001	-0.000001	0.000000	0.000000	0.000000	-50.007099	-18.961800	22.852800	-99.578796	10.427000	123.658997	-0.000000	-0.000000	-0.000000	0.125199	-1.309250	0.002861	-0.000000	-0.000000	-0.000001
-0.836503	-2.408298	-8.199241	-2.647710	17.969700	0.817373	6.511360	-16.775400	1.154150	0.000000	0.000000	0.000000	1.829110	16.201500	-0.510519	8.186140	-8.305560	1.450510	-0.000000	-0.000000	-0.000000	0.000000	0.000000	-0.000051	0.000000	0.000000	0.000000	57.270901	-5.432940	3.521360	108.198997	-16.905100	128.621002	0.000001	0.000000	-0.000000	0.000000	0.000000	0.000000	-53.932899	-22.247000	22.467699	-107.580002	7.122460	146.307999	-0.000000	-0.000000	-0.000001	0.233860	-1.431460	0.005842	-0.000000	-0.000000	0.000001
-0.667275	-2.287972	-7.401640	-3.180250	16.906300	0.925705	7.430780	-15.669000	1.187300	0.000000	0.000000	0.000000	1.485060	16.200199	-0.414418	8.529000	-8.846190	1.546140	-0.000000	0.000000	0.000000	-0.000000	-0.000000	0.000010	0.000000	0.000000	0.000000	60.793301	-14.929700	-1.697250	115.110001	-15.346800	139.653000	0.000000	0.000000	-0.000001	0.000000	0.000000	0.000000	-57.780399	-26.138599	22.087400	-113.526001	1.320720	164.365997	0.000000	-0.000000	-0.000000	0.633677	-1.129880	0.012497	0.000000	-0.000000	-0.000001
-0.260924	-1.884729	-8.090679	-4.429640	17.311300	1.320490	8.925910	-18.498301	1.493370	-0.000000	0.000000	0.000000	0.389651	15.271600	-0.102643	9.709020	-7.725170	1.369550	0.000001	0.000000	-0.000001	0.000000	0.000000	0.000045	0.000000	0.000000	0.000000	64.455498	-20.371099	-3.410820	118.737999	-17.462400	141.175003	-0.000001	0.000000	-0.000000	0.000000	0.000000	0.000000	-58.599701	-33.396702	24.636200	-116.372002	-4.440960	176.957001	-0.000000	-0.000000	0.000000	0.689634	-1.269640	0.015281	-0.000000	0.000000	-0.000001
-0.275892	-1.803410	-8.010488	-4.373380	16.198999	1.222240	8.179130	-16.524200	1.133590	0.000000	-0.000000	-0.000000	0.157313	14.856500	-0.040345	9.513440	-7.763140	1.317900	-0.000001	-0.000000	0.000001	-0.000000	0.000000	0.000003	0.000000	0.000000	0.000000	61.775398	-25.964600	-7.427040	124.402000	-20.476101	143.817993	0.000000	-0.000000	0.000000	0.000000	0.000000	0.000000	-55.275600	-35.784698	27.981899	-122.991997	-11.383500	-172.981003	0.000000	0.000000	-0.000000	0.501133	-1.268600	0.011097	0.000000	0.000000	-0.000000
-0.412350	-2.387030	-8.452430	-4.282160	17.004000	1.254390	7.827010	-16.413500	1.056030	0.000000	0.000000	0.000000	0.065236	15.541000	-0.017488	9.655330	-8.062040	1.375890	0.000001	0.000000	-0.000001	0.000002	0.000001	0.000015	0.000000	0.000000	0.000000	61.235699	-28.275499	-8.980640	126.788002	-22.675800	144.080994	-0.000000	0.000000	0.000000	0.000000	0.000000	0.000000	-51.295898	-36.477501	31.409700	-127.482002	-16.137501	-168.878998	0.000000	0.000000	0.000000	0.575963	-1.421180	0.014286	0.000000	-0.000000	-0.000001
-0.310849	-1.643120	-9.268886	-4.383250	16.371599	1.237700	8.337520	-16.414400	1.169600	0.000000	-0.000000	0.000000	1.192460	14.986300	-0.308407	7.020040	-8.232160	1.177930	0.000001	-0.000000	-0.000001	-0.000002	-0.000000	0.000092	0.000000	0.000000	0.000000	62.763599	-26.917801	-7.500360	124.977997	-21.877899	143.037994	0.000001	0.000000	0.000000	0.000000	0.000000	0.000000	-51.368000	-37.465801	31.835899	-126.765999	-15.518300	-169.223999	0.000000	0.000000	-0.000001	0.490969	-1.277200	0.010944	0.000000	0.000000	-0.000001
-0.430023	-1.044750	-9.533530	-4.262940	14.354900	1.058720	8.521030	-13.939100	1.059820	-0.000000	-0.000000	-0.000000	0.821703	13.619400	-0.193507	8.458760	-7.921360	1.286800	-0.000000	-0.000000	0.000000	-0.000002	-0.000000	0.000009	0.000000	0.000000	0.000000	67.244904	-23.692101	-3.875280	120.817001	-19.156500	141.479004	0.000000	0.000000	-0.000000	0.000000	0.000000	0.000000	-53.072498	-33.153000	28.640100	-124.532997	-10.582300	-174.746002	0.000000	-0.000000	-0.000001	0.455830	-1.345400	0.010704	0.000000	0.000000	0.000002
-0.152164	-0.821877	-9.966580	-4.395550	14.395500	1.094800	7.745820	-13.939600	0.841372	0.000000	-0.000000	0.000000	-0.122764	13.817000	0.029308	9.233030	-9.122450	1.456950	0.000001	0.000000	-0.000001	-0.000000	0.000000	-0.000067	0.000000	0.000000	0.000000	66.807800	-17.285500	-1.218160	116.944000	-15.531600	141.466003	-0.000000	0.000000	0.000000	0.000000	0.000000	0.000000	-57.782799	-28.684799	23.372101	-117.454002	-2.450550	172.794998	-0.000000	-0.000000	0.000001	0.312189	-1.514770	0.008253	-0.000000	0.000000	0.000001
0.045485	-0.662570	-10.145299	-4.844490	14.407100	1.208050	8.658820	-14.843800	1.017820	-0.000000	0.000000	0.000000	-0.366830	13.211800	0.083831	9.812140	-7.944760	1.318620	0.000000	-0.000000	0.000000	-0.000000	0.000000	0.000048	0.000000	0.000000	0.000000	64.545097	-8.890250	2.253140	109.219002	-13.383700	134.283005	0.000000	-0.000000	0.000001	0.000000	0.000000	0.000000	-60.336300	-24.551100	20.023500	-108.143997	6.065690	148.792999	0.000000	0.000000	-0.000002	0.279441	-1.538070	0.007501	0.000000	0.000000	0.000001
0.097929	-0.865545	-10.400400	-5.371350	14.199100	1.321170	9.057410	-13.666700	0.911105	-0.000000	0.000000	-0.000001	0.256975	13.014000	-0.057880	7.364650	-6.957910	0.927881	-0.000000	-0.000000	0.000000	-0.000002	-0.000000	-0.000054	0.000000	0.000000	0.000000	60.400501	-3.245890	4.976130	98.356300	-11.242600	114.677002	-0.000001	-0.000001	-0.000000	0.000000	0.000000	0.000000	-56.199902	-18.796801	19.398600	-100.589996	8.546950	128.320007	0.000000	-0.000001	-0.000000	-0.114601	-1.349640	-0.002698	0.000000	0.000000	0.000001
-0.012120	-0.713407	-10.580100	-4.799100	14.557400	1.208890	7.739050	-14.699900	0.785940	-0.000000	0.000000	0.000000	0.502265	12.637500	-0.109899	6.545100	-6.911700	0.850837	-0.000000	0.000000	-0.000000	-0.000000	0.000000	-0.000071	0.000000	0.000000	0.000000	54.257999	2.888950	9.393140	86.279099	-12.493800	78.190598	0.000000	0.000000	0.000000	0.000000	0.000000	0.000000	-50.642601	-14.984200	19.819300	-89.221497	13.226100	89.283203	0.000000	-0.000000	-0.000000	-0.116482	-1.315970	-0.002674	-0.000000	0.000000	-0.000001
-0.101175	-0.954275	-11.042900	-5.015980	14.468500	1.256230	8.554800	-13.558300	0.868155	-0.000000	-0.000000	-0.000000	0.393156	13.406400	-0.091165	7.263780	-8.059680	1.078320	0.000000	0.000000	0.000000	0.000000	-0.000000	-0.000058	0.000000	0.000000	0.000000	48.851002	8.265830	14.845100	69.953300	-15.978100	46.495998	0.000000	-0.000000	-0.000000	0.000000	0.000000	0.000000	-45.498402	-12.610300	20.648199	-76.775703	16.889700	60.099201	-0.000001	0.000001	-0.000000	-0.059251	-1.305510	-0.001348	-0.000000	0.000000	-0.000001
0.048601	-0.969751	-11.437400	-5.316500	14.761600	1.358270	9.059560	-13.586000	0.921962	-0.000000	0.000000	0.000000	-0.600839	13.480700	0.140064	9.519360	-8.021170	1.256800	0.000000	-0.000000	-0.000000	-0.000000	0.000000	0.000015	0.000000	0.000000	0.000000	43.503700	12.157300	20.530001	54.542301	-17.700399	30.875601	-0.000000	0.000000	0.000002	0.000000	0.000000	0.000000	-41.130199	-9.995740	20.581600	-69.580002	16.618700	47.105499	-0.000001	-0.000000	0.000001	0.049876	-1.260170	0.001097	-0.000000	-0.000000	-0.000000
-0.155791	-1.337070	-11.709702	-5.037260	15.474900	1.347240	8.389150	-14.173300	0.866595	0.000000	0.000000	0.000000	-0.144424	14.052100	0.035060	7.889880	-8.097100	1.098140	0.000000	0.000000	0.000000	0.000002	0.000000	0.000055	0.000000	0.000000	0.000000	39.634899	15.901900	26.332399	41.873100	-20.626301	23.884199	-0.000000	0.000000	0.000001	0.000000	0.000000	0.000000	-37.922199	-8.395280	20.658100	-63.988098	16.094900	39.017502	0.000000	-0.000000	-0.000001	-0.328990	-1.331700	-0.007644	-0.000000	-0.000000	0.000001
-0.026679	-1.152930	-11.483107	-4.710940	15.239100	1.240850	7.466310	-13.759000	0.695393	0.000000	-0.000000	-0.000000	-0.286266	13.716700	0.067870	8.150530	-7.917710	1.091180	-0.000000	0.000000	-0.000000	-0.000002	-0.000000	0.000021	0.000000	0.000000	0.000000	36.801601	17.791800	30.237000	34.610001	-21.700800	20.113800	0.000000	0.000000	-0.000001	0.000000	0.000000	0.000000	-34.993801	-7.053030	20.740000	-62.527100	15.736000	36.894699	-0.000000	0.000001	-0.000001	-0.029817	-1.363980	-0.000707	-0.000000	0.000000	-0.000001
-0.046508	-1.200540	-10.859300	-5.093160	15.229500	1.341180	8.317540	-13.849100	0.815639	-0.000000	0.000000	0.000001	-0.859046	14.751000	0.218732	9.929830	-10.085200	1.606490	-0.000001	-0.000000	0.000000	0.000002	0.000000	0.000011	0.000000	0.000000	0.000000	36.018501	17.493099	30.561100	32.931301	-19.932100	18.199800	-0.000000	0.000000	-0.000002	0.000000	0.000000	0.000000	-32.977200	-5.322730	19.585199	-64.022598	13.053700	35.223499	0.000000	-0.000000	-0.000001	-0.336656	-1.482860	-0.008710	-0.000000	0.000000	-0.000000
0.455042	-0.142400	-10.491996	-5.762830	14.150300	1.413290	9.546850	-14.773800	1.011190	0.000000	-0.000000	-0.000000	-1.166680	13.001200	0.262494	10.372900	-8.582020	1.390060	0.000000	0.000000	-0.000001	0.000002	0.000000	-0.000024	0.000000	0.000000	0.000000	35.077900	17.475201	31.346399	34.293201	-22.424700	20.326799	-0.000000	0.000000	0.000000	0.000000	0.000000	0.000000	-34.226398	-5.543870	19.151100	-66.461403	13.508500	38.603802	0.000000	0.000000	-0.000001	-0.256463	-1.032130	-0.004620	0.000000	0.000000	0.000001
0.121490	-0.478291	-10.302900	-5.984350	13.573800	1.409350	11.381600	-13.394800	1.293040	0.000000	-0.000000	0.000000	0.347287	13.215200	-0.079405	7.718970	-9.147210	1.289140	0.000000	0.000000	-0.000001	-0.000002	-0.000000	-0.000003	0.000000	0.000000	0.000000	38.273602	16.857401	28.154699	38.581100	-20.178699	21.579000	0.000000	0.000000	-0.000002	0.000000	0.000000	0.000000	-36.895199	-7.023020	19.555201	-66.258301	14.409200	39.634102	0.000000	-0.000000	0.000000	-0.383278	-1.198890	-0.008019	0.000000	-0.000000	0.000002
-0.008891	-0.944897	-10.482800	-5.281180	15.027800	1.372960	9.528140	-14.344600	1.099130	-0.000000	0.000000	0.000001	0.107596	14.784700	-0.027468	7.777740	-10.999800	1.513100	-0.000001	-0.000000	0.000000	0.000000	0.000000	-0.000037	0.000000	0.000000	0.000000	40.046200	15.350300	25.489799	48.704700	-21.696600	29.597700	-0.000000	-0.000000	0.000001	0.000000	0.000000	0.000000	-40.740799	-9.643960	20.389799	-67.252602	16.830299	44.077599	0.000000	-0.000000	-0.000000	-0.465659	-1.577460	-0.012820	-0.000000	-0.000000	0.000000
-0.299749	-0.957039	-10.699300	-4.782470	15.932500	1.315630	9.154200	-16.435101	1.291500	0.000000	0.000000	0.000000	0.380038	14.047000	-0.092252	8.612460	-8.508990	1.339640	-0.000001	-0.000000	-0.000000	0.000002	0.000000	-0.000075	0.000000	0.000000	0.000000	42.248299	15.141200	23.863400	61.078701	-25.054501	44.424400	0.000000	-0.000000	-0.000001	0.000000	0.000000	0.000000	-43.197498	-12.021000	21.356100	-73.024803	17.005199	53.299999	0.000000	0.000000	-0.000001	-0.567271	-1.763470	-0.017457	-0.000000	-0.000000	0.000000
-0.582807	-0.927313	-10.604095	-4.199650	15.579900	1.129820	8.727360	-15.423500	1.247840	0.000000	0.000000	0.000000	0.174228	14.426300	-0.043413	10.635100	-8.695660	1.652560	0.000000	0.000000	0.000000	-0.000000	0.000000	0.000063	0.000000	0.000000	0.000000	44.997898	13.032600	20.462400	77.635498	-24.161501	67.829102	0.000000	-0.000000	-0.000000	0.000000	0.000000	0.000000	-43.649601	-13.555900	22.484400	-81.601700	15.282600	69.484200	-0.000000	0.000000	-0.000001	-0.410627	-1.786770	-0.012803	0.000000	-0.000000	-0.000000
-0.383217	-1.431400	-10.768100	-4.466200	16.307699	1.256420	8.363600	-16.003500	1.125900	0.000000	0.000000	0.000001	0.434479	15.130000	-0.113417	8.261430	-9.849240	1.496050	-0.000000	0.000000	-0.000000	-0.000002	-0.000000	0.000004	0.000000	0.000000	0.000000	49.347301	9.674110	15.754500	91.362602	-22.047800	94.096001	0.000000	0.000001	0.000000	0.000000	0.000000	0.000000	-44.275700	-15.382000	23.688601	-92.228203	11.590900	99.880402	-0.000000	0.000000	-0.000000	-0.237499	-1.591450	-0.006594	0.000000	-0.000000	-0.000000
0.026062	-1.037250	-10.970005	-4.794210	14.994000	1.243040	8.473230	-14.853200	0.986424	-0.000000	-0.000000	0.000000	-0.620317	13.701900	0.146928	10.213400	-8.534010	1.439430	0.000000	0.000000	0.000000	-0.000002	-0.000000	0.000057	0.000000	0.000000	0.000000	52.270802	5.699610	11.830800	104.075996	-20.603201	119.474998	-0.000000	-0.000000	-0.000000	0.000000	0.000000	0.000000	-46.529499	-18.526400	24.762600	-102.892998	8.018140	135.289001	-0.000001	-0.000000	0.000000	-0.356134	-1.268830	-0.007884	-0.000000	0.000000	0.000000
0.121036	-0.665445	-10.629499	-5.380240	14.670600	1.366350	10.537700	-15.544600	1.433140	-0.000000	0.000000	0.000000	0.181314	12.879800	-0.040425	8.665820	-8.110930	1.257400	-0.000000	0.000000	-0.000000	-0.000002	-0.000000	-0.000053	0.000000	0.000000	0.000000	57.192101	0.615593	7.482440	114.948997	-18.179899	137.647995	-0.000000	-0.000000	0.000001	0.000000	0.000000	0.000000	-51.209202	-23.360901	24.934900	-109.939003	5.542930	152.311996	-0.000000	0.000000	-0.000001	-0.244746	-1.313550	-0.005610	0.000000	0.000000	0.000000
0.266868	-0.522674	-10.894599	-5.348790	14.041000	1.301250	9.850560	-14.440300	1.165000	0.000000	0.000000	-0.000001	-0.630309	13.072600	0.142561	10.131100	-9.249400	1.543560	0.000000	-0.000000	0.000000	-0.000002	-0.000000	0.000001	0.000000	0.000000	0.000000	60.373001	-3.971350	4.556460	124.415001	-16.214300	149.210007	-0.000000	-0.000000	-0.000000	0.000000	0.000000	0.000000	-53.028599	-24.909599	24.649599	-119.435997	-1.689480	171.587997	0.000000	0.000000	0.000000	-0.064052	-1.375400	-0.001536	-0.000000	0.000000	-0.000001
0.113828	-1.443761	-9.701130	-4.900000	15.546300	1.316250	8.231260	-16.086700	0.973992	-0.000000	0.000000	0.000000	-0.628387	13.586400	0.147610	9.672690	-7.769370	1.235170	0.000000	0.000000	-0.000000	-0.000000	0.000000	-0.000037	0.000000	0.000000	0.000000	61.018700	-12.266100	-0.165517	129.794998	-17.693701	151.664001	0.000000	0.000000	-0.000000	0.000000	0.000000	0.000000	-51.877300	-26.686001	26.315300	-126.643997	-6.502580	179.143997	0.000000	0.000000	-0.000000	0.266697	-1.720780	0.008010	-0.000000	0.000000	0.000001
0.194900	-2.149730	-9.228069	-5.528820	16.679300	1.591370	8.843630	-16.399599	1.002940	-0.000000	0.000000	-0.000000	-0.958907	15.348800	0.253830	9.581570	-9.049440	1.371810	-0.000000	-0.000000	-0.000000	0.000002	0.000000	-0.000002	0.000000	0.000000	0.000000	62.828701	-18.227200	-2.952560	130.871002	-20.650400	149.723999	0.000000	-0.000000	-0.000000	0.000000	0.000000	0.000000	-54.722000	-31.157101	26.506001	-128.330002	-10.737700	-175.824005	-0.000000	0.000000	0.000001	0.714702	-2.278450	0.028418	0.000000	0.000000	0.000000
0.370129	-1.173330	-9.251690	-5.407040	15.148800	1.416920	9.213040	-14.900900	1.028730	-0.000000	0.000000	0.000000	-0.480544	14.882500	0.123413	8.761920	-10.569700	1.532400	-0.000000	-0.000000	-0.000000	0.000000	-0.000000	0.000017	0.000000	0.000000	0.000000	64.906303	-21.604601	-3.870140	130.072998	-21.060600	148.623993	-0.000000	-0.000000	0.000000	0.000000	0.000000	0.000000	-57.737598	-35.302601	26.051500	-128.582993	-11.219400	-175.188004	0.000001	0.000000	-0.000000	0.565344	-1.874730	0.018496	-0.000000	0.000000	0.000000
0.343885	-0.607836	-9.180379	-5.162130	14.224600	1.271680	9.016110	-14.918900	1.034650	0.000000	-0.000000	-0.000000	-0.314704	13.562300	0.073789	9.307240	-9.194460	1.449930	-0.000000	-0.000000	0.000001	0.000000	0.000000	0.000051	0.000000	0.000000	0.000000	65.390602	-21.733801	-3.723980	130.059998	-20.760000	148.863007	0.000001	0.000000	0.000000	0.000000	0.000000	0.000000	-56.557999	-34.785301	26.712500	-129.570999	-10.143900	-176.632996	0.000000	0.000000	0.000002	0.542819	-1.642210	0.015558	-0.000000	0.000000	0.000000
0.455419	-0.807558	-9.241680	-5.240370	14.544400	1.319450	8.722120	-15.448900	0.973556	0.000000	0.000000	0.000000	-0.331705	13.723400	0.078683	8.447690	-9.846660	1.398670	-0.000000	-0.000000	0.000000	0.000002	0.000000	0.000102	0.000000	0.000000	0.000000	63.765999	-17.264601	-2.117250	128.764008	-19.747400	148.807007	-0.000000	-0.000000	0.000000	0.000000	0.000000	0.000000	-55.421501	-32.397499	26.554300	-128.304001	-7.426530	-179.606995	0.000000	0.000000	0.000000	0.448638	-1.610530	0.012611	-0.000000	-0.000000	-0.000001
0.801678	-0.600827	-9.893372	-5.910540	15.244300	1.559230	8.828390	-17.129700	0.921725	-0.000000	0.000000	-0.000000	-0.509987	14.553900	0.128145	7.537560	-12.153100	1.490120	0.000000	0.000000	0.000000	-0.000002	-0.000001	-0.000053	0.000000	0.000000	0.000000	63.851101	-11.703800	0.731472	123.023003	-18.338200	145.255997	0.000000	0.000000	0.000000	0.000000	0.000000	0.000000	-56.301102	-28.837400	24.407101	-123.510002	-3.041940	174.570999	-0.000000	-0.000000	0.000000	0.351130	-1.577870	0.009670	-0.000000	0.000000	0.000000
1.155610	-0.411097	-9.756678	-6.031760	13.724900	1.436090	8.287050	-14.611300	0.612880	0.000000	-0.000000	-0.000000	-0.516318	13.229200	0.118147	6.711910	-10.538500	1.139980	0.000000	0.000000	-0.000001	-0.000001	-0.000000	0.000074	0.000000	0.000000	0.000000	63.010700	-6.821940	3.158060	115.778999	-17.070999	139.154007	0.000000	0.000000	-0.000001	0.000000	0.000000	0.000000	-58.175598	-24.751101	21.340500	-116.476997	2.851790	162.701004	0.000000	-0.000000	-0.000000	-0.051369	-1.466800	-0.001312	-0.000000	-0.000000	-0.000001
0.948750	-0.657400	-9.912040	-5.887840	14.380600	1.467150	8.257620	-15.728500	0.693013	0.000000	0.000000	-0.000000	-0.826148	12.851500	0.183758	8.113800	-8.654070	1.105550	0.000000	-0.000000	0.000000	0.000001	0.000000	-0.000001	0.000000	0.000000	0.000000	59.705399	-1.893530	5.791990	105.575996	-16.273701	125.294998	-0.000000	0.000001	0.000000	0.000000	0.000000	0.000000	-57.584400	-21.014500	19.848499	-105.841003	7.107400	142.651001	0.000000	-0.000001	0.000002	-0.237517	-1.392710	-0.005772	0.000000	-0.000000	-0.000001
0.941326	-0.636239	-10.012798	-5.619530	14.331900	1.395240	7.689500	-15.594800	0.603935	-0.000000	0.000000	0.000000	-1.244000	13.380600	0.287916	8.998060	-9.510650	1.294560	-0.000000	-0.000000	0.000000	0.000000	-0.000000	0.000002	0.000000	0.000000	0.000000	55.356499	2.937210	9.253610	93.942200	-15.218900	100.857002	0.000001	0.000000	0.000000	0.000000	0.000000	0.000000	-54.316799	-17.188299	19.402500	-95.756798	9.171480	113.253998	-0.000000	0.000001	0.000000	-0.203957	-1.161600	-0.004132	-0.000000	-0.000000	-0.000001
1.173930	-0.889785	-10.192700	-6.243320	14.604200	1.580040	8.485740	-15.641200	0.659564	-0.000000	-0.000000	-0.000000	-1.293940	13.445900	0.300910	8.778220	-8.899050	1.169830	-0.000000	-0.000000	-0.000000	0.000001	0.000000	0.000010	0.000000	0.000000	0.000000	49.357498	7.210530	13.823400	81.000603	-17.388201	68.973297	0.000000	-0.000000	0.000000	0.000000	0.000000	0.000000	-51.332001	-15.595400	19.881701	-83.424500	12.514300	72.044502	-0.000000	0.000000	0.000001	-0.278954	-1.162550	-0.005657	-0.000000	0.000000	-0.000000
0.936052	-1.053120	-9.899500	-6.325910	14.521500	1.592230	9.066960	-14.183000	0.721930	0.000000	-0.000000	-0.000000	-1.097860	14.151600	0.268428	8.453820	-10.037700	1.294900	0.000000	0.000000	0.000000	0.000000	-0.000000	0.000021	0.000000	0.000000	0.000000	45.551498	9.613830	17.246599	65.207703	-19.689301	44.195000	-0.000001	0.000000	0.000001	0.000000	0.000000	0.000000	-46.171299	-13.011600	20.588200	-73.213997	14.907500	51.334400	0.000000	0.000000	-0.000001	-0.237126	-1.166430	-0.004826	0.000000	-0.000000	-0.000000
0.998713	-0.895673	-9.967809	-5.909070	14.804100	1.514870	8.403390	-15.221400	0.707056	-0.000000	0.000000	-0.000000	-1.101930	13.484900	0.256972	8.831110	-8.566160	1.162760	0.000000	0.000000	-0.000000	0.000001	0.000000	0.000097	0.000000	0.000000	0.000000	42.057400	11.043900	20.237499	51.737202	-19.039900	29.767799	-0.000000	-0.000000	-0.000002	0.000000	0.000000	0.000000	-42.104099	-10.713200	20.712299	-64.577797	13.959600	37.282700	0.000000	0.000000	0.000001	-0.279566	-1.313460	-0.006408	-0.000000	0.000000	0.000000
1.190060	-0.949701	-9.859100	-6.581230	14.516600	1.656470	9.863550	-14.417000	0.870784	-0.000000	-0.000000	0.000001	-0.057575	13.139100	0.013074	6.068830	-7.688350	0.807338	-0.000001	-0.000000	0.000000	-0.000000	-0.000000	-0.000060	0.000000	0.000000	0.000000	37.403999	12.725600	24.720200	42.320202	-21.049999	24.426800	0.000000	0.000000	-0.000000	0.000000	0.000000	0.000000	-38.342098	-9.774170	21.897699	-58.110401	15.536800	32.347801	-0.000000	0.000000	-0.000000	-0.237177	-1.188980	-0.004920	-0.000000	-0.000000	0.000001
1.112170	-1.057750	-9.594509	-6.253460	14.612000	1.583450	9.396080	-14.221900	0.822842	-0.000000	-0.000000	-0.000000	-0.426992	14.097500	0.103990	7.084110	-9.155880	1.066040	0.000000	-0.000000	-0.000001	-0.000001	-0.000000	0.000029	0.000000	0.000000	0.000000	34.693699	13.758600	27.787500	34.317699	-21.331800	19.705099	-0.000000	0.000000	0.000000	0.000000	0.000000	0.000000	-36.347000	-8.711460	21.893101	-54.938999	16.266399	30.263599	0.000000	-0.000000	-0.000003	-0.464077	-1.252120	-0.010140	0.000000	0.000000	-0.000000
1.101460	-1.062620	-9.157748	-6.240860	14.981000	1.619220	9.305630	-15.368700	0.869581	0.000000	-0.000000	-0.000001	-0.416327	13.948200	0.100340	6.994040	-9.170120	1.054770	-0.000001	-0.000000	0.000001	-0.000003	-0.000000	-0.000017	0.000000	0.000000	0.000000	33.235500	14.310600	29.557800	31.022200	-21.775400	18.099400	-0.000000	0.000001	-0.000000	0.000000	0.000000	0.000000	-35.779202	-7.303950	20.509600	-53.734100	15.194100	28.183599	-0.000000	-0.000000	0.000001	-0.330645	-1.198880	-0.006917	-0.000000	0.000000	-0.000000
0.928545	-1.424430	-9.129492	-5.942430	14.919100	1.535030	8.919280	-14.089100	0.774347	-0.000000	-0.000000	-0.000001	-0.867238	14.322500	0.214537	8.869920	-8.740680	1.228080	-0.000001	-0.000000	0.000000	0.000000	-0.000000	0.000042	0.000000	0.000000	0.000000	33.219101	14.666500	29.944300	30.451099	-22.526100	18.135099	0.000000	-0.000000	0.000000	0.000000	0.000000	0.000000	-35.879501	-6.903720	19.947599	-53.610100	14.117200	27.013599	0.000000	-0.000000	-0.000002	-0.487590	-1.110380	-0.009446	0.000000	-0.000000	-0.000000
0.574616	-1.489480	-9.211572	-5.544770	16.261000	1.557080	8.639760	-17.000500	0.970965	-0.000000	-0.000000	-0.000000	-0.415418	14.852800	0.106476	8.375990	-9.404750	1.311350	-0.000001	-0.000000	0.000000	0.000000	-0.000000	-0.000104	0.000000	0.000000	0.000000	34.133499	15.092600	29.627701	33.282001	-23.677000	20.294701	0.000001	0.000000	-0.000003	0.000000	0.000000	0.000000	-35.289001	-7.958450	21.622601	-54.727402	15.406500	29.239700	0.000000	-0.000000	0.000000	-0.475766	-1.012120	-0.008402	0.000000	0.000000	0.000001
0.184429	-1.543200	-9.278269	-5.131000	16.677601	1.476140	9.160530	-17.150999	1.254190	0.000000	0.000000	-0.000000	0.860773	15.095300	-0.224194	6.552310	-9.690940	1.249600	0.000000	0.000000	0.000000	0.000000	-0.000000	-0.000047	0.000000	0.000000	0.000000	36.647202	14.927100	27.457600	39.694000	-24.559500	24.881300	0.000001	-0.000000	-0.000000	0.000000	0.000000	0.000000	-35.594200	-6.985970	20.220400	-59.113400	10.995200	27.869801	-0.000000	0.000000	-0.000001	0.024938	-0.988015	0.000430	0.000000	-0.000000	-0.000001
0.255856	-1.652310	-9.077583	-4.876380	16.430901	1.382380	8.791680	-16.337400	1.159340	0.000000	-0.000000	-0.000000	0.507793	15.560100	-0.136231	7.635970	-10.303900	1.462850	0.000000	0.000000	0.000000	0.000001	-0.000000	0.000070	0.000000	0.000000	0.000000	37.529598	13.969000	25.831301	51.037498	-27.294800	35.623901	0.000000	0.000000	-0.000001	0.000000	0.000000	0.000000	-38.536400	-8.739290	20.601101	-62.626400	12.571300	33.312000	-0.000000	-0.000000	-0.000000	0.074551	-1.019140	0.001327	0.000000	-0.000000	-0.000001
0.458923	-0.754074	-9.687161	-5.508760	15.534000	1.479530	9.490800	-16.341299	1.179110	0.000000	0.000000	0.000000	-0.203173	14.671600	0.051449	8.651230	-10.161200	1.502140	0.000000	0.000000	-0.000000	0.000000	0.000000	-0.000018	0.000000	0.000000	0.000000	40.086102	13.823100	24.014200	63.089401	-28.649799	49.528099	0.000000	-0.000000	0.000001	0.000000	0.000000	0.000000	-41.895000	-11.845500	21.902000	-69.458801	14.391800	44.441799	-0.000000	0.000000	0.000001	0.139551	-0.946725	0.002305	0.000000	0.000000	0.000001
0.565810	-0.476578	-9.853280	-4.963220	14.330900	1.231380	8.316620	-15.379400	0.931506	-0.000000	-0.000000	-0.000000	-0.122423	12.790200	0.027092	8.359550	-7.422010	1.071720	-0.000000	0.000000	0.000000	0.000000	-0.000000	-0.000005	0.000000	0.000000	0.000000	43.451599	12.082500	20.455200	77.831100	-27.203400	69.839699	-0.000000	-0.000001	0.000000	0.000000	0.000000	0.000000	-45.032902	-14.121600	22.139799	-78.307800	12.490500	58.672298	0.000000	-0.000001	0.000001	0.007048	-0.859528	0.000108	0.000000	-0.000000	0.000000
0.778924	0.323928	-9.821143	-4.921460	13.852500	1.181040	7.782620	-16.612400	0.859753	-0.000000	0.000000	-0.000000	-0.198118	12.505200	0.042888	8.088540	-9.972370	1.375690	0.000000	-0.000000	0.000000	0.000001	0.000000	0.000001	0.000000	0.000000	0.000000	49.617199	8.039120	14.418100	89.629097	-21.124399	90.474998	-0.000000	-0.000002	-0.000001	0.000000	0.000000	0.000000	-51.189400	-17.082899	20.943001	-87.089600	8.484650	81.411301	-0.000000	-0.000001	0.000000	0.160773	-0.764583	0.002146	-0.000000	0.000000	-0.000001
0.520906	-0.059182	-9.717439	-4.940770	13.811000	1.182220	8.682870	-15.363000	1.030820	0.000000	0.000000	-0.000000	0.550545	12.815000	-0.122128	7.198420	-9.772900	1.320820	-0.000000	0.000000	0.000000	-0.000001	-0.000000	-0.000105	0.000000	0.000000	0.000000	55.904800	4.036580	9.904080	98.684303	-18.852100	110.358002	-0.000000	-0.000000	-0.000000	0.000000	0.000000	0.000000	-56.089500	-19.645500	19.901899	-95.657303	4.541890	122.028000	-0.000000	-0.000000	0.000000	-0.172152	-1.158970	-0.003482	-0.000000	0.000000	0.000001
-0.115887	-0.003390	-9.655780	-4.111720	12.924500	0.921148	9.239040	-13.589700	1.232520	-0.000000	0.000000	0.000000	2.142360	11.860400	-0.440521	5.726490	-7.414590	1.015780	0.000000	0.000000	-0.000001	-0.000001	-0.000000	-0.000102	0.000000	0.000000	0.000000	62.764198	0.067669	6.752220	106.742996	-17.116600	126.882004	-0.000000	-0.000000	0.000001	0.000000	0.000000	0.000000	-61.248100	-22.938000	18.812000	-103.578003	2.422810	150.313995	0.000000	-0.000000	0.000001	-0.193779	-1.215000	-0.004110	-0.000000	0.000000	0.000001
0.128250	-0.139157	-9.673760	-3.962960	14.091100	0.966280	8.412850	-15.223400	1.202210	0.000000	0.000000	0.000000	1.563600	13.573300	-0.367057	6.556330	-11.070100	1.560700	0.000000	-0.000000	0.000000	-0.000002	-0.000000	0.000034	0.000000	0.000000	0.000000	65.952003	-3.440160	4.978620	113.994003	-16.605400	137.878998	-0.000000	-0.000000	-0.000000	0.000000	0.000000	0.000000	-66.708801	-26.907801	17.394699	-109.611000	-2.566960	170.358994	-0.000000	0.000000	-0.000001	0.142960	-1.190860	0.002973	0.000000	-0.000000	-0.000001
0.183565	-0.514734	-9.859662	-3.996400	14.374000	0.993610	7.505280	-15.040900	0.944292	0.000000	-0.000000	-0.000001	0.902355	14.370200	-0.223981	7.603440	-12.491300	1.846490	0.000000	0.000000	0.000000	-0.000002	-0.000000	-0.000003	0.000000	0.000000	0.000000	69.543404	-10.365500	2.354800	117.589996	-16.070101	142.162994	0.000000	0.000000	-0.000001	0.000000	0.000000	0.000000	-69.920097	-31.187901	16.825500	-114.916000	-7.812370	-177.302994	-0.000000	-0.000000	0.000000	0.308424	-1.375890	0.007407	-0.000000	-0.000000	-0.000000
0.413170	-0.523561	-9.716914	-4.486090	14.858200	1.152540	7.920930	-16.366199	1.011440	0.000000	0.000000	-0.000000	0.040719	13.847700	-0.009757	9.063660	-10.760800	1.713590	-0.000000	-0.000000	0.000000	-0.000002	-0.000000	0.000038	0.000000	0.000000	0.000000	68.144600	-15.166700	0.101142	121.100998	-17.093000	144.436996	0.000000	-0.000000	0.000000	0.000000	0.000000	0.000000	-68.371399	-33.425999	18.325001	-120.957001	-11.021000	-173.397995	0.000001	-0.000000	0.000000	0.273348	-1.238800	0.005909	0.000000	0.000000	0.000000
0.554454	0.036780	-9.349980	-4.898360	14.815800	1.255420	8.786400	-18.323601	1.275590	-0.000000	-0.000000	-0.000000	-0.896647	13.835800	0.214431	11.385900	-11.594600	2.136490	0.000000	0.000000	0.000001	0.000000	0.000000	-0.000023	0.000000	0.000000	0.000000	65.728600	-18.469601	-2.060650	124.304001	-16.423300	148.078995	0.000001	-0.000000	0.000000	0.000000	0.000000	0.000000	-66.398499	-35.767101	20.197599	-123.503998	-8.893190	-177.013000	-0.000000	-0.000000	-0.000000	0.172890	-1.011760	0.003055	-0.000000	0.000000	0.000000
0.764456	0.321499	-9.525599	-5.908160	13.463700	1.380220	11.409000	-16.226900	1.587490	0.000000	0.000000	-0.000000	-0.386087	12.587200	0.084132	9.748030	-9.762950	1.603010	0.000001	0.000000	-0.000000	0.000000	0.000000	0.000001	0.000000	0.000000	0.000000	64.643700	-18.205400	-2.294300	125.245003	-14.594600	150.869003	-0.000000	-0.000000	0.000000	0.000000	0.000000	0.000000	-66.366997	-32.671398	19.354601	-124.815002	-7.645610	-179.156006	-0.000000	0.000001	0.000001	0.355660	-1.027760	0.006381	-0.000000	-0.000000	-0.000000
0.670121	0.436611	-9.604989	-5.562000	13.283200	1.281760	9.770990	-16.974600	1.274640	0.000000	0.000000	0.000000	-0.835382	11.731200	0.169853	10.210900	-9.030750	1.487390	-0.000000	0.000000	-0.000000	0.000000	-0.000000	-0.000019	0.000000	0.000000	0.000000	65.830299	-15.051700	-0.424897	120.655998	-12.153500	149.837006	0.000001	0.000000	-0.000000	0.000000	0.000000	0.000000	-65.812897	-29.557199	18.744400	-121.662003	-4.161550	175.863007	-0.000000	0.000000	-0.000000	0.137915	-0.963369	0.002320	-0.000000	-0.000000	0.000001
0.534723	-0.220440	-9.654779	-5.274300	14.395800	1.314760	8.839150	-17.156700	1.102000	-0.000000	-0.000000	0.000001	0.491047	12.338500	-0.104946	7.156360	-7.852200	1.049340	0.000000	0.000000	-0.000000	-0.000001	-0.000000	0.000033	0.000000	0.000000	0.000000	65.586700	-9.046940	2.345040	113.884003	-10.942500	144.658997	-0.000000	-0.000000	0.000001	0.000000	0.000000	0.000000	-65.850998	-26.173300	17.612400	-114.529999	2.035200	162.860992	0.000000	-0.000000	-0.000001	-0.053205	-1.142400	-0.001060	0.000000	0.000000	0.000001
0.530878	-0.614443	-9.962608	-5.075310	14.319000	1.258310	8.143870	-15.553200	0.866026	-0.000000	0.000000	0.000000	0.900245	13.040400	-0.203158	5.555640	-8.344190	0.937369	0.000000	0.000000	0.000000	-0.000002	-0.000000	0.000005	0.000000	0.000000	0.000000	61.715199	-3.403200	4.915670	105.806999	-10.126700	134.158997	0.000000	0.000000	-0.000002	0.000000	0.000000	0.000000	-63.486599	-21.989100	17.284100	-104.641998	7.402930	139.748993	0.000000	-0.000000	0.000000	-0.088340	-1.176750	-0.001812	0.000000	-0.000000	-0.000001
0.849496	-0.826569	-10.197606	-5.800440	15.376700	1.542960	9.076980	-17.804501	1.066780	0.000000	-0.000000	-0.000000	-0.266147	13.089200	0.060262	7.233750	-8.188340	0.998206	0.000000	-0.000000	-0.000000	-0.000002	-0.000000	-0.000092	0.000000	0.000000	0.000000	56.528702	2.311610	8.660180	93.117203	-10.265700	100.795998	0.000000	0.000000	0.000000	0.000000	0.000000	0.000000	-60.912701	-18.650600	17.052601	-90.250801	10.907200	93.244102	0.000000	-0.000000	-0.000000	-0.410214	-0.927493	-0.006640	0.000000	-0.000000	-0.000000
0.648335	-1.040230	-10.368600	-5.441390	15.503500	1.458530	8.482810	-16.987301	0.947529	0.000000	-0.000000	0.000000	-0.354766	13.781400	0.084500	7.589390	-9.240560	1.169460	0.000000	0.000000	0.000000	0.000002	0.000000	-0.000028	0.000000	0.000000	0.000000	51.481400	7.876890	13.663500	79.378502	-14.815400	62.997799	0.000000	0.000000	-0.000000	0.000000	0.000000	0.000000	-55.720699	-16.559601	18.359600	-77.128700	15.838700	60.092999	0.000000	0.000000	0.000000	-0.286131	-0.828198	-0.004136	0.000000	-0.000000	0.000000
0.924843	-0.235563	-10.173203	-5.375030	14.798000	1.376600	8.622170	-17.222000	1.015450	-0.000000	-0.000000	-0.000000	0.057774	12.738500	-0.012752	7.019130	-8.815060	1.089710	-0.000000	0.000000	0.000000	0.000000	0.000000	0.000008	0.000000	0.000000	0.000000	48.033401	9.754140	16.364901	63.031502	-16.102900	37.712200	0.000000	-0.000000	0.000001	0.000000	0.000000	0.000000	-52.121399	-14.648700	18.850000	-64.500099	18.391300	42.448399	-0.000000	0.000000	0.000000	-0.025036	-0.846806	-0.000368	-0.000000	0.000000	-0.000001
0.958921	0.115048	-10.237100	-5.892900	13.707800	1.401100	9.988330	-16.431299	1.208160	0.000000	0.000000	-0.000001	-0.536024	12.254400	0.113764	8.597650	-8.962120	1.265950	0.000000	0.000000	-0.000000	0.000002	0.000000	-0.000024	0.000000	0.000000	0.000000	44.569500	11.664500	19.540400	49.766399	-16.424299	26.080400	0.000000	-0.000000	0.000001	0.000000	0.000000	0.000000	-47.978001	-12.299900	19.104000	-55.838501	16.995199	31.761200	0.000000	-0.000000	0.000001	-0.262383	-0.782327	-0.003582	0.000000	-0.000000	0.000000
0.612967	0.537578	-10.319601	-4.980680	14.321000	1.234900	8.739900	-18.580700	1.249040	-0.000000	0.000000	0.000000	0.324141	11.925100	-0.066990	7.748370	-8.902620	1.256300	0.000000	-0.000000	0.000000	-0.000001	-0.000000	0.000030	0.000000	0.000000	0.000000	41.610100	13.494500	22.830799	41.922600	-18.381701	22.540400	0.000000	-0.000000	-0.000000	0.000000	0.000000	0.000000	-42.300201	-10.510800	20.416201	-52.806801	15.758300	27.984900	0.000000	-0.000000	-0.000000	-0.052362	-0.611936	-0.000561	0.000000	0.000000	0.000001
-0.467198	0.848623	-10.807800	-3.371880	13.624300	0.795121	8.844240	-17.064800	1.638480	0.000000	-0.000000	-0.000000	1.529390	11.751900	-0.311576	8.292790	-8.888950	1.527310	0.000000	-0.000000	0.000000	0.000001	0.000000	-0.000092	0.000000	0.000000	0.000000	40.946899	15.727800	25.306801	35.545200	-20.149500	20.050400	0.000000	-0.000000	0.000000	0.000000	0.000000	0.000000	-37.370998	-10.668700	23.546301	-51.035999	18.398300	29.000900	0.000000	0.000000	0.000000	0.111836	-0.572005	0.001115	0.000000	0.000000	0.000000
-1.130701	0.213243	-11.481207	-2.109180	14.139800	0.515464	7.885990	-16.480400	1.662240	0.000000	-0.000000	0.000000	3.367140	11.950300	-0.697984	6.343570	-7.496920	1.269240	0.000000	0.000000	-0.000000	-0.000001	-0.000000	-0.000000	0.000000	0.000000	0.000000	41.293701	18.067301	27.106701	28.863400	-20.784201	16.899300	-0.000000	0.000000	-0.000001	0.000000	0.000000	0.000000	-34.974800	-10.503900	25.064301	-50.928799	19.495701	29.872400	-0.000000	-0.000000	-0.000000	0.171705	-0.692326	0.002074	0.000000	-0.000000	-0.000001
-1.017730	-0.456753	-12.014499	-2.696250	15.098800	0.702810	9.344080	-15.228600	1.778310	-0.000000	0.000000	0.000000	4.195310	13.663700	-0.992709	4.056230	-9.047000	1.287250	0.000000	0.000000	0.000000	-0.000001	-0.000000	0.000029	0.000000	0.000000	0.000000	40.823601	19.422899	28.588800	27.839399	-22.073400	16.917299	0.000000	-0.000000	-0.000000	0.000000	0.000000	0.000000	-34.459301	-11.286300	26.416901	-49.821400	19.729300	29.280001	-0.000000	0.000000	0.000002	0.130920	-0.898795	0.002054	-0.000000	-0.000000	-0.000000
-0.996633	-0.508681	-11.866104	-2.605110	14.592000	0.656735	8.452350	-14.274200	1.467370	0.000000	-0.000000	-0.000000	3.122440	13.963300	-0.754151	6.300380	-10.377500	1.695240	-0.000000	-0.000000	-0.000000	0.000001	0.000000	-0.000085	0.000000	0.000000	0.000000	41.030499	19.386200	28.396700	28.892599	-22.457300	17.630301	-0.000000	-0.000000	0.000001	0.000000	0.000000	0.000000	-35.199501	-10.820800	25.304800	-51.810200	17.750700	29.134501	-0.000000	0.000000	-0.000000	0.048639	-0.919443	0.000780	-0.000000	-0.000000	-0.000001
-0.982551	-0.594678	-11.676600	-2.287470	14.528800	0.574130	7.387240	-14.210000	1.273100	0.000000	0.000000	0.000000	3.202270	13.699700	-0.759153	5.776580	-9.879020	1.536820	0.000000	-0.000000	0.000000	0.000001	0.000000	0.000018	0.000000	0.000000	0.000000	43.897099	17.683901	25.004499	33.997200	-17.917000	17.943199	0.000000	-0.000000	-0.000000	0.000000	0.000000	0.000000	-37.823502	-11.337300	24.039900	-54.348999	17.098700	30.610001	0.000000	0.000000	-0.000001	0.216424	-0.983304	0.003714	-0.000000	0.000000	0.000002
-0.652689	-0.076874	-11.555001	-2.695110	13.727100	0.639986	7.813230	-14.668000	1.318890	0.000000	-0.000000	-0.000000	2.876170	12.771100	-0.636310	6.047770	-9.614830	1.490160	-0.000000	-0.000000	0.000000	-0.000000	-0.000000	0.000034	0.000000	0.000000	0.000000	46.569698	16.125200	22.157301	39.727699	-17.475599	20.736401	-0.000000	-0.000000	0.000001	0.000000	0.000000	0.000000	-40.077999	-13.519600	24.766899	-58.732300	18.680401	36.270100	-0.000000	-0.000000	-0.000001	-0.021794	-0.763851	-0.000291	0.000000	-0.000000	0.000001
-0.850194	-0.673233	-11.584801	-2.774630	15.358800	0.735423	8.470190	-16.256599	1.627300	0.000000	0.000000	0.000000	2.300980	13.713500	-0.545773	7.750050	-9.204000	1.613120	0.000000	-0.000000	-0.000000	-0.000002	-0.000000	0.000044	0.000000	0.000000	0.000000	47.768398	16.280399	21.580500	53.226299	-21.790199	33.750999	0.000000	-0.000000	-0.000000	0.000000	0.000000	0.000000	-42.987301	-14.999300	24.235300	-66.685997	17.600800	44.551800	0.000000	-0.000001	-0.000000	0.197835	-1.112750	0.003840	-0.000000	-0.000000	0.000001
-0.933786	-0.626538	-11.293400	-2.347570	15.181700	0.615099	8.164260	-16.656601	1.696270	-0.000000	-0.000000	0.000000	2.508420	13.217600	-0.573901	8.142110	-8.667440	1.612970	0.000000	0.000000	-0.000000	-0.000000	-0.000000	0.000026	0.000000	0.000000	0.000000	51.555500	15.014000	18.722099	67.959999	-21.724300	50.564800	0.000000	0.000001	0.000001	0.000000	0.000000	0.000000	-47.576698	-16.825899	22.884701	-75.365196	14.932600	55.672501	-0.000000	0.000001	-0.000000	0.268301	-0.899662	0.004214	0.000000	-0.000000	-0.000001
-1.038010	-0.520717	-11.382100	-2.414460	14.426000	0.601838	7.977590	-14.445900	1.411090	0.000000	0.000000	0.000000	2.750450	13.434600	-0.639498	7.112020	-8.992630	1.544490	-0.000000	-0.000000	0.000000	-0.000000	-0.000000	0.000040	0.000000	0.000000	0.000000	55.685902	13.521300	15.970700	83.436798	-21.319799	77.864700	-0.000000	0.000000	-0.000000	0.000000	0.000000	0.000000	-52.575001	-20.458099	22.408501	-84.002602	13.425000	75.226303	0.000000	-0.000001	-0.000001	0.099930	-0.900989	0.001572	0.000000	-0.000000	0.000000
-0.576721	-0.110847	-11.286603	-2.773880	13.650900	0.655128	7.818430	-14.638800	1.297950	0.000000	-0.000000	-0.000000	2.149580	12.821400	-0.477238	7.780930	-9.826400	1.702030	0.000000	0.000000	0.000000	-0.000001	-0.000000	-0.000036	0.000000	0.000000	0.000000	59.673302	9.915730	12.548100	96.813004	-18.430799	107.671997	-0.000000	-0.000001	0.000000	0.000000	0.000000	0.000000	-55.895199	-21.755501	21.242500	-94.903099	8.453630	112.403000	0.000001	-0.000000	-0.000000	-0.001292	-0.764159	-0.000017	0.000000	0.000000	0.000001
-0.494302	-0.538550	-10.535800	-3.017890	14.114200	0.736565	7.652110	-15.669100	1.278930	0.000000	0.000000	0.000001	1.984960	12.612700	-0.433604	7.748520	-8.908630	1.514000	0.000001	0.000000	-0.000001	-0.000001	-0.000000	-0.000010	0.000000	0.000000	0.000000	66.424896	3.512620	8.046100	106.246002	-15.020800	129.042007	-0.000000	0.000000	0.000000	0.000000	0.000000	0.000000	-61.592701	-23.644300	18.996099	-104.460999	2.921620	150.266006	0.000000	-0.000000	0.000002	-0.009041	-1.070450	-0.000169	-0.000000	0.000000	0.000003
-0.187617	-0.936695	-9.580830	-3.601980	14.924000	0.928777	8.075460	-17.068001	1.351360	-0.000000	0.000000	0.000000	1.418820	13.291800	-0.326273	8.214090	-9.222130	1.551870	0.000000	-0.000000	0.000000	0.000000	-0.000000	-0.000024	0.000000	0.000000	0.000000	68.240097	-2.720070	5.335840	115.921997	-14.752100	142.613007	0.000000	-0.000000	0.000000	0.000000	0.000000	0.000000	-64.883400	-26.011000	18.104401	-111.873001	-2.225890	170.276993	-0.000000	0.000000	0.000001	0.049980	-1.408870	0.001230	-0.000000	0.000000	0.000001
-0.273696	-1.215910	-8.401239	-4.348980	14.502600	1.091050	9.449290	-15.680800	1.419700	0.000000	-0.000000	-0.000000	1.404980	13.336800	-0.324163	7.499820	-8.708510	1.353090	-0.000000	0.000000	0.000000	0.000000	-0.000000	0.000052	0.000000	0.000000	0.000000	69.091797	-11.623600	1.836480	121.463997	-14.982500	147.475998	-0.000000	0.000000	-0.000001	0.000000	0.000000	0.000000	-66.731598	-27.717699	17.605499	-118.384003	-5.131340	177.231995	0.000000	-0.000000	0.000000	0.128377	-1.463090	0.003278	-0.000000	0.000000	0.000001
-0.644104	-1.630891	-7.627740	-3.592540	15.040900	0.933430	8.448270	-16.203100	1.392580	-0.000000	0.000000	0.000001	1.859500	14.786800	-0.474748	7.378880	-10.746600	1.725430	-0.000001	0.000000	0.000001	0.000002	0.000000	-0.000063	0.000000	0.000000	0.000000	68.135201	-18.790400	-1.332310	124.278999	-16.803200	147.703995	-0.000001	0.000000	-0.000000	0.000000	0.000000	0.000000	-65.038498	-32.035500	19.917299	-122.391998	-6.128120	179.078003	0.000000	-0.000000	-0.000001	0.344991	-1.664170	0.010022	-0.000000	-0.000000	-0.000001
-0.702101	-1.522620	-7.308819	-3.327690	15.079900	0.866651	8.146250	-16.999001	1.445540	0.000000	-0.000000	-0.000000	1.367640	14.233100	-0.336326	9.312150	-9.117120	1.704730	0.000000	-0.000000	0.000000	0.000002	0.000000	0.000117	0.000000	0.000000	0.000000	69.081200	-23.457399	-2.860420	123.903000	-17.002199	146.964005	0.000000	-0.000000	0.000000	0.000000	0.000000	0.000000	-65.792702	-33.849499	19.961300	-122.898003	-6.186830	179.268997	-0.000001	-0.000000	0.000001	0.481703	-1.893350	0.015917	-0.000000	0.000000	-0.000000
-1.039340	-1.859200	-7.217810	-2.877900	15.851300	0.786680	8.371410	-18.131001	1.748650	-0.000000	0.000000	-0.000000	1.730580	14.823700	-0.442892	9.564970	-9.817280	1.940360	-0.000000	-0.000000	-0.000000	-0.000002	-0.000001	-0.000005	0.000000	0.000000	0.000000	68.886902	-24.821400	-3.490510	122.672997	-17.825100	144.830994	-0.000000	-0.000000	0.000000	0.000000	0.000000	0.000000	-63.214298	-34.219101	21.760799	-123.320999	-6.291110	179.490005	-0.000000	-0.000000	0.000001	0.468073	-1.740510	0.014217	-0.000000	-0.000000	-0.000000
-0.633738	-1.767281	-6.922200	-3.049450	15.576600	0.819570	6.948960	-17.420000	1.202770	0.000000	-0.000000	0.000000	1.429660	15.281700	-0.376888	8.330790	-11.661600	1.980890	-0.000000	-0.000000	-0.000000	0.000002	0.000000	-0.000035	0.000000	0.000000	0.000000	71.840500	-24.241199	-1.977440	118.150002	-17.393200	140.440994	0.000001	0.000000	0.000000	0.000000	0.000000	0.000000	-64.596703	-30.339300	19.612000	-120.449997	-5.649290	178.425003	0.000000	0.000000	0.000000	0.496344	-1.742580	0.015096	0.000000	0.000000	0.000000
-0.900070	-1.491411	-7.835250	-3.452770	15.377900	0.916647	9.111300	-16.907200	1.686870	0.000000	0.000000	0.000000	2.824790	15.796800	-0.769566	6.059330	-13.234000	2.024410	-0.000000	0.000000	0.000000	0.000000	0.000000	-0.000026	0.000000	0.000000	0.000000	71.356400	-16.796200	0.428698	113.542999	-16.465200	136.110001	-0.000000	0.000000	-0.000001	0.000000	0.000000	0.000000	-65.156097	-25.626301	17.743799	-115.464996	0.262691	166.811996	-0.000000	0.000000	0.000002	0.127560	-1.540320	0.003429	0.000000	0.000000	-0.000000
-0.692753	-1.328690	-7.295398	-2.957750	14.553000	0.743822	7.972510	-15.474700	1.366720	-0.000000	-0.000000	0.000000	1.995900	15.515200	-0.534101	8.268600	-13.496900	2.402680	0.000000	0.000000	0.000000	-0.000000	-0.000000	-0.000073	0.000000	0.000000	0.000000	69.077301	-12.062400	1.691300	105.459000	-13.990200	126.545998	0.000000	0.000000	-0.000001	0.000000	0.000000	0.000000	-65.088402	-19.413300	15.448500	-106.651001	5.959560	146.072006	0.000000	0.000000	-0.000000	0.074572	-1.362810	0.001773	0.000000	0.000000	-0.000000
-0.576569	-1.243310	-8.070225	-3.440170	13.792400	0.821077	8.528810	-14.125600	1.269380	-0.000000	0.000000	-0.000001	2.320180	15.274100	-0.611543	6.609410	-12.909400	1.991700	-0.000000	-0.000000	-0.000000	-0.000002	-0.000000	-0.000037	0.000000	0.000000	0.000000	64.326698	-2.732220	5.325700	96.173401	-14.020800	106.587997	0.000001	-0.000000	-0.000001	0.000000	0.000000	0.000000	-62.734699	-15.263300	14.674100	-96.544601	7.666330	117.232002	-0.000001	-0.000000	-0.000000	-0.052243	-1.361280	-0.001240	-0.000000	-0.000000	-0.000001
-0.241010	-1.328160	-8.891008	-4.024660	14.021200	0.976605	9.102170	-14.186700	1.277140	-0.000000	0.000000	0.000001	1.533970	14.700700	-0.389369	7.718470	-11.260900	1.812000	0.000000	0.000000	0.000000	0.000000	0.000000	-0.000065	0.000000	0.000000	0.000000	59.943001	2.972400	8.606670	81.721397	-13.872400	67.084602	-0.000000	0.000001	0.000000	0.000000	0.000000	0.000000	-58.811199	-13.767300	15.440700	-83.578903	12.994700	72.272003	0.000000	0.000002	-0.000000	-0.147412	-1.389700	-0.003575	-0.000000	-0.000000	-0.000002
-0.211359	-1.014040	-9.452970	-4.275850	13.795300	1.021370	9.092040	-14.912600	1.274180	0.000000	0.000000	0.000000	0.817207	13.423300	-0.189731	8.867320	-9.703750	1.643770	-0.000000	-0.000000	-0.000000	0.000000	-0.000000	0.000024	0.000000	0.000000	0.000000	54.936699	8.790020	13.246400	65.460899	-17.631001	42.513802	0.000001	0.000001	0.000002	0.000000	0.000000	0.000000	-55.432598	-12.759700	16.185499	-67.016602	15.489700	42.275101	0.000000	-0.000000	-0.000001	-0.250586	-1.176940	-0.005147	-0.000000	0.000000	-0.000000
-0.207564	-1.030360	-9.759153	-4.590880	14.107400	1.121230	10.001500	-15.234100	1.462450	0.000000	0.000000	-0.000000	0.809673	14.005300	-0.195971	8.771440	-11.012300	1.842080	0.000000	0.000000	0.000000	0.000002	0.000000	-0.000041	0.000000	0.000000	0.000000	50.695599	11.771500	16.811701	49.883400	-18.719200	28.269300	0.000000	0.000000	-0.000001	0.000000	0.000000	0.000000	-51.226200	-11.785500	17.264900	-53.947800	16.531500	29.768499	0.000000	-0.000000	0.000001	-0.232485	-1.431240	-0.005806	0.000000	-0.000000	-0.000000
-0.134293	-1.529611	-10.281400	-4.391510	15.264400	1.158270	9.609020	-16.178600	1.501080	-0.000000	0.000000	-0.000000	0.441849	15.026600	-0.114570	9.671160	-11.839500	2.092590	-0.000000	-0.000000	0.000000	0.000000	-0.000000	0.000002	0.000000	0.000000	0.000000	45.732700	14.505500	21.289900	38.919102	-19.023300	21.223801	0.000000	0.000000	0.000001	0.000000	0.000000	0.000000	-45.693699	-10.576900	18.805799	-46.113098	15.436400	23.298800	0.000000	-0.000000	-0.000001	-0.160569	-1.212090	-0.003397	-0.000000	-0.000000	0.000000
-0.083866	-1.755390	-10.118199	-4.501080	16.474100	1.278840	8.801400	-18.633499	1.435810	0.000000	0.000000	0.000000	-0.047984	14.233000	0.011786	10.071200	-9.840210	1.730410	-0.000000	0.000000	-0.000000	-0.000000	0.000000	0.000097	0.000000	0.000000	0.000000	42.283798	16.962799	25.389400	28.909100	-20.421101	16.680700	0.000000	-0.000000	0.000000	0.000000	0.000000	0.000000	-40.831299	-7.910660	18.576099	-43.383499	11.589200	18.678400	-0.000000	0.000000	0.000000	-0.151552	-0.939871	-0.002486	-0.000000	0.000000	0.000000
-0.461218	-2.112020	-10.358804	-4.226810	16.189199	1.180440	9.273050	-16.412100	1.476980	0.000000	-0.000000	-0.000000	0.917222	14.613400	-0.231439	9.192420	-8.747340	1.548580	-0.000001	-0.000000	-0.000000	-0.000000	0.000000	0.000003	0.000000	0.000000	0.000000	41.408501	19.119900	27.784901	22.251301	-19.932501	13.408700	-0.000000	0.000000	0.000001	0.000000	0.000000	0.000000	-37.939602	-7.197970	19.264299	-42.831600	10.182900	17.294201	0.000000	-0.000000	-0.000000	-0.254331	-1.364650	-0.006056	0.000000	0.000000	-0.000001
-0.475972	-2.190181	-10.152600	-3.911000	16.741899	1.128200	8.961520	-17.299000	1.555110	0.000000	-0.000000	-0.000000	0.858647	15.677700	-0.232053	9.885700	-11.025900	2.072090	0.000000	-0.000000	-0.000000	0.000001	0.000000	-0.000034	0.000000	0.000000	0.000000	40.361698	18.643101	28.153200	20.655100	-18.068800	12.080700	-0.000001	0.000000	-0.000000	0.000000	0.000000	0.000000	-37.381199	-6.554600	18.789600	-43.325600	9.620170	17.042200	0.000000	-0.000000	0.000000	-0.188657	-1.361550	-0.004481	-0.000000	-0.000000	-0.000001
-0.392293	-1.702930	-9.878252	-4.010650	16.096800	1.113670	9.487060	-16.905600	1.643170	-0.000000	0.000000	-0.000000	1.294830	15.269400	-0.341069	8.601240	-11.312500	1.950760	-0.000000	-0.000000	0.000000	0.000001	0.000000	-0.000039	0.000000	0.000000	0.000000	41.098900	18.706600	27.661200	20.568501	-18.837999	12.357000	0.000000	0.000000	0.000001	0.000000	0.000000	0.000000	-40.371899	-8.250540	19.160000	-41.652199	13.139300	19.053400	-0.000000	0.000000	-0.000001	-0.225144	-1.178100	-0.004630	-0.000000	-0.000000	-0.000001
-0.054603	-2.524820	-9.976068	-4.137280	16.860901	1.201910	8.428810	-16.862101	1.298940	-0.000000	0.000000	0.000001	0.173686	16.255699	-0.048630	10.560600	-11.334500	2.132320	0.000000	-0.000000	-0.000000	0.000001	0.000000	0.000026	0.000000	0.000000	0.000000	42.073601	17.667400	26.094500	25.747000	-20.385401	15.137300	-0.000000	0.000000	-0.000001	0.000000	0.000000	0.000000	-42.667198	-9.557270	19.333599	-45.772999	13.237800	21.311001	0.000000	0.000000	-0.000000	-0.372561	-1.741780	-0.011323	-0.000000	-0.000000	-0.000000
-0.199582	-1.639900	-10.171998	-4.555820	15.636400	1.230340	10.152100	-16.506100	1.643120	-0.000000	0.000000	0.000001	0.800832	14.898500	-0.205921	9.663710	-10.242500	1.876110	-0.000000	-0.000000	0.000000	0.000000	0.000000	0.000012	0.000000	0.000000	0.000000	45.216900	15.735800	22.566099	34.528000	-20.091200	19.461399	-0.000000	-0.000000	0.000000	0.000000	0.000000	0.000000	-45.269600	-12.391400	20.598101	-48.859100	15.042400	24.755800	0.000000	-0.000000	-0.000000	-0.305894	-1.308240	-0.006984	-0.000000	0.000000	0.000000
-0.222532	-2.009101	-10.234700	-4.021970	15.621400	1.084680	8.759570	-15.712100	1.326250	-0.000000	0.000000	0.000000	1.582350	14.816900	-0.404763	7.517440	-9.907040	1.569250	-0.000000	-0.000000	-0.000000	0.000000	-0.000000	-0.000037	0.000000	0.000000	0.000000	47.608299	14.612700	20.363501	48.120499	-23.057100	30.341700	-0.000000	-0.000000	-0.000002	0.000000	0.000000	0.000000	-48.280499	-15.052200	21.137600	-55.867199	15.913800	31.019199	-0.000000	0.000000	-0.000001	-0.271991	-1.551520	-0.007363	-0.000000	0.000000	-0.000001
-0.549850	-2.507250	-10.422402	-3.218520	16.491800	0.914540	6.820490	-16.212500	1.044050	-0.000000	0.000000	0.000000	1.222850	15.886100	-0.334782	8.675190	-11.538300	1.989350	0.000001	0.000000	-0.000001	0.000000	-0.000000	0.000006	0.000000	0.000000	0.000000	52.423599	12.908700	16.867201	63.320801	-22.725901	45.057499	-0.000000	0.000000	-0.000000	0.000000	0.000000	0.000000	-52.002201	-17.871099	21.092899	-63.903301	15.184800	38.560299	-0.000000	0.000000	-0.000000	-0.101196	-1.683950	-0.002972	-0.000000	-0.000000	-0.000000
-0.251115	-2.195060	-10.388202	-3.577110	15.998600	0.987077	7.125810	-15.976700	1.016260	0.000000	0.000000	0.000000	1.091760	15.793700	-0.297193	8.078450	-11.965300	1.908100	0.000000	0.000000	-0.000000	0.000001	0.000000	-0.000049	0.000000	0.000000	0.000000	56.745899	10.105300	13.502800	78.165100	-20.598700	66.084602	-0.000001	-0.000002	-0.000000	0.000000	0.000000	0.000000	-55.706200	-20.054199	20.402500	-74.848602	12.065900	51.418201	-0.000001	0.000001	-0.000000	-0.219901	-1.706660	-0.006547	0.000000	-0.000000	-0.000000
0.286060	-2.201128	-9.747520	-4.651230	15.788100	1.268080	8.219820	-16.614799	1.072080	0.000000	-0.000000	-0.000001	0.141111	15.111800	-0.036798	8.902690	-10.431700	1.649890	-0.000000	-0.000000	-0.000000	0.000002	0.000000	-0.000025	0.000000	0.000000	0.000000	61.502899	4.578510	9.240810	89.946404	-17.839100	90.316002	-0.000000	0.000000	0.000000	0.000000	0.000000	0.000000	-59.194401	-22.434401	19.722401	-85.484703	9.658330	78.100502	-0.000001	0.000001	-0.000001	-0.260244	-1.598780	-0.007260	-0.000000	-0.000000	-0.000002
0.395407	-2.170171	-8.892652	-4.947560	15.924900	1.360610	8.907480	-17.274000	1.234360	0.000000	0.000000	-0.000000	0.402542	15.076000	-0.104716	8.226000	-10.700300	1.611250	-0.000000	-0.000000	-0.000000	-0.000001	-0.000000	-0.000037	0.000000	0.000000	0.000000	66.127296	-1.044330	6.071110	100.563004	-16.296000	115.538002	-0.000000	0.000001	0.000001	0.000000	0.000000	0.000000	-63.522800	-27.244900	19.293400	-93.977203	11.285800	108.613998	0.000000	-0.000001	0.000000	-0.191464	-1.424710	-0.004759	0.000000	0.000000	-0.000000
0.526396	-1.406720	-8.548626	-4.867280	14.216800	1.198060	8.870850	-15.453900	1.108430	-0.000000	0.000000	-0.000000	0.407435	14.078100	-0.099119	8.073700	-10.738300	1.589150	-0.000000	-0.000000	-0.000000	-0.000002	-0.000000	-0.000045	0.000000	0.000000	0.000000	68.738098	-5.609640	4.215850	109.978996	-13.488200	136.020996	0.000000	-0.000000	-0.000001	0.000000	0.000000	0.000000	-67.630203	-30.090000	17.837799	-102.300003	7.486140	137.427994	-0.000000	-0.000000	-0.000001	0.082848	-1.280020	0.001852	0.000000	0.000000	-0.000000
0.447278	-2.531190	-7.939438	-5.146530	15.095200	1.343630	9.138390	-15.208800	1.095740	0.000000	-0.000000	0.000000	1.035850	14.680900	-0.262561	5.923370	-9.864270	1.192070	0.000000	-0.000000	-0.000000	0.000000	-0.000000	-0.000026	0.000000	0.000000	0.000000	70.593498	-12.230400	1.897880	117.914001	-11.884800	147.824005	0.000000	0.000000	-0.000001	0.000000	0.000000	0.000000	-69.251900	-33.804798	17.812700	-109.700996	2.277790	160.307999	-0.000000	0.000000	0.000000	0.453009	-1.689340	0.013357	-0.000000	-0.000000	-0.000000
0.399491	-2.016740	-6.948310	-4.674050	15.443600	1.247210	7.495520	-16.930201	0.871619	-0.000000	0.000000	-0.000000	0.414178	14.640400	-0.104698	7.509640	-9.841510	1.360480	-0.000000	-0.000000	0.000000	-0.000002	-0.000000	-0.000060	0.000000	0.000000	0.000000	69.555801	-18.603100	-0.749270	122.185997	-10.634700	153.141998	-0.000000	0.000000	-0.000000	0.000000	0.000000	0.000000	-69.089104	-37.381699	18.691700	-116.615997	0.554048	168.294998	0.000000	-0.000000	-0.000001	0.819895	-1.195970	0.017114	0.000000	-0.000000	0.000000
0.362999	-1.770120	-7.086780	-4.696220	14.130400	1.148900	7.770580	-15.157400	0.841930	-0.000000	-0.000000	-0.000000	-0.462673	14.829500	0.118411	9.744210	-11.547600	1.876920	-0.000001	-0.000000	-0.000000	-0.000000	-0.000000	-0.000011	0.000000	0.000000	0.000000	69.227600	-20.584700	-1.640610	125.946999	-10.471900	156.160995	-0.000000	-0.000000	0.000000	0.000000	0.000000	0.000000	-66.103996	-38.943501	21.114100	-121.975998	-2.554550	174.589996	0.000000	0.000000	-0.000000	1.120010	-1.396890	0.027308	-0.000000	-0.000000	0.000000
