-1.103160	-0.611572	-13.349002	-0.963573	16.125999	0.267645	4.731440	-18.931801	1.236390	-0.000000	0.000000	-0.000000	2.761660	13.705500	-0.654814	7.138090	-11.206600	1.926900	-0.000000	-0.000000	-0.000000	-0.000001	-0.000000	0.000001	0.000000	0.000000	0.000000	35.672401	27.854900	39.697102	46.133701	-38.316200	38.168201	0.000000	-0.000000	0.000002	0.000000	0.000000	0.000000	-38.706501	-3.157270	14.101000	-71.056999	10.657000	40.247002	0.000000	0.000000	-0.000000	0.054159	-1.469340	0.001389	-0.000000	-0.000000	0.000000
-1.209370	-0.835324	-13.400100	-1.268410	15.043800	0.329265	4.657190	-15.715500	0.930706	0.000000	0.000000	0.000000	2.860050	13.937000	-0.689407	6.514370	-11.601800	1.884200	0.000000	0.000000	0.000000	-0.000000	-0.000000	-0.000015	0.000000	0.000000	0.000000	39.211201	26.779600	35.625301	49.495201	-35.169399	39.734402	-0.000000	0.000000	0.000002	0.000000	0.000000	0.000000	-42.702000	-6.701040	16.536600	-70.690598	15.068900	46.268299	-0.000000	-0.000001	0.000001	-0.514612	-1.393700	-0.012516	0.000000	-0.000000	-0.000000
-1.438720	-1.071630	-13.805800	-0.914437	15.341100	0.241938	4.940900	-15.321200	1.074200	-0.000000	-0.000000	-0.000000	3.269330	14.191100	-0.802326	6.401680	-11.244300	1.883180	-0.000000	-0.000000	0.000000	0.000000	-0.000000	0.000096	0.000000	0.000000	0.000000	43.256500	25.226101	31.166500	55.217602	-32.580700	43.939800	-0.000000	-0.000000	0.000000	0.000000	0.000000	0.000000	-44.722900	-10.875700	19.667700	-76.016098	16.897200	58.031502	-0.000000	-0.000001	0.000001	-0.477925	-1.159990	-0.009675	-0.000000	0.000000	0.000000
-1.764290	-0.798025	-13.830009	-0.266841	15.566000	0.071599	4.377410	-16.320000	1.159680	-0.000000	-0.000000	-0.000000	3.945200	12.994400	-0.888443	5.783160	-8.502030	1.436580	0.000000	0.000000	-0.000000	-0.000001	-0.000000	-0.000007	0.000000	0.000000	0.000000	48.241501	23.000900	26.039801	63.135899	-31.140400	52.004700	0.000000	-0.000000	-0.000000	0.000000	0.000000	0.000000	-48.908298	-16.082199	21.706900	-79.909500	19.262100	68.479698	0.000000	-0.000000	-0.000001	-0.440568	-0.861400	-0.006623	-0.000000	-0.000000	-0.000002
-1.555010	-1.835811	-13.693900	-0.919979	16.721001	0.264701	4.765920	-16.673401	1.116200	-0.000000	0.000000	-0.000000	3.340080	15.030700	-0.867128	5.956880	-11.147100	1.790030	0.000001	0.000000	0.000000	-0.000001	-0.000000	0.000018	0.000000	0.000000	0.000000	51.783600	18.691799	21.088600	75.092003	-28.829000	66.726196	0.000000	0.000001	0.000000	0.000000	0.000000	0.000000	-51.573200	-19.715599	22.677299	-88.165199	15.067600	87.073196	-0.000000	0.000002	-0.000000	-0.057990	-1.060100	-0.001071	-0.000000	0.000000	-0.000001
-1.583751	-1.890530	-12.984503	-0.746922	16.775700	0.215584	4.385070	-16.758600	1.059530	-0.000000	0.000000	0.000000	3.634280	14.736500	-0.925634	5.065370	-10.363500	1.554740	0.000000	-0.000000	-0.000000	-0.000000	-0.000000	0.000012	0.000000	0.000000	0.000000	56.501202	12.180000	14.894100	87.091003	-24.596500	85.473099	0.000000	-0.000002	-0.000000	0.000000	0.000000	0.000000	-54.581699	-23.048901	22.836300	-94.427498	10.093700	109.057999	0.000000	-0.000000	-0.000000	0.097716	-1.073300	0.001831	0.000000	0.000000	0.000000
-1.393410	-1.355150	-11.656100	-0.659295	14.411900	0.164091	3.859550	-13.957900	0.777715	0.000000	0.000000	0.000000	4.102810	14.173500	-1.006230	3.872510	-11.720800	1.604360	0.000000	-0.000000	-0.000000	-0.000000	-0.000000	0.000034	0.000000	0.000000	0.000000	63.644699	3.428030	8.369830	94.918999	-19.717899	101.028000	0.000000	0.000001	0.000001	0.000000	0.000000	0.000000	-61.893002	-28.000799	20.697100	-99.739998	8.847880	127.591003	-0.000000	0.000000	-0.000001	0.097520	-1.258030	0.002141	0.000000	-0.000000	-0.000000
-0.973626	-1.346339	-10.189399	-1.168410	13.801400	0.278759	4.302510	-14.296700	0.783037	-0.000000	0.000000	-0.000000	3.109890	13.479200	-0.725577	5.595140	-10.881500	1.639080	-0.000001	-0.000000	0.000001	0.000000	-0.000000	0.000096	0.000000	0.000000	0.000000	68.029900	-5.166540	4.329390	104.245003	-19.125700	119.287003	-0.000000	-0.000000	-0.000000	0.000000	0.000000	0.000000	-66.742203	-32.687199	19.234400	-103.411003	4.114320	147.535004	-0.000000	0.000000	0.000000	0.112022	-1.339680	0.002616	0.000000	0.000000	0.000002
-0.252373	-2.218290	-8.478730	-2.817290	14.114100	0.687519	4.713280	-13.295700	0.455790	0.000000	0.000000	0.000000	2.709640	14.940800	-0.699096	2.810470	-12.707900	1.197580	-0.000000	-0.000000	-0.000001	0.000002	0.000000	-0.000010	0.000000	0.000000	0.000000	69.234200	-16.320900	-0.000990	113.570999	-21.046700	131.134003	-0.000000	-0.000000	0.000001	0.000000	0.000000	0.000000	-69.145203	-34.712200	18.157900	-110.318001	-7.284740	-177.085999	-0.000000	-0.000000	-0.000000	0.408630	-1.361910	0.009714	0.000000	0.000000	0.000001
-0.322239	-2.534420	-8.201760	-2.987830	14.565200	0.752008	3.388190	-13.794900	0.118394	0.000000	-0.000000	-0.000000	1.657550	15.446900	-0.441607	3.806740	-12.784600	1.199310	0.000000	0.000000	0.000000	0.000000	-0.000000	0.000087	0.000000	0.000000	0.000000	71.689903	-24.517401	-2.194900	119.776001	-26.487101	133.667999	0.000000	-0.000000	0.000000	0.000000	0.000000	0.000000	-71.377197	-41.793598	18.094000	-114.262001	-15.338400	-162.274994	0.000000	-0.000000	-0.000001	0.312561	-1.627280	0.008879	-0.000000	-0.000000	-0.000000
-0.119946	-1.390860	-7.668472	-2.623800	13.600400	0.617382	2.961740	-14.885800	0.105742	-0.000000	0.000000	-0.000001	1.542150	13.974300	-0.372506	4.800670	-12.105600	1.325720	-0.000000	-0.000000	-0.000000	-0.000002	-0.000000	-0.000034	0.000000	0.000000	0.000000	71.805801	-31.760401	-4.571790	124.625999	-30.011900	136.123001	-0.000001	0.000000	-0.000001	0.000000	0.000000	0.000000	-72.405197	-46.059502	17.968700	-115.866997	-21.330200	-154.225006	0.000001	0.000000	0.000000	0.491659	-2.902240	0.024897	-0.000000	-0.000000	-0.000001
0.067109	0.006487	-7.875920	-3.133610	10.374400	0.564839	4.669820	-13.115100	0.360309	-0.000000	0.000000	-0.000000	1.414190	10.980100	-0.269418	5.282220	-9.854580	1.146690	0.000000	-0.000000	-0.000001	-0.000002	-0.000000	0.000078	0.000000	0.000000	0.000000	72.666603	-33.539101	-4.661250	124.805000	-30.377899	135.975006	-0.000002	-0.000000	-0.000000	0.000000	0.000000	0.000000	-74.391197	-48.025398	16.716700	-116.066002	-22.861500	-152.326996	-0.000001	-0.000000	0.000000	0.618351	-5.778080	0.062259	0.000000	-0.000000	0.000001
0.166010	-1.468530	-7.367540	-3.542440	12.124500	0.744941	5.007060	-13.614000	0.363455	0.000000	0.000000	-0.000000	1.078070	12.185000	-0.227580	5.522180	-9.093500	1.043780	-0.000000	-0.000000	-0.000000	-0.000002	-0.000000	-0.000009	0.000000	0.000000	0.000000	70.893501	-35.106300	-6.221610	121.896004	-29.645201	133.188004	0.000000	0.000000	0.000000	0.000000	0.000000	0.000000	-72.016296	-46.239498	18.263100	-114.874001	-21.484900	-153.009003	-0.000000	0.000000	-0.000001	0.528279	-3.141520	0.028955	0.000000	-0.000000	-0.000000
-0.137123	-1.968770	-7.321524	-3.190250	13.291100	0.734141	4.472940	-14.135200	0.334206	-0.000000	0.000000	0.000000	1.020690	13.209000	-0.233266	6.421670	-8.982930	1.164190	-0.000000	-0.000000	0.000000	-0.000000	0.000000	-0.000025	0.000000	0.000000	0.000000	71.862999	-33.362099	-5.062950	115.744003	-26.653200	127.898003	-0.000000	-0.000000	-0.000000	0.000000	0.000000	0.000000	-72.385803	-39.103901	16.876400	-113.884003	-17.087700	-159.022995	-0.000001	-0.000001	0.000000	0.668048	-2.165020	0.025240	0.000000	0.000000	-0.000000
-0.366131	-2.201240	-7.959250	-3.357270	13.516600	0.785523	5.651500	-13.555800	0.559885	-0.000000	0.000000	0.000000	1.426750	13.921000	-0.343330	6.105200	-10.022100	1.310720	-0.000001	-0.000000	0.000000	0.000002	0.000001	-0.000011	0.000000	0.000000	0.000000	71.253502	-24.635500	-2.395150	113.432999	-24.332001	127.220001	-0.000000	-0.000000	-0.000000	0.000000	0.000000	0.000000	-70.292999	-32.920799	16.993500	-111.054001	-9.992620	-171.197006	0.000000	-0.000000	0.000000	0.514953	-1.856990	0.016689	0.000000	0.000000	0.000000
-0.416303	-1.653160	-8.613390	-3.170910	12.883900	0.707714	5.700380	-12.971700	0.586119	0.000000	-0.000000	-0.000001	1.747430	13.542200	-0.409308	5.685970	-10.351600	1.334120	0.000000	0.000000	0.000000	-0.000002	-0.000001	-0.000015	0.000000	0.000000	0.000000	69.764198	-16.039801	0.275326	106.780998	-20.699499	120.891998	0.000000	0.000000	-0.000002	0.000000	0.000000	0.000000	-69.976898	-27.613300	15.873400	-105.372002	-0.902499	163.119003	0.000000	-0.000000	-0.000001	-0.132771	-1.370490	-0.003173	0.000000	0.000000	0.000000
-0.108096	-1.631020	-9.347060	-3.850640	11.957400	0.798932	6.577430	-11.166200	0.544694	-0.000000	-0.000000	0.000000	1.498930	12.545100	-0.325660	5.302310	-9.103440	1.075290	-0.000000	-0.000000	-0.000000	-0.000000	0.000000	-0.000022	0.000000	0.000000	0.000000	64.557297	-4.855850	4.315190	100.662003	-19.647800	112.016998	0.000000	-0.000001	0.000000	0.000000	0.000000	0.000000	-64.842003	-22.060801	16.705700	-99.382103	7.058130	128.761002	-0.000000	-0.000000	0.000000	0.079536	-1.501400	0.002084	0.000000	-0.000000	0.000001
-0.060617	-0.966723	-9.969700	-3.692910	11.379900	0.729622	6.585480	-11.261000	0.579561	0.000000	0.000000	-0.000000	0.701156	11.393900	-0.138530	7.594490	-7.702830	1.117720	0.000000	0.000000	0.000000	0.000000	0.000000	-0.000025	0.000000	0.000000	0.000000	57.982300	2.990230	8.957130	88.934097	-14.827500	87.061501	0.000000	-0.000000	-0.000000	0.000000	0.000000	0.000000	-56.949902	-15.755600	17.402300	-93.498497	12.126500	102.577003	0.000000	-0.000000	-0.000000	0.064870	-1.233680	0.001400	-0.000000	-0.000000	-0.000001
-0.202337	-0.687855	-10.767998	-2.929450	12.011900	0.610161	4.756340	-12.993100	0.425336	0.000000	0.000000	0.000000	1.435220	11.458700	-0.285191	5.779310	-8.691030	1.091440	0.000000	0.000000	0.000000	-0.000000	-0.000000	0.000003	0.000000	0.000000	0.000000	52.216000	11.923700	16.378099	72.387001	-17.840700	53.283100	-0.000000	0.000000	0.000000	0.000000	0.000000	0.000000	-49.969501	-10.311600	16.762300	-85.723900	15.170600	78.648697	-0.000000	-0.000000	0.000000	-0.122781	-0.902518	-0.001934	-0.000000	-0.000000	-0.000000
0.143305	-1.080729	-11.274400	-3.915730	12.385200	0.841095	5.764290	-12.732700	0.427707	0.000000	-0.000000	0.000000	1.060160	12.012600	-0.220681	5.040100	-9.563220	1.013320	-0.000000	0.000000	0.000000	0.000000	0.000000	-0.000028	0.000000	0.000000	0.000000	44.660301	18.835600	25.418200	59.769001	-25.512899	43.627998	0.000001	0.000000	0.000001	0.000000	0.000000	0.000000	-46.728901	-8.101400	16.242100	-73.675301	17.278601	54.081501	-0.000001	0.000000	0.000001	-0.234030	-1.118430	-0.004567	0.000000	0.000000	-0.000002
0.447071	-0.052773	-11.749801	-4.651680	11.475800	0.927414	7.380230	-13.947800	0.680677	0.000000	-0.000000	-0.000000	0.517742	10.671000	-0.095883	6.589780	-9.085980	1.126620	0.000000	0.000000	0.000000	-0.000002	-0.000000	0.000078	0.000000	0.000000	0.000000	38.751900	23.037500	33.191898	49.747398	-30.563400	37.150002	0.000000	0.000000	-0.000000	0.000000	0.000000	0.000000	-42.866100	-5.132800	14.860100	-69.325302	14.291100	43.171299	-0.000001	0.000000	0.000001	-0.490976	-0.766164	-0.006565	0.000000	-0.000000	0.000000
-0.035174	-0.007591	-12.023800	-4.073570	10.910700	0.772291	6.975600	-12.154700	0.627105	-0.000000	-0.000000	0.000000	1.468050	10.331700	-0.263352	5.173810	-8.131530	0.940202	-0.000000	-0.000000	0.000000	-0.000002	-0.000000	-0.000092	0.000000	0.000000	0.000000	36.717701	24.607300	36.235500	44.650600	-29.923500	32.207001	0.000000	-0.000000	0.000000	0.000000	0.000000	0.000000	-41.632000	-4.558440	14.697900	-65.136497	15.723900	39.387299	-0.000000	-0.000000	0.000000	-0.551526	-0.717873	-0.006911	0.000000	0.000000	0.000000
-0.382560	0.011350	-11.918202	-3.061100	11.589200	0.615509	5.794390	-13.193600	0.638595	0.000000	0.000000	0.000000	1.590070	10.229800	-0.282468	6.116540	-6.911780	0.929877	-0.000000	-0.000000	-0.000000	0.000001	0.000000	0.000005	0.000000	0.000000	0.000000	35.450001	25.663700	38.230598	42.923000	-32.618599	32.311298	0.000000	0.000000	-0.000003	0.000000	0.000000	0.000000	-40.226700	-4.485830	15.146300	-64.405602	15.988300	38.870399	-0.000000	-0.000001	0.000000	-0.201805	-0.822790	-0.002897	-0.000000	0.000000	0.000001
-0.447006	0.120056	-11.806299	-2.543730	10.965400	0.484161	5.194920	-12.197300	0.570367	0.000000	0.000000	0.000000	2.463030	9.763770	-0.417952	4.788890	-6.597750	0.833488	0.000000	-0.000000	-0.000000	0.000000	0.000000	-0.000029	0.000000	0.000000	0.000000	36.823101	25.440001	36.759201	42.389999	-31.682400	31.404400	-0.000000	-0.000000	0.000003	0.000000	0.000000	0.000000	-39.149601	-4.364140	15.430900	-66.487602	13.778300	38.718601	0.000001	-0.000000	0.000000	-0.001997	-0.610409	-0.000020	-0.000000	0.000000	-0.000001
-0.522770	0.134130	-11.522906	-1.889740	11.136200	0.365110	3.786340	-12.399200	0.415040	0.000000	0.000000	0.000000	2.444510	9.690800	-0.411735	4.861910	-6.869400	0.874357	0.000000	0.000000	-0.000000	0.000000	0.000000	0.000050	0.000000	0.000000	0.000000	38.336800	24.697100	34.808601	47.429401	-32.749298	36.438599	-0.000000	0.000000	-0.000000	0.000000	0.000000	0.000000	-42.249500	-6.565760	16.594999	-65.968597	16.586300	41.649601	-0.000000	0.000000	0.000001	-0.148500	-0.438688	-0.001136	0.000000	-0.000000	-0.000001
0.046419	-0.723052	-10.846000	-3.354960	12.350700	0.718386	6.007500	-13.508400	0.638227	-0.000000	-0.000000	0.000001	1.047790	10.854300	-0.197337	7.228990	-6.852750	0.992118	-0.000000	0.000000	-0.000000	0.000002	0.000001	-0.000013	0.000000	0.000000	0.000000	39.054798	22.573900	32.500000	55.744099	-34.601898	45.626900	-0.000000	0.000000	-0.000000	0.000000	0.000000	0.000000	-46.102100	-7.771030	16.185101	-70.639801	15.879100	47.497299	0.000000	0.000000	-0.000000	-0.441497	-0.752263	-0.005796	-0.000000	-0.000000	-0.000000
0.186434	-0.913244	-10.058801	-4.316440	11.499100	0.862051	6.657610	-11.367700	0.478853	-0.000000	0.000000	-0.000000	0.997908	12.203200	-0.210969	5.886340	-10.620100	1.270460	0.000000	0.000000	0.000001	-0.000002	-0.000000	0.000036	0.000000	0.000000	0.000000	41.744999	19.560400	27.952200	67.076103	-33.865898	58.433899	-0.000000	0.000000	0.000001	0.000000	0.000000	0.000000	-51.192799	-9.923640	15.966700	-74.303902	14.368300	52.006001	0.000001	-0.000002	0.000000	-0.515364	-0.831178	-0.007475	-0.000000	0.000000	-0.000001
0.139925	-0.544564	-9.204820	-3.667510	11.953900	0.760615	4.887650	-14.185800	0.318594	-0.000000	0.000000	0.000001	0.673569	12.054800	-0.140687	6.167480	-11.460200	1.362480	0.000000	0.000000	0.000001	0.000000	-0.000000	-0.000005	0.000000	0.000000	0.000000	46.575199	14.053200	20.516800	78.351799	-29.309200	72.114899	-0.000000	0.000001	-0.000001	0.000000	0.000000	0.000000	-54.116699	-10.825200	15.490800	-82.266998	9.300340	63.730000	0.000000	0.000000	0.000000	-0.279460	-0.795366	-0.003879	0.000000	0.000000	0.000001
-0.382234	-0.484145	-8.741680	-3.363210	10.863000	0.634528	6.035160	-12.232400	0.579335	-0.000000	0.000000	0.000000	2.370190	10.738300	-0.441873	3.436820	-8.038560	0.808927	-0.000000	-0.000000	0.000001	-0.000002	-0.000000	0.000030	0.000000	0.000000	0.000000	53.535599	7.781300	13.056000	88.561600	-25.551399	88.426201	0.000001	-0.000000	0.000000	0.000000	0.000000	0.000000	-58.694302	-15.534200	16.492599	-87.574501	7.880680	82.384598	-0.000000	0.000001	0.000001	-0.362327	-0.653875	-0.004134	-0.000000	0.000000	0.000000
-0.567656	-0.917688	-8.604750	-3.038750	11.106600	0.585888	5.733720	-12.102400	0.577404	-0.000000	-0.000000	-0.000000	2.204150	10.815600	-0.413808	4.820890	-7.419820	0.906572	-0.000000	-0.000000	0.000000	0.000002	0.000000	-0.000004	0.000000	0.000000	0.000000	58.769501	0.023156	7.084700	97.096703	-23.621500	103.750999	0.000001	-0.000001	-0.000001	0.000000	0.000000	0.000000	-60.728802	-21.536800	18.498899	-95.383202	5.977450	118.748001	0.000000	0.000001	-0.000000	-0.361119	-0.900617	-0.005674	0.000000	-0.000000	0.000000
-0.773539	-1.574350	-7.661621	-2.325430	12.320900	0.496468	4.860250	-12.412500	0.556742	-0.000000	0.000000	-0.000000	3.040850	12.258800	-0.646243	3.868590	-8.549400	1.021610	-0.000000	-0.000000	0.000000	0.000000	-0.000000	0.000018	0.000000	0.000000	0.000000	64.787598	-8.557690	2.583970	102.961998	-23.605000	113.193001	0.000000	0.000000	0.000000	0.000000	0.000000	0.000000	-64.686996	-26.797701	18.454000	-101.482002	1.061460	152.272995	0.000000	0.000000	-0.000001	-0.106496	-1.141070	-0.002120	-0.000000	0.000000	-0.000001
-0.178408	-1.328580	-7.200918	-3.043050	11.895600	0.627818	4.153500	-12.760500	0.259761	-0.000000	-0.000000	0.000000	2.018010	12.451800	-0.435300	4.393630	-10.436300	1.157430	-0.000000	-0.000000	-0.000000	0.000000	0.000000	-0.000019	0.000000	0.000000	0.000000	66.192802	-16.534401	-0.864461	111.916000	-22.598700	127.338997	-0.000000	0.000000	0.000001	0.000000	0.000000	0.000000	-70.323196	-30.465599	16.351299	-106.570000	-6.963980	-177.334000	-0.000000	-0.000000	-0.000000	0.281046	-1.267690	0.006217	0.000000	0.000000	0.000001
-0.710974	-2.006501	-6.799333	-2.602680	12.613500	0.568720	4.679890	-12.334100	0.457355	0.000000	0.000000	0.000000	2.438480	13.984600	-0.589631	4.752220	-11.135500	1.381640	0.000000	0.000000	0.000000	0.000000	-0.000001	-0.000073	0.000000	0.000000	0.000000	69.546700	-26.421900	-3.747860	114.289001	-23.823601	128.707993	0.000001	-0.000001	0.000001	0.000000	0.000000	0.000000	-70.694504	-35.994900	17.364201	-111.083000	-12.222800	-166.035004	-0.000000	0.000000	0.000001	0.547693	-1.500070	0.014340	-0.000000	0.000000	-0.000001
-0.690666	-1.874580	-7.291121	-2.322010	13.190300	0.530119	3.817730	-13.743000	0.369992	0.000000	0.000000	0.000000	1.950470	13.898800	-0.468697	5.660840	-11.138300	1.467500	-0.000000	-0.000000	-0.000000	0.000000	0.000000	-0.000081	0.000000	0.000000	0.000000	69.796501	-32.058899	-5.771640	119.681000	-26.393101	133.128998	0.000000	-0.000000	0.000000	0.000000	0.000000	0.000000	-70.104103	-41.989399	18.982500	-113.788002	-16.853600	-159.220993	-0.000000	0.000000	0.000000	0.150136	-1.608000	0.004215	-0.000000	-0.000000	0.000000
-0.950569	-2.106760	-7.252810	-2.062980	13.578800	0.484541	3.638060	-13.871300	0.391553	0.000000	-0.000000	-0.000000	1.919610	14.019800	-0.465212	6.125080	-10.629300	1.482610	-0.000000	-0.000000	0.000000	0.000000	-0.000000	-0.000069	0.000000	0.000000	0.000000	70.088799	-36.260101	-7.126500	121.841003	-28.754801	133.697006	-0.000001	0.000000	0.000000	0.000000	0.000000	0.000000	-67.683502	-43.120399	20.962999	-117.082001	-20.859200	-156.065002	-0.000000	0.000000	-0.000000	-0.040191	-1.635390	-0.001147	-0.000000	-0.000000	0.000001
-0.891741	-2.296640	-7.547218	-1.813090	14.314700	0.448415	2.751360	-14.705600	0.252508	-0.000000	0.000000	-0.000000	2.067560	14.459600	-0.516485	5.304230	-10.780200	1.373770	-0.000000	0.000000	-0.000000	-0.000000	-0.000000	-0.000109	0.000000	0.000000	0.000000	69.787003	-36.737099	-7.515240	122.898003	-29.541599	134.307007	0.000000	0.000000	-0.000000	0.000000	0.000000	0.000000	-65.515297	-43.035000	22.584000	-118.049004	-20.325701	-157.647003	-0.000000	0.000000	0.000000	0.128678	-1.564900	0.003515	0.000000	0.000000	0.000000
-0.886565	-2.471600	-7.668320	-2.885580	13.641000	0.681066	6.135340	-12.595200	0.727200	0.000000	-0.000000	-0.000000	3.150850	14.199200	-0.773624	2.943420	-9.463590	0.989706	-0.000000	0.000000	-0.000000	-0.000002	-0.000000	0.000038	0.000000	0.000000	0.000000	69.738701	-35.572102	-7.139550	122.092003	-27.816900	134.705994	-0.000000	0.000000	0.000000	0.000000	0.000000	0.000000	-65.966400	-41.084599	21.804399	-117.621002	-17.461599	-161.447998	0.000000	-0.000000	0.000000	0.255511	-1.748240	0.007796	0.000000	0.000000	0.000001
-0.986468	-2.435670	-7.608934	-2.466890	13.993200	0.596846	5.282480	-12.981800	0.649487	-0.000000	0.000000	-0.000000	2.864100	14.507500	-0.718051	4.081220	-10.431700	1.246760	0.000000	0.000000	0.000000	-0.000002	-0.000000	0.000079	0.000000	0.000000	0.000000	70.351303	-31.165701	-5.177230	117.797997	-23.853100	132.985992	0.000001	-0.000000	0.000000	0.000000	0.000000	0.000000	-68.830399	-34.116001	18.161400	-115.664001	-12.627400	-168.339005	0.000001	0.000000	-0.000001	0.076279	-1.608770	0.002141	0.000000	0.000000	0.000001
-1.342110	-2.371831	-8.061890	-2.093190	14.012900	0.507049	4.839380	-12.916800	0.628290	0.000000	-0.000000	0.000000	3.147900	14.341700	-0.780494	3.781360	-9.544460	1.137930	0.000000	0.000000	0.000000	-0.000002	-0.000000	0.000014	0.000000	0.000000	0.000000	70.577103	-22.425600	-1.885070	113.853996	-20.474100	131.507996	-0.000001	0.000000	-0.000001	0.000000	0.000000	0.000000	-69.912300	-27.888399	15.954100	-109.807999	-4.289280	174.789993	-0.000000	-0.000000	0.000001	0.261532	-1.896390	0.008657	0.000000	-0.000000	-0.000000
-0.609780	-1.434340	-8.844468	-2.780440	13.124000	0.631788	4.783710	-13.490800	0.484503	0.000000	-0.000000	0.000000	1.801530	12.948800	-0.403819	5.047380	-9.228850	1.096090	0.000000	-0.000000	0.000000	0.000002	0.000000	-0.000099	0.000000	0.000000	0.000000	66.868698	-12.992800	0.827312	107.983002	-14.519600	130.061005	-0.000000	-0.000000	0.000000	0.000000	0.000000	0.000000	-67.759499	-21.813200	15.228700	-103.777000	6.236240	140.500000	-0.000000	-0.000000	-0.000002	0.261466	-1.270260	0.005796	0.000000	-0.000000	0.000002
-0.601276	-1.212160	-9.763015	-2.720520	12.540000	0.591103	3.953310	-12.312900	0.276790	-0.000000	-0.000000	-0.000000	1.755890	12.362800	-0.376055	4.706940	-8.748750	0.980833	-0.000000	-0.000000	0.000001	0.000000	0.000000	0.000038	0.000000	0.000000	0.000000	63.550201	-2.512350	5.452810	97.599602	-12.086800	111.852997	0.000000	0.000001	-0.000000	0.000000	0.000000	0.000000	-64.132401	-16.358999	14.709000	-93.728401	12.268600	102.903000	-0.000000	0.000001	-0.000000	-0.045347	-1.219620	-0.000965	0.000000	0.000000	-0.000000
-0.259989	-0.753343	-10.178606	-3.096950	12.182600	0.654143	4.315930	-12.667900	0.282685	-0.000000	0.000000	0.000000	1.574720	11.590600	-0.316473	4.724600	-7.868590	0.861368	-0.000000	-0.000000	-0.000000	0.000000	-0.000000	-0.000041	0.000000	0.000000	0.000000	58.569099	4.229040	9.601400	82.412804	-8.722040	62.738998	0.000001	-0.000001	0.000001	0.000000	0.000000	0.000000	-59.380798	-10.907700	13.729200	-79.981499	16.559900	65.589798	0.000000	0.000000	-0.000000	-0.177463	-1.080920	-0.003348	-0.000000	0.000000	-0.000000
-0.357134	-0.914089	-10.688998	-3.680550	12.634900	0.806120	6.802200	-13.938400	0.774213	-0.000000	-0.000000	-0.000000	1.310000	12.170100	-0.276223	6.136880	-9.371990	1.214500	-0.000000	-0.000000	0.000000	0.000002	0.000000	0.000021	0.000000	0.000000	0.000000	52.162498	12.419200	16.717899	66.008400	-15.585700	40.995201	0.000000	0.000000	0.000001	0.000000	0.000000	0.000000	-52.470600	-7.606860	13.797800	-68.549500	16.894400	45.416901	0.000000	-0.000000	0.000000	-0.332411	-1.223610	-0.007098	-0.000000	0.000000	-0.000000
-0.379467	-1.755290	-11.286500	-4.180560	13.938800	1.008710	7.284650	-14.124300	0.788364	0.000000	-0.000000	0.000000	1.486400	13.419000	-0.345032	5.325680	-9.020940	1.066590	-0.000000	0.000000	0.000000	-0.000002	-0.000000	-0.000028	0.000000	0.000000	0.000000	45.132301	19.474199	25.547899	51.973202	-24.134600	34.538200	-0.000000	0.000000	-0.000001	0.000000	0.000000	0.000000	-48.848000	-4.868850	12.680400	-56.391998	15.302900	30.162201	-0.000001	0.000001	0.000001	-0.268999	-1.447450	-0.006794	0.000000	0.000000	0.000000
-0.113207	-0.524304	-11.464901	-3.958080	12.918200	0.886194	6.274700	-14.031800	0.586356	0.000000	-0.000000	0.000000	1.127630	11.834200	-0.231292	5.458810	-8.608650	0.986530	0.000000	0.000000	-0.000000	-0.000000	0.000000	0.000030	0.000000	0.000000	0.000000	39.804501	22.042299	31.491899	39.099201	-25.499399	25.322800	0.000000	-0.000000	0.000001	0.000000	0.000000	0.000000	-45.550701	-3.706050	12.534600	-48.607101	15.475100	24.514999	-0.000000	-0.000002	-0.000001	-0.395754	-1.154510	-0.007972	-0.000000	0.000000	-0.000001
-0.019006	-0.230023	-11.153599	-4.080520	12.576000	0.889891	6.880340	-14.777000	0.739727	0.000000	-0.000000	-0.000000	0.709898	10.995800	-0.135419	6.990630	-7.961820	1.071140	-0.000000	0.000000	-0.000000	0.000002	0.000000	-0.000008	0.000000	0.000000	0.000000	36.598000	23.835100	35.657902	31.001499	-29.366100	21.837400	0.000000	-0.000000	0.000000	0.000000	0.000000	0.000000	-43.264999	-2.820070	12.270100	-44.466999	15.278500	21.858000	0.000000	-0.000000	0.000000	-0.597098	-1.061850	-0.011064	-0.000000	0.000000	-0.000000
-0.066320	-0.256544	-10.584408	-3.898010	12.322000	0.833074	6.390140	-14.351700	0.640443	0.000000	-0.000000	-0.000000	0.582263	11.421800	-0.115318	7.423990	-8.535170	1.194140	0.000000	0.000000	0.000000	-0.000000	-0.000000	-0.000014	0.000000	0.000000	0.000000	34.977100	23.784500	37.086800	31.726900	-30.656000	22.815399	0.000001	-0.000000	-0.000001	0.000000	0.000000	0.000000	-42.150200	-1.713590	11.362700	-46.053501	14.478700	22.099701	0.000000	0.000001	0.000001	-0.631600	-0.860161	-0.009481	-0.000000	-0.000000	-0.000000
-0.196469	-0.231999	-10.296100	-3.561510	12.065400	0.745367	6.335230	-13.889200	0.685270	-0.000000	-0.000000	0.000000	0.772233	10.950400	-0.146711	7.818040	-7.440330	1.118800	0.000001	0.000000	-0.000000	0.000000	0.000000	0.000017	0.000000	0.000000	0.000000	35.561199	23.215300	36.057499	34.670601	-30.573999	24.823099	-0.000000	0.000000	-0.000001	0.000000	0.000000	0.000000	-44.510700	-1.504840	10.585400	-48.990101	13.792100	23.186199	-0.000000	0.000001	0.000001	-0.533095	-0.781801	-0.007273	0.000000	0.000000	0.000001
-0.109456	-0.466666	-10.416300	-3.578080	12.450800	0.772389	6.542220	-14.705400	0.774525	0.000000	0.000000	0.000000	0.762117	10.913200	-0.144301	7.823170	-6.873830	1.033480	0.000000	-0.000000	0.000000	0.000002	0.000000	0.000023	0.000000	0.000000	0.000000	37.560001	23.154100	34.199299	43.806801	-32.271400	32.850700	-0.000000	0.000000	-0.000002	0.000000	0.000000	0.000000	-47.670700	-3.662890	11.920400	-52.878601	16.209101	28.125099	0.000000	0.000001	0.000000	-0.453272	-0.807721	-0.006390	0.000000	-0.000000	0.000001
-0.065275	-1.122750	-10.266400	-4.143500	13.183100	0.946538	7.008190	-13.424100	0.691051	0.000000	-0.000000	-0.000000	1.401520	12.405500	-0.301154	5.055870	-8.217190	0.922045	0.000000	0.000000	0.000000	-0.000002	-0.000000	0.000034	0.000000	0.000000	0.000000	42.752701	21.482500	28.677999	53.588600	-28.316601	39.326698	0.000000	-0.000000	0.000002	0.000000	0.000000	0.000000	-53.811298	-5.950820	12.200200	-57.634899	17.962999	33.896198	0.000000	0.000000	-0.000001	-0.516617	-1.083900	-0.009772	-0.000000	0.000000	-0.000001
-0.191977	-1.220780	-10.198502	-3.621670	12.917000	0.810598	5.996770	-12.559200	0.536743	0.000000	-0.000000	0.000000	1.610730	12.539900	-0.349817	5.077770	-8.620760	1.001210	-0.000000	0.000000	-0.000000	-0.000002	-0.000000	0.000082	0.000000	0.000000	0.000000	49.092899	19.449600	22.998600	63.109299	-24.804600	47.234798	-0.000001	0.000000	-0.000000	0.000000	0.000000	0.000000	-58.676701	-8.900200	12.791800	-65.439903	18.830999	43.416000	-0.000001	0.000002	-0.000000	-0.587236	-0.968082	-0.009922	-0.000000	-0.000000	-0.000000
-0.643609	-0.878135	-10.326500	-2.627020	13.121400	0.596763	4.959880	-14.329100	0.594682	0.000000	0.000000	0.000001	2.006430	11.828000	-0.411432	5.650920	-8.123120	1.082220	0.000000	0.000000	0.000000	0.000000	0.000000	-0.000098	0.000000	0.000000	0.000000	56.671299	15.769000	16.870100	73.189796	-19.221901	56.782501	-0.000001	0.000001	0.000001	0.000000	0.000000	0.000000	-62.584499	-13.085700	13.796200	-75.400398	17.512600	57.603100	-0.000001	-0.000000	0.000001	-0.541343	-0.997651	-0.009425	0.000000	-0.000000	0.000000
-0.761850	-1.236650	-10.599600	-2.253740	13.405700	0.522764	4.669510	-13.601800	0.582923	-0.000000	0.000000	-0.000001	2.644030	13.030100	-0.596542	4.791570	-9.911420	1.274960	-0.000000	-0.000000	0.000000	-0.000002	-0.000000	0.000024	0.000000	0.000000	0.000000	65.137100	10.888100	11.490400	80.964897	-15.311200	68.290604	-0.000000	0.000001	-0.000000	0.000000	0.000000	0.000000	-65.549400	-16.467400	14.229000	-87.037804	11.380600	81.395103	0.000000	0.000001	-0.000001	-0.282360	-1.030700	-0.005079	0.000000	0.000000	0.000000
-0.871126	-1.466620	-10.245101	-1.952800	14.131100	0.476923	4.967870	-14.664600	0.778966	-0.000000	-0.000000	-0.000000	3.688770	13.877600	-0.885911	3.091920	-11.158400	1.297000	0.000000	-0.000000	0.000000	-0.000001	-0.000000	-0.000095	0.000000	0.000000	0.000000	69.544296	4.257080	7.981770	92.676102	-15.112700	98.018600	0.000000	0.000001	0.000001	0.000000	0.000000	0.000000	-70.204300	-21.640200	14.131000	-96.023598	8.000830	115.862000	0.000000	0.000000	-0.000000	-0.227175	-1.094360	-0.004339	0.000000	0.000000	0.000001
-0.861816	-2.010170	-8.985090	-1.308510	14.168000	0.320319	3.730070	-14.451200	0.614612	0.000000	0.000000	0.000000	3.700980	13.568800	-0.869450	3.447480	-9.401690	1.156530	-0.000000	-0.000000	0.000000	0.000000	0.000000	-0.000066	0.000000	0.000000	0.000000	74.295097	-6.223760	4.428610	100.026001	-14.209800	115.431999	-0.000000	-0.000000	0.000001	0.000000	0.000000	0.000000	-72.226601	-27.536400	14.696300	-100.777000	3.960070	141.158005	-0.000000	-0.000000	0.000001	-0.145265	-1.498510	-0.003797	0.000000	0.000000	-0.000001
-0.765671	-2.401151	-8.599974	-2.229520	14.191000	0.546827	4.977590	-13.752000	0.669969	0.000000	-0.000000	-0.000001	2.176360	14.187200	-0.533656	6.394280	-9.350890	1.391740	0.000000	0.000000	0.000000	0.000000	0.000000	-0.000017	0.000000	0.000000	0.000000	77.999100	-13.569300	3.056960	107.831001	-16.107901	128.115005	0.000000	0.000000	-0.000001	0.000000	0.000000	0.000000	-76.545601	-32.216499	13.248600	-104.653999	-3.075340	169.973999	0.000000	0.000000	-0.000002	0.116312	-1.719360	0.003491	-0.000000	-0.000000	0.000001
-0.845571	-2.171871	-8.847768	-2.478770	13.830600	0.592897	5.231360	-13.127100	0.641978	0.000000	0.000000	0.000000	1.908470	14.151000	-0.466751	6.472820	-9.842530	1.432600	0.000000	0.000000	-0.000000	-0.000002	-0.000000	0.000041	0.000000	0.000000	0.000000	80.298698	-17.351900	2.821330	112.982002	-20.289400	131.182007	-0.000000	-0.000000	0.000001	0.000000	0.000000	0.000000	-77.129898	-34.893002	13.308900	-110.655998	-9.649300	-171.912994	-0.000000	-0.000000	-0.000001	0.288204	-1.833270	0.009221	-0.000000	0.000000	0.000000
-0.503579	-2.306911	-7.968460	-2.827780	13.507400	0.660985	5.176820	-12.187700	0.512748	-0.000000	0.000000	0.000000	1.631950	14.302500	-0.403273	5.689280	-10.369400	1.315510	-0.000000	-0.000000	0.000000	0.000000	-0.000000	0.000049	0.000000	0.000000	0.000000	78.348801	-22.486300	1.097190	117.514000	-23.275000	133.923996	0.000001	0.000000	0.000001	0.000000	0.000000	0.000000	-78.442497	-35.307201	12.521500	-115.505997	-14.655700	-164.761993	-0.000000	0.000000	-0.000000	0.556662	-1.790650	0.017397	0.000000	0.000000	0.000000
-0.446351	-2.151940	-7.072620	-2.651840	13.339300	0.612233	3.921010	-12.464900	0.289450	-0.000000	0.000000	-0.000000	1.587520	14.402700	-0.394977	5.306890	-11.608000	1.383540	-0.000000	-0.000000	-0.000000	-0.000000	-0.000000	0.000016	0.000000	0.000000	0.000000	77.299400	-27.210501	-0.437898	117.967003	-25.056101	132.606003	0.000001	0.000000	0.000000	0.000000	0.000000	0.000000	-78.199898	-34.674702	12.542100	-117.473000	-16.416500	-163.244003	0.000000	0.000000	-0.000000	0.599774	-1.814610	0.018993	-0.000000	0.000000	0.000000
-0.374508	-2.560620	-6.997378	-3.321720	13.492300	0.775817	5.934440	-12.166400	0.570390	-0.000000	-0.000000	0.000000	1.999670	15.157400	-0.523065	4.687520	-12.165500	1.400540	-0.000000	-0.000000	-0.000000	0.000002	0.000000	0.000006	0.000000	0.000000	0.000000	76.047897	-26.747499	-0.893503	118.777000	-26.472200	132.473999	0.000000	-0.000000	0.000000	0.000000	0.000000	0.000000	-79.022102	-34.861500	12.074100	-117.378998	-15.428400	-164.774002	0.000000	0.000000	-0.000000	0.550380	-1.713270	0.016457	-0.000000	0.000000	-0.000000
-0.454972	-2.409350	-6.621400	-3.559080	14.558800	0.895730	7.246870	-15.495100	1.017180	-0.000000	0.000000	0.000000	1.999840	14.777900	-0.510307	5.652930	-11.316900	1.497190	-0.000000	0.000000	-0.000000	0.000002	0.000001	-0.000028	0.000000	0.000000	0.000000	77.308601	-25.230900	0.081064	115.879997	-25.931700	129.436996	0.000000	0.000000	0.000000	0.000000	0.000000	0.000000	-79.697899	-31.474899	11.311000	-113.599998	-11.256700	-170.048996	-0.000001	0.000000	-0.000000	0.331933	-1.697050	0.009831	-0.000000	0.000000	-0.000001
-0.405672	-2.401662	-6.734159	-2.952940	13.753300	0.702617	5.623920	-13.501100	0.643838	0.000000	-0.000000	0.000000	2.188560	15.031000	-0.567853	4.901520	-11.891400	1.452490	0.000000	-0.000000	-0.000000	0.000000	-0.000000	-0.000064	0.000000	0.000000	0.000000	77.014603	-20.828300	1.072030	110.558998	-24.168400	123.847000	-0.000001	0.000000	-0.000000	0.000000	0.000000	0.000000	-77.028198	-27.766300	12.203100	-109.579002	-5.694210	178.263000	-0.000000	0.000000	-0.000001	0.445702	-1.639550	0.012754	-0.000000	0.000000	0.000000
-0.087235	-0.884455	-6.471340	-3.361770	11.844700	0.690789	6.104670	-12.784800	0.623319	0.000000	0.000000	0.000000	2.464200	12.427200	-0.530612	3.367100	-9.590970	0.965131	0.000000	0.000000	0.000000	-0.000000	-0.000000	-0.000035	0.000000	0.000000	0.000000	75.468498	-13.576000	2.604600	105.271004	-21.118500	118.779999	-0.000001	-0.000000	0.000002	0.000000	0.000000	0.000000	-78.087700	-19.869600	10.417700	-103.668999	2.188250	150.048004	0.000000	-0.000000	0.000000	0.114099	-0.787947	0.001570	0.000000	-0.000000	0.000000
0.176873	-0.381363	-6.981269	-3.590850	10.610500	0.662017	5.808800	-12.191500	0.481619	-0.000000	-0.000000	-0.000000	2.151690	11.726800	-0.437527	3.610450	-9.503570	0.947028	0.000000	0.000000	-0.000000	0.000002	0.000000	-0.000051	0.000000	0.000000	0.000000	71.316299	-5.967690	4.351740	97.247902	-18.452700	106.015999	-0.000000	-0.000000	-0.000001	0.000000	0.000000	0.000000	-74.537003	-14.809600	10.557000	-95.124802	8.590820	110.286003	-0.000000	0.000000	-0.000000	0.146867	-0.394061	0.001009	-0.000000	-0.000000	0.000000
0.288066	0.314715	-7.950292	-3.552140	9.530560	0.588870	5.245380	-11.630000	0.351350	0.000000	-0.000000	-0.000001	1.463110	10.280200	-0.261170	4.729240	-8.884630	0.956368	0.000000	0.000000	0.000001	-0.000002	-0.000000	-0.000030	0.000000	0.000000	0.000000	64.278099	2.307880	7.824620	87.704697	-15.358800	84.473602	0.000000	0.000000	0.000000	0.000000	0.000000	0.000000	-67.599403	-9.210260	10.626100	-87.506500	11.379100	80.926804	0.000000	0.000000	0.000000	-0.202447	-0.335310	-0.001185	0.000000	0.000000	0.000000
0.172172	0.071046	-9.024500	-3.502110	10.217600	0.621976	5.175430	-11.932800	0.357591	0.000000	-0.000000	0.000000	1.738780	9.601300	-0.290105	4.193200	-6.422600	0.663158	-0.000000	-0.000000	-0.000000	0.000000	0.000000	-0.000051	0.000000	0.000000	0.000000	56.583199	10.897100	14.088400	72.334000	-18.142700	53.838299	-0.000001	0.000000	-0.000000	0.000000	0.000000	0.000000	-59.552200	-6.342400	11.077400	-74.680801	14.372700	51.699699	-0.000000	0.000000	-0.000001	-0.289528	-0.337902	-0.001708	-0.000000	-0.000000	-0.000002
0.045087	0.154913	-9.824980	-3.362450	10.580000	0.618050	5.045250	-12.675600	0.381938	0.000000	-0.000000	-0.000001	1.423960	9.732130	-0.240764	5.206460	-7.237970	0.836449	0.000000	0.000000	0.000000	0.000000	0.000000	0.000014	0.000000	0.000000	0.000000	49.010502	17.120100	21.488100	55.299000	-21.658199	35.835899	-0.000001	0.000000	-0.000003	0.000000	0.000000	0.000000	-53.647999	-5.018030	11.570500	-60.773300	16.462000	35.265701	-0.000000	0.000000	-0.000001	-0.491083	-0.422356	-0.003621	-0.000000	-0.000000	0.000001
-0.018067	-0.080109	-9.907235	-3.165810	11.689000	0.642008	4.873150	-14.442800	0.442370	0.000000	-0.000000	-0.000001	1.063660	10.123100	-0.186981	6.192980	-7.039770	0.892017	-0.000000	-0.000000	0.000001	0.000000	0.000000	0.000044	0.000000	0.000000	0.000000	42.581902	21.294800	28.674801	45.299801	-26.717501	30.867100	0.000000	-0.000000	0.000001	0.000000	0.000000	0.000000	-47.353199	-1.897300	10.384600	-55.780201	14.214900	28.276501	0.000000	0.000001	-0.000000	-0.485850	-0.643125	-0.005454	0.000000	0.000000	0.000000
-0.153235	-0.547489	-9.682980	-2.875550	11.939300	0.595353	3.751190	-13.665400	0.221608	-0.000000	0.000000	-0.000000	1.405800	10.641500	-0.259658	5.158560	-7.600280	0.868727	-0.000000	0.000000	-0.000001	-0.000002	-0.000000	0.000005	0.000000	0.000000	0.000000	39.233898	22.377800	32.114300	37.596901	-27.221201	25.265301	-0.000000	0.000000	0.000001	0.000000	0.000000	0.000000	-45.530102	-0.802049	9.688270	-50.147400	13.413600	23.548401	-0.000000	-0.000000	0.000001	-0.534494	-0.857762	-0.008001	0.000000	-0.000000	0.000001
0.275760	0.177921	-9.455090	-3.560590	11.287200	0.697757	4.844620	-14.228000	0.332607	0.000000	-0.000000	-0.000000	1.347540	9.825400	-0.230001	4.471020	-7.136250	0.722816	0.000000	0.000000	0.000001	0.000002	0.000000	0.000031	0.000000	0.000000	0.000000	36.636101	22.491301	34.445599	34.024399	-28.661400	23.529100	0.000000	0.000000	-0.000000	0.000000	0.000000	0.000000	-44.538898	-0.805900	9.879000	-48.743000	14.412200	23.558599	-0.000000	0.000000	0.000001	-0.504290	-0.650761	-0.005726	0.000000	0.000000	0.000000
0.411694	-0.346556	-9.160720	-3.881360	11.591400	0.781025	5.811450	-14.544300	0.504813	0.000000	-0.000000	0.000001	0.812545	9.674510	-0.136566	5.853460	-6.176880	0.719211	0.000000	0.000000	0.000000	0.000000	0.000000	-0.000010	0.000000	0.000000	0.000000	36.099400	22.244499	34.691399	34.746201	-29.195499	24.218800	-0.000000	0.000000	0.000001	0.000000	0.000000	0.000000	-43.197300	-0.678956	10.014400	-50.447800	12.446100	22.887501	-0.000000	-0.000000	0.000001	-0.502010	-0.667347	-0.005848	-0.000000	-0.000000	-0.000000
0.437447	-0.365947	-8.860400	-4.075070	11.804200	0.834967	5.628470	-14.014900	0.397209	0.000000	0.000000	-0.000000	0.059135	10.855800	-0.011145	7.005440	-7.952910	0.982192	-0.000000	-0.000000	-0.000000	-0.000000	0.000000	-0.000013	0.000000	0.000000	0.000000	37.769501	20.958799	32.147099	38.901901	-29.192400	27.243500	0.000000	-0.000000	0.000001	0.000000	0.000000	0.000000	-44.694500	-2.256260	11.327700	-53.887501	13.498100	26.288799	0.000000	0.000000	0.000001	-0.429328	-0.437473	-0.003277	-0.000000	-0.000000	-0.000000
0.251662	0.179943	-8.961928	-3.472680	10.269800	0.619847	4.955540	-12.930400	0.344366	0.000000	-0.000000	-0.000001	0.714201	10.118100	-0.125483	6.654980	-9.100610	1.170100	-0.000000	-0.000000	0.000000	0.000002	0.000000	0.000044	0.000000	0.000000	0.000000	40.313301	19.470900	28.913401	46.637600	-28.848200	33.300598	-0.000000	-0.000000	-0.000001	0.000000	0.000000	0.000000	-47.299702	-4.750960	13.018000	-59.063400	15.579200	32.843899	-0.000000	0.000000	0.000001	-0.718320	-0.233678	-0.002931	0.000000	-0.000000	0.000001
0.126449	-0.285313	-9.023390	-3.701340	10.630600	0.683724	6.545750	-12.359600	0.622973	0.000000	-0.000000	-0.000001	1.475990	10.247900	-0.262652	5.399370	-7.663220	0.917994	0.000000	0.000000	-0.000001	0.000000	-0.000000	0.000095	0.000000	0.000000	0.000000	43.440701	18.141600	25.611200	55.390999	-29.464701	41.976700	-0.000000	-0.000000	0.000000	0.000000	0.000000	0.000000	-51.519798	-7.287530	13.854600	-65.316704	15.558200	39.711800	-0.000000	0.000000	0.000000	-0.496435	-0.441613	-0.003827	-0.000000	-0.000000	0.000001
0.197844	-0.637518	-9.101161	-3.716480	10.678100	0.689554	6.384850	-11.234800	0.532828	-0.000000	0.000000	0.000000	1.195200	10.941900	-0.226907	6.010760	-8.269400	1.038630	0.000000	0.000000	0.000001	0.000000	-0.000000	-0.000070	0.000000	0.000000	0.000000	48.859299	15.554500	20.438999	65.679298	-26.131300	51.455101	-0.000001	0.000000	-0.000001	0.000000	0.000000	0.000000	-55.699001	-9.884380	14.321900	-73.303596	14.242800	49.983101	-0.000000	-0.000001	0.000000	-0.482945	-0.577448	-0.004866	-0.000000	0.000000	0.000000
0.035370	-0.939662	-9.345530	-3.225510	12.122200	0.678027	5.171550	-13.754000	0.479995	0.000000	-0.000000	-0.000001	1.169150	11.244300	-0.228015	5.686700	-7.972890	0.952264	-0.000000	-0.000000	0.000001	0.000002	0.000000	-0.000027	0.000000	0.000000	0.000000	54.321301	11.938800	15.540400	76.991798	-21.495399	65.145500	-0.000001	0.000000	-0.000000	0.000000	0.000000	0.000000	-59.385700	-13.961900	15.399800	-81.748596	12.898700	67.207001	-0.000001	0.000001	0.000001	-0.315825	-0.572998	-0.003158	-0.000000	0.000000	-0.000000
-0.473079	-0.336307	-9.729910	-2.328850	10.937000	0.442080	4.603320	-12.727800	0.510710	-0.000000	-0.000000	-0.000000	2.317960	10.535800	-0.424069	4.893130	-8.308960	1.041770	-0.000000	-0.000000	0.000000	0.000002	0.000000	0.000002	0.000000	0.000000	0.000000	61.857899	7.853500	10.950400	87.084702	-18.837601	84.552101	0.000000	-0.000000	-0.000000	0.000000	0.000000	0.000000	-63.998798	-18.651501	15.758300	-89.558701	10.957200	90.721802	-0.000000	0.000001	0.000000	-0.474925	-0.527737	-0.004373	-0.000000	-0.000000	-0.000000
-0.909915	-0.791566	-9.717170	-1.034940	11.531500	0.206906	3.944340	-13.726900	0.695921	-0.000000	0.000000	-0.000000	2.695410	10.968300	-0.513215	6.676270	-8.682690	1.419600	0.000000	0.000000	-0.000001	-0.000002	-0.000000	0.000030	0.000000	0.000000	0.000000	67.711403	3.089220	7.786520	95.323601	-17.767500	103.357002	0.000000	0.000000	-0.000001	0.000000	0.000000	0.000000	-67.841698	-21.254400	15.057800	-98.030800	5.915260	126.458000	0.000000	-0.000000	0.000000	-0.238675	-0.769861	-0.003207	0.000000	-0.000000	0.000001
-0.950789	-1.748510	-8.867740	-0.782823	13.062000	0.176925	3.508350	-14.291900	0.678326	0.000000	0.000000	-0.000001	2.813540	12.441300	-0.606619	6.450830	-8.978580	1.447690	0.000001	0.000000	-0.000001	-0.000000	-0.000000	-0.000080	0.000000	0.000000	0.000000	73.345200	-4.000500	5.061590	102.259003	-17.660101	117.383003	-0.000000	-0.000000	0.000002	0.000000	0.000000	0.000000	-70.683899	-25.711500	15.027800	-103.782997	2.504490	150.565994	-0.000000	-0.000000	0.000001	-0.297366	-1.166000	-0.006051	0.000000	0.000000	0.000000
-0.754697	-1.986560	-8.543488	-1.983380	12.994600	0.446143	4.443770	-12.876100	0.559955	0.000000	-0.000000	-0.000001	2.714030	13.841900	-0.649784	4.630470	-11.794900	1.492840	0.000000	0.000000	0.000000	0.000001	0.000000	0.000007	0.000000	0.000000	0.000000	76.619301	-10.660500	3.526430	108.820999	-17.725700	128.283997	-0.000000	-0.000000	0.000000	0.000000	0.000000	0.000000	-71.729797	-28.676399	15.217500	-110.088997	-3.822590	173.598999	-0.000000	0.000000	-0.000000	-0.090258	-1.429230	-0.002251	-0.000000	-0.000000	0.000001
-0.818819	-1.934052	-8.476830	-2.507280	12.732700	0.552942	5.204520	-11.937100	0.571080	-0.000000	0.000000	0.000001	3.222930	13.504700	-0.753394	3.086790	-10.691800	1.158470	0.000000	0.000000	-0.000000	-0.000002	-0.000000	0.000048	0.000000	0.000000	0.000000	80.836304	-14.996300	3.450000	112.841003	-20.506201	131.054001	-0.000001	-0.000000	0.000000	0.000000	0.000000	0.000000	-74.074799	-32.037498	14.624400	-114.233002	-9.019180	-174.841995	-0.000000	-0.000000	0.000001	0.136373	-1.324800	0.003153	-0.000000	-0.000000	-0.000000
-0.584201	-2.030451	-7.316599	-2.631030	12.975400	0.591140	5.380730	-12.771300	0.623193	0.000000	-0.000000	-0.000001	2.224970	13.883300	-0.534130	5.698150	-11.220700	1.538390	0.000000	-0.000000	-0.000000	0.000000	0.000000	-0.000113	0.000000	0.000000	0.000000	79.830597	-22.714199	1.654710	116.268997	-22.955099	132.667999	0.000001	-0.000000	-0.000000	0.000000	0.000000	0.000000	-76.028297	-33.339401	13.654500	-117.089996	-13.470000	-167.850006	0.000000	-0.000000	0.000001	0.205537	-1.374620	0.004931	0.000000	-0.000000	0.000001
-0.664205	-2.064560	-7.097611	-2.689950	12.486600	0.581994	5.177930	-11.646600	0.515449	-0.000000	-0.000000	-0.000000	2.408700	13.913500	-0.579520	5.010710	-10.781400	1.381990	0.000000	-0.000000	0.000000	0.000000	-0.000000	-0.000010	0.000000	0.000000	0.000000	77.740799	-26.362499	-0.023846	117.792000	-24.945499	132.520004	0.000001	0.000000	0.000001	0.000000	0.000000	0.000000	-74.227203	-37.110901	15.329800	-117.705002	-15.290500	-165.100006	-0.000000	-0.000000	-0.000001	0.207578	-1.348710	0.004887	0.000000	-0.000000	0.000000
-0.737122	-2.085562	-6.810343	-2.547420	12.480900	0.550872	5.104820	-11.839200	0.537415	0.000000	0.000000	0.000000	2.415700	14.793000	-0.617146	5.664920	-12.880700	1.794590	0.000000	0.000000	-0.000000	0.000000	0.000000	0.000063	0.000000	0.000000	0.000000	76.260597	-27.485701	-0.971261	119.222000	-25.039101	134.091995	-0.000000	-0.000000	0.000000	0.000000	0.000000	0.000000	-73.620697	-36.010101	15.511500	-118.733002	-15.562900	-165.369995	-0.000001	-0.000000	0.000000	0.217149	-1.435230	0.005439	0.000000	-0.000000	-0.000000
-0.825605	-1.629530	-6.887470	-2.979230	12.773000	0.659230	6.854290	-13.450500	0.919907	-0.000000	0.000000	0.000000	3.212130	13.638000	-0.758136	4.052840	-10.557000	1.321120	-0.000000	-0.000000	-0.000000	-0.000000	0.000000	0.000015	0.000000	0.000000	0.000000	77.223297	-24.990999	0.108711	117.370003	-23.183599	133.613998	-0.000000	0.000000	0.000000	0.000000	0.000000	0.000000	-74.474800	-33.074501	14.486300	-117.751999	-12.265000	-170.190002	0.000001	0.000001	-0.000000	0.098425	-1.254770	0.002156	0.000000	0.000000	0.000001
-0.739981	-1.695920	-6.919333	-2.665690	12.374000	0.571625	6.076260	-12.998000	0.781947	0.000000	0.000000	0.000000	3.117230	12.607000	-0.681018	3.871120	-8.542300	1.031780	0.000000	0.000000	0.000000	0.000000	-0.000000	0.000026	0.000000	0.000000	0.000000	77.294899	-20.389900	1.287050	115.359001	-20.732100	133.748001	0.000001	0.000000	0.000001	0.000000	0.000000	0.000000	-73.363998	-28.421000	14.201500	-114.955002	-8.448440	-176.270996	-0.000000	-0.000000	0.000000	0.154102	-1.342270	0.003611	-0.000000	-0.000000	0.000000
-0.502169	-1.229500	-6.741530	-2.649350	12.452200	0.571647	5.427520	-14.099800	0.692531	0.000000	0.000000	0.000000	2.051960	12.023500	-0.427630	6.122690	-7.645720	1.088810	0.000000	0.000000	-0.000000	-0.000000	-0.000000	0.000050	0.000000	0.000000	0.000000	74.316101	-14.801500	1.961780	110.703003	-16.040800	132.834000	-0.000000	0.000000	-0.000000	0.000000	0.000000	0.000000	-75.145798	-22.546600	12.103400	-108.814003	-0.981626	165.229004	-0.000000	0.000000	-0.000000	0.083545	-0.996643	0.001454	0.000000	-0.000000	0.000000
-0.470367	-1.110331	-6.830691	-2.971660	11.370400	0.586364	6.349430	-11.305400	0.674401	-0.000000	0.000000	-0.000000	2.219440	12.251600	-0.471209	5.905270	-8.584530	1.213080	-0.000000	0.000000	-0.000000	-0.000000	-0.000000	0.000088	0.000000	0.000000	0.000000	72.100800	-8.160080	3.665150	101.654999	-12.571900	121.207001	-0.000000	0.000000	0.000000	0.000000	0.000000	0.000000	-72.653297	-16.881701	11.702000	-102.515999	5.490210	138.490997	0.000000	-0.000000	0.000001	0.030365	-1.233780	0.000655	0.000000	-0.000000	0.000000
-0.489913	-1.001300	-7.266530	-3.003790	11.422900	0.595416	6.058630	-10.979800	0.593747	0.000000	0.000000	0.000000	2.425820	12.150100	-0.510869	4.785370	-8.560920	1.070830	-0.000000	-0.000000	-0.000000	-0.000002	-0.000000	0.000021	0.000000	0.000000	0.000000	66.375801	0.570380	6.833530	92.477898	-10.432700	99.100700	-0.000000	-0.000000	-0.000000	0.000000	0.000000	0.000000	-67.819504	-11.704500	11.530500	-93.379402	9.330190	102.720001	-0.000000	0.000000	-0.000000	-0.015292	-1.340470	-0.000358	0.000000	-0.000000	-0.000000
-0.436376	-0.154035	-8.653540	-2.762420	11.174500	0.535746	5.150580	-13.047100	0.551288	-0.000000	-0.000000	-0.000000	1.811300	11.179400	-0.351297	5.841360	-8.462210	1.127600	0.000000	0.000000	-0.000000	0.000002	0.000000	-0.000057	0.000000	0.000000	0.000000	61.460602	9.659310	11.919400	79.116203	-10.682100	58.386002	0.000000	-0.000001	0.000000	0.000000	0.000000	0.000000	-61.782101	-6.746580	10.803700	-83.620102	10.273600	67.358597	0.000001	-0.000000	0.000000	0.078508	-0.955329	0.001310	-0.000000	-0.000000	-0.000001
-0.174087	-0.231273	-9.600710	-3.733780	11.457800	0.742705	7.145780	-13.778100	0.831335	0.000000	-0.000000	-0.000001	1.193240	9.926870	-0.205741	6.955330	-5.503340	0.784997	0.000000	0.000000	0.000000	0.000002	0.000000	-0.000067	0.000000	0.000000	0.000000	55.234501	17.076900	18.245600	66.142899	-17.497900	44.162899	-0.000001	0.000000	0.000000	0.000000	0.000000	0.000000	-55.538300	-4.033010	10.458600	-73.745499	10.044300	43.413200	0.000000	-0.000000	0.000002	-0.065874	-0.991260	-0.001140	-0.000000	0.000000	-0.000000
-0.105379	-0.057042	-10.199098	-3.912650	11.205400	0.761463	6.723060	-12.580500	0.628923	0.000000	-0.000000	-0.000000	1.675770	10.315600	-0.300169	4.956020	-7.025990	0.811431	-0.000000	0.000000	-0.000001	-0.000000	-0.000000	0.000006	0.000000	0.000000	0.000000	49.714001	21.111099	23.718000	54.956799	-22.655300	36.541698	-0.000000	0.000000	-0.000000	0.000000	0.000000	0.000000	-53.259102	-3.132650	10.250700	-61.507599	12.872400	31.687901	-0.000001	-0.000000	0.000001	-0.318792	-0.948428	-0.005275	-0.000000	0.000000	0.000000
0.112601	0.532809	-10.327898	-4.043600	10.686300	0.751006	6.473570	-12.695900	0.549829	0.000000	-0.000000	-0.000000	1.275110	9.769280	-0.216406	5.883000	-7.431040	0.928120	-0.000000	-0.000000	-0.000001	-0.000002	-0.000000	0.000069	0.000000	0.000000	0.000000	43.905399	23.646799	29.398001	46.259201	-26.726400	31.808599	-0.000000	0.000000	0.000002	0.000000	0.000000	0.000000	-46.509300	-1.927750	10.580000	-60.299801	12.136100	29.678900	0.000000	-0.000001	0.000001	-0.450309	-0.434236	-0.003414	0.000000	0.000000	-0.000000
-0.380740	-0.189942	-10.465403	-3.806370	11.445300	0.756367	7.164730	-12.482400	0.743118	0.000000	-0.000000	-0.000000	1.650870	10.402200	-0.298162	5.760920	-7.105510	0.918477	-0.000000	0.000000	-0.000000	0.000000	0.000000	-0.000017	0.000000	0.000000	0.000000	42.048401	25.288500	31.974600	39.393700	-26.620600	26.348801	-0.000000	0.000000	-0.000000	0.000000	0.000000	0.000000	-43.338799	-1.532580	10.885700	-54.599098	11.932100	25.046499	0.000000	-0.000001	-0.000001	-0.655947	-0.683181	-0.007820	0.000000	0.000000	-0.000001
-0.575191	0.505848	-10.578202	-3.036700	10.567000	0.557383	6.397610	-11.970200	0.708563	0.000000	-0.000000	-0.000000	2.030930	9.542940	-0.336845	5.762810	-6.423020	0.874021	0.000000	0.000000	0.000000	-0.000002	-0.000000	0.000009	0.000000	0.000000	0.000000	41.099701	26.462500	33.583099	36.037102	-27.671600	24.621201	-0.000000	0.000000	-0.000000	0.000000	0.000000	0.000000	-43.387798	-2.539830	11.937200	-49.889000	14.923200	24.785299	-0.000000	-0.000000	-0.000002	-0.838551	-0.657123	-0.009618	0.000000	0.000000	-0.000001
-0.751386	0.212702	-10.510106	-2.424840	11.362200	0.477987	5.177380	-13.072800	0.633834	0.000000	0.000000	0.000000	2.670300	9.567870	-0.444164	4.579080	-5.484030	0.692891	-0.000000	-0.000000	-0.000000	0.000000	0.000000	0.000022	0.000000	0.000000	0.000000	42.605400	27.170300	32.782398	34.603500	-27.954300	23.846001	0.000000	-0.000000	0.000000	0.000000	0.000000	0.000000	-42.171001	-2.332100	12.043500	-50.820801	13.484100	24.111500	-0.000000	-0.000000	0.000000	-0.850180	-0.766485	-0.011375	0.000000	0.000000	-0.000001
-0.766153	0.465951	-10.329601	-1.907650	11.046200	0.365627	4.170450	-13.464200	0.535379	-0.000000	0.000000	0.000000	2.809760	9.749860	-0.476204	4.360240	-6.894620	0.860221	0.000000	0.000000	-0.000000	-0.000000	0.000000	-0.000060	0.000000	0.000000	0.000000	43.314999	26.702999	31.894199	37.978298	-28.503700	26.536200	-0.000000	-0.000000	0.000001	0.000000	0.000000	0.000000	-43.755901	-3.715980	13.057900	-49.966499	14.250300	24.325899	-0.000000	-0.000000	0.000001	-0.582329	-0.450907	-0.004584	0.000000	0.000000	0.000002
-0.895982	0.139218	-9.837090	-1.688320	11.690300	0.342177	3.657030	-14.060700	0.487006	0.000000	0.000000	0.000000	2.886540	10.573600	-0.530113	4.445420	-8.185580	1.042450	-0.000000	0.000000	-0.000000	-0.000000	0.000000	-0.000015	0.000000	0.000000	0.000000	46.891201	24.488501	27.722300	40.082699	-24.913900	25.980900	0.000000	-0.000000	-0.000002	0.000000	0.000000	0.000000	-46.145000	-4.115250	12.749800	-53.496498	14.373400	26.894501	0.000001	0.000000	0.000000	-0.613440	-0.576880	-0.006177	-0.000000	-0.000000	0.000000
-0.987675	-0.037218	-9.369031	-1.574350	12.380300	0.337614	3.743130	-15.662700	0.595679	-0.000000	0.000000	0.000000	2.098730	9.953300	-0.362917	6.713590	-5.739520	0.884997	0.000000	-0.000000	0.000000	-0.000000	-0.000000	-0.000033	0.000000	0.000000	0.000000	49.976501	22.353901	24.288000	48.322399	-23.622900	31.419300	0.000000	0.000000	0.000002	0.000000	0.000000	0.000000	-50.336700	-5.411990	12.708800	-56.563900	15.654200	30.664801	-0.000000	0.000000	0.000001	-0.692490	-0.544904	-0.006587	0.000000	-0.000000	0.000001
-0.647822	0.071562	-8.748190	-2.598900	11.124200	0.501747	5.778230	-13.182700	0.736959	0.000000	0.000000	0.000000	3.160240	9.790750	-0.537936	3.010830	-5.724860	0.613295	0.000000	0.000000	-0.000000	-0.000002	-0.000000	-0.000093	0.000000	0.000000	0.000000	52.633499	20.565100	21.597200	58.335201	-23.577999	41.001400	0.000000	-0.000000	0.000000	0.000000	0.000000	0.000000	-55.552799	-6.999690	12.457000	-63.912800	15.372400	37.681000	-0.000000	-0.000000	0.000000	-0.193396	-0.509909	-0.001721	-0.000000	-0.000000	-0.000000
-0.772691	-0.482161	-8.351732	-2.643250	11.678100	0.535387	5.053640	-12.759400	0.544772	0.000000	0.000000	-0.000000	2.707750	10.709600	-0.503551	3.496500	-6.346630	0.683225	-0.000000	-0.000000	0.000001	0.000000	0.000000	0.000022	0.000000	0.000000	0.000000	56.363499	17.669100	18.000700	68.901100	-21.504700	52.528999	-0.000001	0.000001	0.000002	0.000000	0.000000	0.000000	-57.962601	-8.429140	12.699500	-74.837196	11.121100	48.081600	-0.000001	0.000001	0.000001	-0.217945	-0.836141	-0.003179	0.000000	0.000000	-0.000000
-0.806453	-0.575110	-8.456400	-2.387760	10.518500	0.436130	4.319940	-10.042400	0.344066	-0.000000	0.000000	-0.000001	3.030920	10.639900	-0.560130	3.051470	-6.793990	0.715988	0.000000	-0.000000	-0.000001	-0.000000	-0.000000	-0.000042	0.000000	0.000000	0.000000	61.126400	15.647800	14.931200	82.232101	-20.538799	76.152603	-0.000001	0.000001	-0.000000	0.000000	0.000000	0.000000	-61.960602	-12.436400	13.658700	-84.319099	10.426300	71.616302	-0.000000	0.000000	-0.000001	-0.201208	-0.663380	-0.002330	-0.000000	0.000000	0.000000
-0.790031	0.347368	-8.628286	-2.220400	9.694840	0.374094	5.112650	-10.667000	0.541690	0.000000	-0.000000	-0.000000	2.903710	9.784970	-0.493905	4.225460	-7.585080	0.940179	0.000000	-0.000000	0.000001	0.000000	0.000000	-0.000003	0.000000	0.000000	0.000000	66.819504	11.694500	11.369000	92.184601	-17.000500	98.742500	-0.000001	-0.000000	0.000000	0.000000	0.000000	0.000000	-68.439796	-18.367701	13.766900	-92.625900	10.156200	101.384003	0.000000	0.000001	-0.000000	-0.303312	-0.106383	-0.000563	0.000000	-0.000000	0.000001
-0.945195	-1.130121	-7.907932	-1.984990	11.387100	0.392054	5.182140	-11.809200	0.662988	-0.000000	-0.000000	-0.000000	3.167350	11.383300	-0.625765	4.241930	-8.069160	1.036860	0.000000	0.000000	0.000000	-0.000002	-0.000001	0.000073	0.000000	0.000000	0.000000	72.589699	6.046130	8.174790	100.181999	-15.494100	117.690002	-0.000000	-0.000000	0.000000	0.000000	0.000000	0.000000	-73.671303	-22.096399	12.679200	-98.704300	4.208460	133.408005	-0.000000	-0.000000	0.000000	-0.318482	-0.963613	-0.005355	0.000000	0.000000	0.000000
-1.381260	-2.025410	-7.522830	-2.255060	13.195000	0.514996	6.995540	-12.562500	1.046370	-0.000000	-0.000000	-0.000000	4.168970	13.383600	-0.966611	2.685750	-8.889610	1.046470	0.000000	0.000000	0.000001	-0.000000	-0.000000	0.000038	0.000000	0.000000	0.000000	78.613098	-1.263940	5.881060	107.460999	-13.472400	133.115005	-0.000000	-0.000000	0.000001	0.000000	0.000000	0.000000	-78.130997	-26.049601	11.439500	-104.200996	-2.766490	167.632004	-0.000000	0.000000	0.000001	-0.477480	-1.200920	-0.010007	-0.000000	-0.000000	-0.000001
-1.331460	-1.663011	-7.470190	-2.377320	12.687800	0.522432	6.797380	-12.867300	0.999195	0.000000	0.000000	0.000000	3.367410	12.501300	-0.729722	3.898630	-7.858230	0.987593	-0.000000	-0.000000	0.000001	0.000002	0.000000	0.000078	0.000000	0.000000	0.000000	83.284103	-7.007460	5.192430	112.903999	-13.027800	141.186996	0.000000	0.000000	-0.000001	0.000000	0.000000	0.000000	-80.593002	-30.435600	10.772300	-109.917999	-6.511600	-179.593002	-0.000000	0.000000	0.000000	-0.080358	-1.305550	-0.001831	-0.000000	-0.000000	0.000000
-1.384530	-1.518020	-7.517859	-1.737480	12.882300	0.387475	5.434690	-13.679400	0.885888	-0.000000	-0.000000	-0.000000	2.705510	12.968800	-0.607605	6.143350	-8.837320	1.359240	0.000001	0.000000	-0.000000	-0.000000	-0.000000	-0.000011	0.000000	0.000000	0.000000	84.807899	-9.586410	5.089600	116.511002	-14.784500	143.074997	-0.000001	0.000000	-0.000000	0.000000	0.000000	0.000000	-80.824600	-34.554100	11.020900	-112.407997	-8.777810	-174.580994	-0.000000	0.000001	-0.000000	0.326368	-1.042260	0.005938	-0.000000	-0.000000	-0.000000
-1.365070	-1.765010	-8.028440	-2.108420	12.885700	0.470384	5.659760	-13.003800	0.812082	0.000000	-0.000000	-0.000000	3.405870	13.080000	-0.771659	3.948100	-8.541600	1.084820	0.000000	0.000000	-0.000000	0.000000	0.000000	-0.000017	0.000000	0.000000	0.000000	84.009201	-9.106080	5.005220	119.546997	-17.591000	143.199005	0.000000	-0.000000	0.000000	0.000000	0.000000	0.000000	-78.684998	-37.735500	12.638300	-114.911003	-11.576000	-169.871994	0.000000	0.000000	0.000000	0.592056	-1.429630	0.014772	-0.000000	0.000000	0.000001
-1.055310	-1.495309	-8.251522	-2.849630	13.264600	0.654348	6.246720	-13.911000	0.835973	-0.000000	0.000000	0.000000	3.593240	13.374700	-0.832225	1.990720	-10.388100	0.992217	-0.000000	0.000000	-0.000000	-0.000002	-0.000000	0.000014	0.000000	0.000000	0.000000	82.535400	-11.018300	4.506140	117.584999	-18.527399	139.738998	0.000001	0.000000	0.000000	0.000000	0.000000	0.000000	-76.299400	-40.602798	14.523500	-114.859001	-12.030000	-168.791000	-0.000001	-0.000000	0.000000	0.596047	-1.319960	0.013733	-0.000000	-0.000000	-0.000001
-1.102260	-0.675649	-8.154649	-2.928180	11.211300	0.569792	6.652700	-11.589400	0.760548	0.000000	0.000000	-0.000000	2.697770	11.594600	-0.542603	4.517020	-9.156900	1.145210	-0.000000	0.000000	0.000000	-0.000000	-0.000000	0.000028	0.000000	0.000000	0.000000	82.619904	-13.782400	4.124340	116.122002	-19.722401	136.429001	-0.000000	-0.000000	-0.000000	0.000000	0.000000	0.000000	-76.386101	-42.132401	14.632700	-113.932999	-11.031100	-170.014999	-0.000000	-0.000000	0.000000	0.554290	-1.001870	0.009692	0.000000	0.000000	-0.000000
-1.051400	-0.439765	-8.164520	-2.684070	10.945000	0.509971	5.715420	-12.781900	0.682096	0.000000	-0.000000	-0.000000	2.539340	11.181300	-0.492729	4.784970	-9.568760	1.215880	-0.000000	0.000000	0.000000	0.000002	0.000000	0.000004	0.000000	0.000000	0.000000	80.150902	-16.479500	3.035800	113.866997	-22.645100	130.279999	-0.000001	-0.000000	-0.000001	0.000000	0.000000	0.000000	-75.389198	-42.971401	15.432500	-111.445000	-14.869300	-160.753998	0.000000	0.000001	-0.000001	0.468652	-0.831546	0.006801	0.000000	0.000000	0.000000
