0.322286	0.065592	-8.834222	-3.790660	13.370800	0.877798	7.581400	-17.125200	1.148150	-0.000000	-0.000000	-0.000000	0.576822	12.446000	-0.124331	9.749260	-10.023400	1.813950	-0.000000	0.000000	0.000000	-0.000001	-0.000000	0.000020	0.000000	0.000000	0.000000	32.926300	12.047300	27.313000	45.718800	-23.459600	28.446100	-0.000000	-0.000000	0.000001	0.000000	0.000000	0.000000	-37.320400	-7.908320	20.375999	-62.049599	14.478700	34.883202	-0.000000	0.000000	-0.000001	-0.242330	-0.739686	-0.003126	0.000000	0.000000	-0.000001
0.636482	-0.535150	-9.122790	-4.437190	13.321100	1.024290	8.013990	-15.195300	0.970132	-0.000000	0.000000	0.000001	0.002599	12.506700	-0.000574	9.785790	-8.997120	1.545450	0.000000	-0.000000	-0.000000	-0.000000	0.000000	-0.000015	0.000000	0.000000	0.000000	34.019901	11.739000	26.105801	55.961899	-27.007000	40.103199	0.000000	0.000000	-0.000000	0.000000	0.000000	0.000000	-39.851101	-10.780800	22.080099	-69.593903	15.839200	46.429199	-0.000000	0.000000	0.000001	0.062920	-0.675468	0.000743	-0.000000	0.000000	0.000000
0.632190	-0.022626	-8.826100	-4.513250	12.762000	0.998943	8.943630	-15.265900	1.198280	-0.000000	-0.000000	-0.000000	0.051406	11.981300	-0.010682	10.398400	-9.276560	1.702760	-0.000000	0.000000	0.000000	0.000001	0.000000	-0.000040	0.000000	0.000000	0.000000	37.328800	10.244000	22.161301	72.162102	-27.528700	60.831299	-0.000000	-0.000001	-0.000001	0.000000	0.000000	0.000000	-43.084801	-12.997900	22.286800	-81.324898	13.827800	67.483902	-0.000000	-0.000000	-0.000000	-0.290359	-0.342970	-0.001738	-0.000000	-0.000000	0.000000
0.578167	-0.297012	-9.102700	-4.356260	12.840700	0.969905	7.925140	-15.114300	0.960276	0.000000	-0.000000	-0.000001	-0.196480	12.214500	0.041555	10.218200	-9.759130	1.716550	0.000000	0.000000	-0.000000	-0.000002	-0.000000	-0.000036	0.000000	0.000000	0.000000	42.226200	7.909140	17.167299	89.103897	-23.427799	89.262299	-0.000001	0.000001	0.000000	0.000000	0.000000	0.000000	-46.641701	-16.012501	22.734400	-94.237801	8.336620	109.626999	-0.000000	0.000001	-0.000000	-0.288528	-0.710869	-0.003579	-0.000000	0.000000	0.000000
-0.204373	0.344347	-9.046563	-3.138220	12.587900	0.684580	8.267930	-16.166201	1.452950	-0.000000	0.000000	0.000001	0.553979	12.138400	-0.116499	11.516200	-10.726200	2.276680	0.000000	0.000000	0.000000	0.000000	-0.000000	0.000038	0.000000	0.000000	0.000000	49.153301	3.995260	11.328800	103.444000	-18.698400	120.051003	-0.000000	0.000001	0.000001	0.000000	0.000000	0.000000	-48.737999	-19.785200	24.196800	-106.338997	4.239190	150.104004	0.000000	0.000000	-0.000001	-0.421358	-0.205862	-0.001513	-0.000000	0.000000	-0.000001
-0.456324	-0.641704	-9.346340	-2.686290	14.009700	0.650754	8.026710	-17.232000	1.610130	-0.000000	0.000000	0.000000	1.531050	12.540300	-0.332512	9.839170	-8.737800	1.744010	-0.000000	0.000000	-0.000000	0.000001	0.000000	-0.000036	0.000000	0.000000	0.000000	54.100101	0.077745	7.458460	115.341003	-17.233999	139.149994	-0.000000	0.000001	0.000001	0.000000	0.000000	0.000000	-51.244202	-24.291000	25.426800	-116.210999	-2.812050	173.048004	-0.000000	0.000000	-0.000000	0.170873	-0.885013	0.002640	0.000000	0.000000	0.000000
-0.576013	-1.049940	-8.661274	-1.888740	15.559200	0.506784	6.326880	-19.048201	1.473770	-0.000000	0.000000	-0.000000	0.774996	13.690900	-0.183449	11.873900	-10.296700	2.293040	-0.000000	0.000000	-0.000000	0.000002	0.000000	0.000044	0.000000	0.000000	0.000000	56.395100	-6.738500	2.664070	125.783997	-16.070299	150.300995	-0.000000	0.000000	-0.000000	0.000000	0.000000	0.000000	-51.584000	-30.765400	28.608500	-121.074997	-8.495080	-176.850998	0.000000	-0.000000	-0.000000	0.418881	-1.079130	0.007889	-0.000000	-0.000000	-0.000001
-0.029981	-1.950200	-7.759401	-3.243510	15.109500	0.846300	7.159500	-15.776900	1.096930	-0.000000	-0.000000	-0.000000	0.599675	14.567800	-0.150850	10.006800	-9.584890	1.782630	-0.000000	-0.000000	-0.000000	-0.000001	-0.000000	0.000000	0.000000	0.000000	0.000000	54.822102	-15.965300	-4.101950	132.886993	-18.310900	153.186005	0.000000	0.000000	-0.000000	0.000000	0.000000	0.000000	-50.017700	-35.074600	31.806499	-125.679001	-15.138600	-169.162994	0.000000	-0.000000	0.000000	0.204756	-1.367310	0.004887	0.000000	-0.000000	0.000000
-0.113064	-2.233390	-7.353830	-3.665620	15.458200	0.978246	7.872690	-15.785200	1.182680	0.000000	-0.000000	-0.000000	0.444610	15.630400	-0.119809	10.145400	-11.320300	2.098480	0.000000	0.000000	-0.000000	0.000002	0.000000	0.000049	0.000000	0.000000	0.000000	53.768101	-20.966000	-8.084850	133.996002	-21.433800	151.315002	0.000001	0.000000	0.000000	0.000000	0.000000	0.000000	-51.582802	-38.614700	32.011799	-125.949997	-19.915100	-163.699005	-0.000001	-0.000001	0.000002	0.384448	-1.612320	0.010819	-0.000000	0.000000	0.000000
0.186044	-2.326420	-7.408280	-3.949480	16.143400	1.099710	7.328160	-17.209999	1.047040	-0.000000	-0.000000	0.000000	-0.378203	15.245300	0.099440	10.743700	-10.236700	1.864260	0.000000	0.000000	0.000000	0.000002	0.000000	-0.000058	0.000000	0.000000	0.000000	51.593700	-22.589300	-10.340300	134.272995	-22.424000	150.703003	-0.000001	-0.000000	-0.000000	0.000000	0.000000	0.000000	-52.161098	-39.536301	31.897900	-126.347000	-20.078100	-163.770004	-0.000001	-0.000001	0.000000	0.319854	-1.983810	0.011074	-0.000000	0.000000	0.000001
-0.003125	-1.944260	-7.503740	-3.529520	15.474300	0.942789	6.574940	-16.348200	0.894116	0.000000	0.000000	-0.000000	0.307313	15.111200	-0.080128	9.554260	-11.298100	1.948440	0.000000	0.000000	0.000000	0.000001	-0.000000	-0.000065	0.000000	0.000000	0.000000	53.497601	-20.239201	-7.681670	133.455002	-21.163700	151.138000	0.000000	-0.000000	0.000000	0.000000	0.000000	0.000000	-51.392899	-37.036098	31.530300	-124.859001	-16.221500	-167.382004	-0.000000	-0.000001	0.000001	0.258714	-1.790250	0.008085	-0.000000	-0.000000	-0.000000
0.236151	-1.590890	-7.686530	-3.496500	15.382000	0.928518	6.057620	-17.053101	0.788384	0.000000	-0.000000	0.000000	-0.340936	15.037600	0.088444	10.474000	-11.565900	2.054640	0.000000	-0.000000	-0.000000	-0.000000	0.000000	0.000006	0.000000	0.000000	0.000000	54.591599	-14.776700	-3.307400	128.998993	-18.275000	150.319000	0.000000	-0.000000	-0.000000	0.000000	0.000000	0.000000	-55.626701	-32.107498	26.222500	-122.777000	-10.020300	-175.082001	-0.000000	0.000000	0.000001	-0.118964	-1.659640	-0.003443	0.000000	0.000000	0.000000
0.308178	-1.347218	-8.078871	-3.420030	15.132200	0.893763	6.213050	-17.986000	0.899817	0.000000	-0.000000	-0.000001	0.165370	13.852100	-0.039605	9.572150	-9.698570	1.655120	-0.000000	-0.000000	-0.000000	0.000000	-0.000000	0.000015	0.000000	0.000000	0.000000	55.695301	-7.989960	1.739010	120.239998	-16.366899	144.802994	0.000000	-0.000000	-0.000001	0.000000	0.000000	0.000000	-58.526199	-28.520399	22.757299	-114.848000	1.239020	165.380005	0.000000	0.000000	-0.000000	0.018092	-1.588910	0.000502	-0.000000	-0.000000	0.000000
0.564982	-1.296240	-8.788380	-4.425120	14.480900	1.108580	7.538500	-16.192400	0.908404	-0.000000	0.000000	0.000000	-0.471280	14.688500	0.119487	10.051100	-11.777400	1.976230	0.000000	-0.000000	-0.000000	0.000000	0.000000	-0.000011	0.000000	0.000000	0.000000	52.541302	-0.522960	7.139460	108.602997	-17.324699	129.498001	0.000001	0.000000	-0.000002	0.000000	0.000000	0.000000	-58.897202	-24.017300	20.570101	-104.692001	9.001560	137.865005	-0.000000	0.000000	-0.000001	-0.109124	-1.629830	-0.003102	0.000000	0.000000	0.000001
0.587755	-1.015490	-9.874760	-4.755970	14.410000	1.186110	8.150220	-16.312300	0.996656	0.000000	0.000000	0.000000	-0.972662	13.991600	0.235179	10.883800	-11.294800	1.965820	-0.000001	-0.000000	0.000000	0.000001	0.000000	-0.000040	0.000000	0.000000	0.000000	48.535500	6.147740	13.241400	93.075104	-18.572001	98.035400	0.000000	0.000001	0.000000	0.000000	0.000000	0.000000	-53.310699	-20.413601	21.893801	-93.157402	16.509199	100.980003	0.000000	0.000001	-0.000000	-0.392373	-1.328410	-0.009094	-0.000000	-0.000000	-0.000001
0.899403	-0.578650	-10.440800	-4.773600	14.102500	1.165640	6.319960	-16.235100	0.472789	0.000000	-0.000000	0.000000	-1.322240	14.107000	0.322306	9.676200	-12.999600	1.901090	-0.000000	0.000000	-0.000000	-0.000001	-0.000000	0.000056	0.000000	0.000000	0.000000	44.517601	9.370600	17.552000	75.587997	-19.425600	60.031799	0.000000	0.000000	-0.000000	0.000000	0.000000	0.000000	-47.872101	-17.554001	23.214500	-80.072899	22.201300	71.475502	0.000000	0.000000	-0.000000	-0.173339	-0.908052	-0.002745	0.000000	-0.000000	-0.000000
0.736652	-0.135092	-10.574600	-4.858630	13.797500	1.161350	7.470030	-16.988800	0.804653	-0.000000	-0.000000	-0.000000	-1.095530	12.313500	0.233649	9.937890	-9.618920	1.493340	-0.000001	-0.000000	-0.000000	-0.000001	-0.000000	0.000008	0.000000	0.000000	0.000000	40.524399	12.922600	22.982599	59.295300	-25.007299	42.309101	0.000000	0.000000	-0.000000	0.000000	0.000000	0.000000	-44.218102	-14.447000	22.951500	-65.333603	21.958401	47.118801	0.000001	-0.000000	-0.000001	-0.270351	-0.896429	-0.004228	0.000000	-0.000000	-0.000000
0.765181	-0.028521	-10.581100	-5.589880	13.059100	1.266870	9.853260	-15.388500	1.171990	-0.000000	-0.000000	-0.000000	-0.051870	12.380400	0.011106	8.492060	-10.098900	1.490650	-0.000000	0.000000	0.000000	-0.000002	-0.000000	-0.000057	0.000000	0.000000	0.000000	37.120399	15.396800	27.718500	43.605499	-26.794701	29.252899	0.000000	0.000000	-0.000001	0.000000	0.000000	0.000000	-40.084702	-12.301100	23.517300	-57.071701	20.670401	36.457401	0.000001	-0.000001	-0.000002	-0.141106	-0.957984	-0.002359	-0.000000	-0.000000	0.000000
0.150763	-0.225596	-11.172501	-4.159290	14.385400	1.035040	8.200050	-16.695299	1.200320	0.000000	-0.000000	-0.000000	0.458589	13.587900	-0.107753	8.617010	-11.971800	1.895050	0.000000	0.000000	0.000000	-0.000001	-0.000000	0.000012	0.000000	0.000000	0.000000	34.171299	17.800699	32.559299	36.391499	-26.464001	23.815300	0.000000	0.000000	-0.000000	0.000000	0.000000	0.000000	-35.388599	-10.854500	25.178801	-53.347000	19.955500	32.331600	-0.000000	0.000000	-0.000000	0.089747	-0.956008	0.001498	-0.000000	0.000000	-0.000000
-0.603482	-0.199804	-11.795900	-2.439150	14.748800	0.621309	7.026680	-16.752800	1.348250	-0.000000	0.000000	-0.000000	2.206800	13.103800	-0.500556	7.076720	-10.197500	1.647210	0.000000	0.000000	0.000000	0.000001	0.000000	0.000046	0.000000	0.000000	0.000000	33.651699	19.957600	35.146900	30.609301	-25.173201	19.564301	-0.000001	-0.000000	0.000001	0.000000	0.000000	0.000000	-33.324001	-10.794700	26.721201	-51.161098	20.666201	31.072599	-0.000000	0.000000	0.000001	-0.059419	-1.008550	-0.001045	-0.000000	0.000000	0.000000
-1.017031	0.052916	-12.069700	-1.408990	14.016700	0.341322	6.713120	-15.405900	1.424070	0.000000	0.000000	-0.000000	3.379060	12.446800	-0.729110	6.445080	-8.995820	1.538190	-0.000001	-0.000000	-0.000000	-0.000001	-0.000000	0.000048	0.000000	0.000000	0.000000	33.674198	19.948999	35.153900	30.879801	-24.635700	19.490499	0.000000	0.000000	-0.000001	0.000000	0.000000	0.000000	-31.821800	-11.414000	28.780800	-52.600399	21.909599	33.294102	-0.000000	0.000000	0.000002	0.174526	-0.909584	0.002771	-0.000000	0.000000	-0.000001
-0.973760	0.382730	-11.931199	-1.042160	13.173500	0.237528	6.319310	-14.501100	1.331840	0.000000	0.000000	0.000000	3.611020	12.326100	-0.771845	6.573940	-10.321300	1.828260	-0.000001	-0.000000	0.000000	0.000001	0.000000	0.000015	0.000000	0.000000	0.000000	33.537800	20.269400	35.577301	33.086300	-29.049900	22.965401	0.000000	0.000000	-0.000002	0.000000	0.000000	0.000000	-31.672100	-11.279900	28.731400	-58.242100	20.138100	37.008400	-0.000000	0.000000	0.000001	-0.069080	-0.785319	-0.000944	0.000000	0.000000	0.000001
-1.247360	0.485105	-11.502597	-0.711411	13.834800	0.170119	6.702570	-16.677099	1.731080	-0.000000	0.000000	0.000000	4.416110	11.841700	-0.907945	5.829160	-9.415970	1.677850	0.000001	0.000000	0.000000	0.000000	0.000000	-0.000011	0.000000	0.000000	0.000000	36.409500	18.907301	31.701300	40.531799	-29.352301	28.493999	0.000000	0.000000	-0.000003	0.000000	0.000000	0.000000	-33.536301	-12.213300	28.253799	-65.409897	19.196699	44.309399	0.000000	0.000000	0.000000	-0.116219	-0.693634	-0.001406	0.000000	-0.000000	0.000000
-1.082930	0.174814	-11.611304	-0.903425	13.980900	0.218277	7.255530	-16.321800	1.799520	-0.000000	0.000000	0.000001	3.584670	11.816000	-0.734954	8.063180	-7.575340	1.546220	-0.000000	0.000000	0.000000	0.000001	0.000000	0.000033	0.000000	0.000000	0.000000	38.357700	18.376200	29.620199	55.564701	-34.441002	45.109798	-0.000000	0.000000	0.000000	0.000000	0.000000	0.000000	-37.205898	-14.827200	28.167999	-73.468697	18.996201	56.418701	0.000000	-0.000000	0.000001	-0.021641	-0.920427	-0.000348	-0.000000	-0.000000	-0.000001
-1.107220	-0.002801	-11.738200	-1.091510	14.558500	0.274394	7.613120	-16.944099	1.918540	-0.000000	0.000000	-0.000000	3.349180	12.913000	-0.749260	8.632600	-9.843070	2.062650	0.000000	-0.000000	0.000000	0.000001	0.000000	0.000060	0.000000	0.000000	0.000000	43.245201	16.115200	24.186899	71.612701	-31.399099	62.854099	0.000000	-0.000000	-0.000000	0.000000	0.000000	0.000000	-42.380299	-19.405199	28.381201	-82.604500	17.754101	74.518402	-0.000000	-0.000001	0.000000	0.017494	-1.024710	0.000314	-0.000000	-0.000000	0.000001
-1.184980	0.020119	-11.508801	-0.803267	15.375800	0.212991	7.680280	-18.985100	2.256380	-0.000000	0.000000	0.000000	2.417680	12.183900	-0.510547	11.344500	-8.056500	1.957880	-0.000000	-0.000000	-0.000000	-0.000001	-0.000000	0.000038	0.000000	0.000000	0.000000	50.001202	11.520800	16.986500	86.611298	-24.364901	84.764900	0.000000	0.000002	0.000001	0.000000	0.000000	0.000000	-45.349602	-23.201000	28.989201	-93.135803	13.460700	103.403000	0.000000	-0.000002	0.000000	-0.115672	-0.853115	-0.001721	0.000000	0.000000	0.000001
-1.281770	0.142311	-11.109700	-0.374681	15.213400	0.098317	6.656190	-19.437000	2.102200	0.000000	0.000000	0.000000	2.357370	11.715600	-0.478939	12.096800	-6.919090	1.772300	0.000000	-0.000000	0.000000	-0.000001	-0.000000	-0.000035	0.000000	0.000000	0.000000	56.957802	6.638250	11.372300	98.864304	-21.357100	109.362000	-0.000000	-0.000000	0.000000	0.000000	0.000000	0.000000	-49.895302	-27.332100	28.201000	-103.009003	8.046070	137.459000	0.000000	0.000001	-0.000001	-0.252927	-0.876833	-0.003872	0.000000	0.000000	-0.000000
-1.549110	-0.966467	-10.679200	-0.915797	16.210199	0.255672	8.598370	-18.753901	2.495240	0.000000	-0.000001	-0.000001	3.844980	13.348600	-0.888980	8.536670	-7.584590	1.645340	-0.000000	-0.000000	-0.000000	-0.000001	-0.000000	-0.000058	0.000000	0.000000	0.000000	62.839500	0.250059	6.826910	109.579002	-20.955900	127.275002	-0.000000	0.000001	-0.000000	0.000000	0.000000	0.000000	-53.725700	-33.266998	28.328699	-110.045998	0.546761	164.716995	-0.000000	0.000000	-0.000001	0.350562	-1.290300	0.007893	-0.000000	-0.000000	0.000000
-1.198231	-0.762251	-9.795852	-1.125990	16.407101	0.318075	7.942030	-19.393200	2.288240	-0.000000	-0.000000	0.000000	3.667940	14.100100	-0.894731	8.107020	-9.590000	1.969760	0.000001	0.000000	-0.000001	-0.000001	-0.000000	-0.000009	0.000000	0.000000	0.000000	64.496201	-7.717910	2.849000	119.954002	-20.475100	140.270996	0.000000	-0.000000	-0.000000	0.000000	0.000000	0.000000	-55.755402	-37.812199	28.573700	-116.512001	-7.681820	-176.860992	-0.000000	-0.000000	0.000001	0.566930	-1.126540	0.011146	0.000000	0.000000	0.000001
-0.347344	-1.206240	-8.611860	-2.840520	14.777300	0.725060	8.500440	-15.609000	1.553080	-0.000000	0.000000	0.000000	1.829360	14.203400	-0.449014	9.812160	-10.313200	2.101960	-0.000000	0.000000	0.000000	0.000001	-0.000000	0.000030	0.000000	0.000000	0.000000	62.207500	-15.143300	-1.422800	128.279999	-22.344900	146.255005	-0.000001	-0.000000	0.000001	0.000000	0.000000	0.000000	-55.609798	-39.694199	29.276400	-122.629997	-15.093800	-167.684998	-0.000000	-0.000000	-0.000001	0.202363	-1.168210	0.004128	0.000000	0.000000	0.000001
-0.215017	-1.352790	-8.095784	-3.249480	15.082400	0.846375	7.865090	-16.183001	1.320400	0.000000	-0.000000	-0.000000	0.719971	14.254500	-0.177299	10.514800	-10.191000	2.008750	0.000000	0.000000	0.000000	-0.000000	0.000000	0.000036	0.000000	0.000000	0.000000	60.911098	-19.938200	-4.488490	131.528000	-24.556801	147.091995	-0.000001	0.000000	-0.000001	0.000000	0.000000	0.000000	-54.083599	-40.201099	30.633101	-125.513000	-18.121201	-165.481995	-0.000001	-0.000001	-0.000000	0.277609	-1.241600	0.006017	0.000000	0.000000	-0.000001
0.248223	-1.040570	-8.201469	-3.906570	14.239400	0.962306	8.022270	-15.611300	1.141870	-0.000000	0.000000	-0.000000	0.200984	14.186300	-0.049268	10.174500	-11.116800	2.020600	0.000001	0.000000	0.000000	0.000001	-0.000000	0.000044	0.000000	0.000000	0.000000	58.760899	-21.232100	-6.105130	132.604996	-23.630800	148.597000	0.000001	0.000000	0.000000	0.000000	0.000000	0.000000	-53.583099	-41.002998	31.337799	-125.418999	-18.726101	-164.682999	0.000000	0.000000	-0.000001	0.319700	-1.324590	0.007394	-0.000000	0.000000	-0.000000
0.491542	-0.695369	-8.585354	-5.306290	13.347800	1.228340	11.000500	-15.109300	1.526660	0.000000	-0.000000	-0.000000	-0.119171	13.431200	0.027666	10.722500	-10.726600	1.996190	0.000000	-0.000000	-0.000000	-0.000002	-0.000000	0.000088	0.000000	0.000000	0.000000	56.083500	-18.970501	-5.750540	133.158005	-20.709900	151.328995	-0.000000	0.000000	0.000000	0.000000	0.000000	0.000000	-52.598400	-38.936001	31.399000	-123.255997	-15.065700	-167.953003	0.000000	0.000000	0.000000	0.126889	-1.521520	0.003368	0.000000	0.000000	-0.000000
0.475852	-0.843202	-8.598849	-5.050210	13.509300	1.182630	9.526740	-15.326100	1.222700	0.000000	0.000000	0.000000	0.126327	13.308500	-0.029095	9.323370	-10.425600	1.724530	-0.000000	-0.000000	-0.000000	-0.000001	-0.000000	-0.000049	0.000000	0.000000	0.000000	55.143101	-13.782800	-2.458880	127.966003	-19.678101	148.237000	0.000000	0.000000	-0.000000	0.000000	0.000000	0.000000	-57.159000	-34.404800	26.121599	-117.638000	-8.092210	-176.645996	-0.000000	-0.000000	0.000002	0.106140	-1.377620	0.002553	-0.000000	-0.000000	-0.000000
0.332684	-0.020712	-8.507882	-4.062210	13.325600	0.937753	7.668340	-16.740000	1.071620	-0.000000	0.000000	0.000000	0.224767	11.917100	-0.046424	9.401760	-8.599470	1.452070	0.000001	-0.000000	-0.000001	-0.000002	-0.000000	0.000048	0.000000	0.000000	0.000000	56.529999	-9.837060	0.608180	116.709999	-16.394501	140.660995	-0.000000	-0.000000	0.000001	0.000000	0.000000	0.000000	-57.147301	-28.618200	23.709299	-112.567001	1.056950	164.526001	0.000000	0.000000	-0.000000	-0.299846	-1.151200	-0.006023	0.000000	0.000000	-0.000001
0.169455	0.403448	-8.725195	-3.100130	12.052000	0.647904	6.598230	-15.298600	0.942165	0.000000	-0.000000	-0.000000	1.214370	11.266600	-0.237298	7.949410	-9.114030	1.459930	-0.000000	-0.000000	0.000000	0.000001	0.000000	0.000061	0.000000	0.000000	0.000000	54.023899	-3.192730	5.115950	106.063004	-17.981501	124.128998	-0.000001	-0.000000	0.000001	0.000000	0.000000	0.000000	-56.373402	-23.562300	21.798901	-102.419998	8.031960	135.266998	-0.000000	-0.000000	-0.000000	-0.264580	-0.786596	-0.003631	-0.000000	-0.000000	0.000000
-0.180265	-0.836271	-9.512884	-2.936720	14.531400	0.737451	7.097170	-16.792101	1.231200	-0.000000	-0.000000	-0.000000	0.701326	13.539600	-0.164212	10.383900	-10.179500	1.979580	0.000000	0.000000	-0.000000	-0.000001	-0.000000	0.000100	0.000000	0.000000	0.000000	49.984299	2.569710	9.946880	91.848198	-19.423901	94.178101	0.000000	0.000000	-0.000001	0.000000	0.000000	0.000000	-50.985298	-19.930901	22.951300	-92.014099	12.460700	99.805801	0.000000	-0.000002	0.000000	0.030934	-1.069270	0.000578	-0.000000	-0.000000	-0.000000
-0.434414	-0.220901	-10.685904	-2.600600	13.568800	0.610523	7.046510	-16.004601	1.248230	-0.000000	0.000000	0.000001	0.819549	12.260800	-0.174061	10.044900	-9.411310	1.794420	-0.000000	-0.000000	0.000000	-0.000001	-0.000000	-0.000046	0.000000	0.000000	0.000000	48.453899	7.454880	14.387400	72.019897	-19.613100	53.871101	-0.000000	0.000000	0.000000	0.000000	0.000000	0.000000	-46.423599	-17.871901	24.368401	-79.441498	16.500799	66.118401	-0.000000	0.000001	-0.000002	-0.127146	-0.780999	-0.001733	-0.000000	0.000000	0.000001
-0.738416	0.177990	-11.349295	-2.469310	13.412300	0.573103	8.183250	-16.146000	1.612770	-0.000000	0.000000	0.000000	2.680940	12.442800	-0.578057	7.166710	-11.141500	1.908610	0.000001	0.000000	-0.000000	0.000001	0.000000	-0.000031	0.000000	0.000000	0.000000	45.990101	11.408400	18.708500	56.250198	-20.413300	35.194599	0.000000	0.000000	0.000001	0.000000	0.000000	0.000000	-41.176300	-15.048700	25.488400	-69.753098	17.908300	49.245998	0.000000	-0.000000	0.000001	-0.124341	-0.563201	-0.001222	0.000000	0.000000	-0.000001
-0.868479	0.099129	-11.804400	-1.808540	13.684600	0.427987	7.313540	-16.383101	1.571760	-0.000000	-0.000000	-0.000000	2.695800	11.550100	-0.540155	7.777560	-8.070590	1.478730	-0.000000	-0.000000	-0.000000	0.000000	0.000000	0.000041	0.000000	0.000000	0.000000	42.354500	14.453300	23.339100	47.701302	-21.425100	28.775499	0.000000	0.000000	0.000000	0.000000	0.000000	0.000000	-36.871700	-13.203200	26.767599	-62.465698	19.615700	41.236099	0.000000	0.000000	0.000000	0.033852	-0.800930	0.000474	-0.000000	0.000000	-0.000000
-1.125090	0.310717	-12.612400	-0.816234	13.305800	0.187859	5.206190	-15.558500	1.185540	0.000000	-0.000000	0.000000	3.097140	11.396200	-0.612552	7.308660	-8.404040	1.528190	-0.000000	-0.000000	-0.000000	-0.000001	-0.000000	-0.000035	0.000000	0.000000	0.000000	38.915401	17.409599	28.400400	43.298100	-24.626699	27.742599	-0.000000	-0.000000	-0.000001	0.000000	0.000000	0.000000	-34.918598	-12.559100	27.618000	-59.518200	20.040800	38.311600	-0.000000	0.000000	0.000000	0.046762	-0.563170	0.000460	0.000000	0.000000	-0.000002
-1.275410	-0.035819	-13.291800	-0.928124	13.040700	0.209436	6.657030	-13.926100	1.388950	0.000000	0.000000	0.000000	3.206250	12.108100	-0.673210	8.003110	-9.620620	1.884550	0.000000	-0.000000	-0.000000	0.000000	0.000000	-0.000093	0.000000	0.000000	0.000000	38.120899	19.399900	30.827200	41.861698	-26.389999	27.789600	-0.000000	-0.000000	0.000000	0.000000	0.000000	0.000000	-33.710999	-12.738200	28.863001	-59.414902	21.031099	39.166302	-0.000000	0.000000	-0.000000	0.072256	-0.823921	0.001038	-0.000000	-0.000000	-0.000001
-1.120430	-0.311764	-13.356399	-1.408430	14.187900	0.345270	7.728210	-15.615600	1.719310	0.000000	-0.000000	0.000000	3.539660	11.727500	-0.720342	6.872580	-7.713760	1.402620	-0.000000	-0.000000	0.000000	0.000001	0.000000	0.000091	0.000000	0.000000	0.000000	38.356899	19.911301	31.067400	43.077702	-26.728001	28.893999	-0.000000	-0.000000	0.000002	0.000000	0.000000	0.000000	-34.356300	-12.652500	28.223900	-63.787701	20.231001	43.391998	0.000000	-0.000001	-0.000000	-0.262405	-0.903150	-0.004134	0.000000	0.000000	-0.000000
-1.241780	-0.978812	-13.149202	-1.620930	15.278300	0.427228	7.784510	-16.360600	1.758680	0.000000	-0.000000	0.000000	2.822150	12.869100	-0.629053	8.516100	-8.522410	1.691150	-0.000000	0.000000	0.000000	0.000001	0.000000	0.000067	0.000000	0.000000	0.000000	38.877602	20.449900	31.066799	46.522301	-29.930500	33.665699	-0.000000	-0.000000	-0.000000	0.000000	0.000000	0.000000	-36.896900	-14.188100	27.868000	-65.701103	21.549801	47.256100	-0.000000	0.000000	0.000000	-0.241246	-0.971460	-0.004091	-0.000000	-0.000000	-0.000001
-1.408610	-0.417976	-12.878809	-1.013350	13.783300	0.241446	7.332290	-14.579200	1.604100	-0.000000	0.000000	-0.000000	3.012320	12.228300	-0.638598	9.483070	-8.273150	1.816120	-0.000000	-0.000000	0.000000	0.000000	0.000000	0.000024	0.000000	0.000000	0.000000	40.394402	19.756100	29.288799	56.658100	-29.745899	43.312401	-0.000000	0.000000	-0.000001	0.000000	0.000000	0.000000	-39.554100	-16.099100	27.713600	-72.440300	22.998301	58.360298	-0.000001	0.000000	0.000002	-0.198683	-0.790544	-0.002742	-0.000000	-0.000000	-0.000000
-1.703080	-0.768568	-12.864600	-0.953350	14.520700	0.239051	8.539520	-15.120700	1.997800	-0.000000	0.000000	-0.000000	3.972260	12.945700	-0.891254	7.841140	-8.580570	1.771660	-0.000000	-0.000000	-0.000000	-0.000001	-0.000000	0.000030	0.000000	0.000000	0.000000	44.490799	17.495300	24.563400	66.405403	-23.177200	49.666500	-0.000000	0.000000	-0.000001	0.000000	0.000000	0.000000	-43.769901	-18.601601	26.827400	-77.251198	22.003201	66.069199	0.000000	-0.000000	-0.000000	-0.210654	-0.779496	-0.002865	-0.000000	0.000000	-0.000000
-1.941700	-1.353581	-12.826009	-0.422363	15.823200	0.115164	7.176010	-16.687799	1.952300	-0.000000	0.000000	-0.000000	4.146740	13.903700	-0.998071	7.523180	-9.442720	1.919980	-0.000000	-0.000000	0.000000	0.000001	0.000000	0.000016	0.000000	0.000000	0.000000	48.232498	16.451200	21.514400	78.050598	-21.007999	66.769096	-0.000000	0.000000	-0.000001	0.000000	0.000000	0.000000	-47.536900	-22.091299	26.768600	-85.268997	20.855801	82.161797	-0.000000	-0.000001	0.000001	-0.228781	-1.140270	-0.004554	-0.000000	-0.000000	0.000001
-2.037982	-1.531250	-12.442104	-0.500503	15.417200	0.133055	7.989190	-15.293700	1.990630	-0.000000	0.000000	0.000000	4.373040	14.547800	-1.100460	8.014970	-10.161300	2.193160	-0.000001	-0.000000	-0.000000	0.000000	0.000000	0.000014	0.000000	0.000000	0.000000	51.862000	13.775600	17.788000	91.671097	-19.680000	95.802803	-0.000000	-0.000002	-0.000000	0.000000	0.000000	0.000000	-50.114700	-23.406799	25.842600	-94.740700	15.526700	106.012001	0.000000	-0.000001	0.000000	-0.001757	-1.258320	-0.000038	-0.000000	-0.000000	-0.000001
-1.913000	-1.447120	-11.715700	-0.826821	15.523200	0.221290	8.469980	-15.285800	2.034280	-0.000000	0.000000	0.000000	4.568570	15.259100	-1.204760	7.466600	-11.795000	2.460970	0.000000	0.000000	-0.000001	0.000001	0.000000	-0.000044	0.000000	0.000000	0.000000	55.507401	9.922490	13.831800	104.032997	-17.218201	123.343002	-0.000001	-0.000001	0.000001	0.000000	0.000000	0.000000	-54.575802	-26.298500	24.482300	-103.902000	11.712500	131.947998	-0.000000	-0.000000	0.000000	-0.059674	-1.113650	-0.001158	-0.000000	0.000000	-0.000001
-1.395251	-1.420270	-11.040502	-0.696470	14.905600	0.179153	6.939240	-14.713800	1.597520	-0.000000	0.000000	0.000000	4.075570	14.330600	-1.010380	7.539470	-10.794300	2.179770	-0.000000	0.000000	0.000000	0.000001	0.000000	-0.000049	0.000000	0.000000	0.000000	59.339901	4.967290	9.854000	114.989998	-15.832300	140.882004	0.000000	-0.000000	0.000000	0.000000	0.000000	0.000000	-58.138000	-28.635799	23.242399	-111.973999	2.967130	159.727997	0.000000	0.000000	0.000000	0.210940	-1.239870	0.004565	0.000000	0.000000	0.000000
-0.989079	-1.739970	-10.104800	-3.032850	14.458300	0.757879	9.655840	-13.303000	1.552840	0.000000	-0.000000	0.000000	3.049080	14.647300	-0.771706	6.720270	-10.944700	1.852980	-0.000000	0.000000	0.000000	-0.000001	-0.000000	0.000003	0.000000	0.000000	0.000000	64.356300	-3.680460	4.829580	122.960999	-16.056000	148.134003	0.000000	0.000000	-0.000001	0.000000	0.000000	0.000000	-62.460999	-30.994101	21.360800	-118.596001	-6.453050	179.671005	0.000000	-0.000000	0.000001	0.141101	-1.291400	0.003180	0.000000	-0.000000	-0.000000
-0.842407	-2.037230	-9.095026	-2.763320	15.025500	0.716897	8.096230	-14.566500	1.368870	-0.000000	0.000000	0.000001	1.887240	15.306100	-0.498364	8.790420	-11.883100	2.209150	-0.000000	-0.000000	0.000000	0.000002	0.000001	-0.000019	0.000000	0.000000	0.000000	65.723099	-11.641200	1.157190	128.720993	-19.323000	149.423996	-0.000000	-0.000000	-0.000000	0.000000	0.000000	0.000000	-65.554901	-35.997898	20.857100	-121.963997	-16.205299	-166.339996	-0.000001	-0.000000	-0.000000	0.403754	-1.364300	0.009614	-0.000000	0.000000	-0.000000
-0.862792	-3.389970	-8.033260	-3.067800	16.405300	0.867194	8.047710	-14.715800	1.300000	0.000000	-0.000000	-0.000000	1.932970	17.322599	-0.575751	7.765500	-12.876200	2.161010	0.000000	0.000000	-0.000000	-0.000000	0.000000	-0.000017	0.000000	0.000000	0.000000	64.519402	-20.308399	-3.348300	132.270996	-25.788601	146.858994	-0.000001	-0.000000	-0.000000	0.000000	0.000000	0.000000	-61.667900	-38.789398	24.329800	-126.350998	-22.592300	-161.431000	-0.000001	0.000000	-0.000001	0.433307	-1.333000	0.010082	-0.000000	0.000000	-0.000001
-0.710599	-3.765079	-6.844181	-3.240540	18.593201	1.034210	8.480530	-19.245800	1.787770	0.000000	-0.000000	0.000000	0.700854	18.185801	-0.218761	11.306100	-12.641800	2.657050	0.000000	0.000000	-0.000000	-0.000000	0.000001	0.000006	0.000000	0.000000	0.000000	66.396004	-28.708401	-6.322210	128.539993	-29.109800	140.837006	0.000001	0.000000	-0.000000	0.000000	0.000000	0.000000	-61.293598	-39.401798	24.696899	-126.179001	-24.689400	-159.085007	-0.000001	0.000000	0.000000	0.297865	-1.867330	0.009709	-0.000000	-0.000000	-0.000000
-0.671985	-3.863202	-6.092679	-3.446550	17.915899	1.061380	8.593800	-17.126301	1.569150	0.000000	0.000000	0.000000	1.184090	19.001600	-0.385598	9.767230	-14.160500	2.693880	-0.000001	-0.000000	0.000001	0.000000	0.000001	-0.000001	0.000000	0.000000	0.000000	67.844597	-32.063301	-6.881760	125.065002	-28.268801	137.835007	0.000000	0.000000	-0.000001	0.000000	0.000000	0.000000	-65.683502	-40.180801	21.647900	-120.406998	-21.465700	-158.156998	0.000000	0.000000	-0.000000	0.688945	-2.111940	0.025391	-0.000000	0.000000	-0.000000
-0.184296	-3.620357	-5.787089	-3.793780	17.907600	1.168050	8.150190	-18.039301	1.408720	-0.000000	0.000000	0.000000	0.990837	18.486500	-0.314220	9.080880	-13.704800	2.397200	0.000000	-0.000000	0.000000	-0.000000	0.000000	0.000043	0.000000	0.000000	0.000000	64.963799	-27.751200	-6.568520	122.180000	-23.549400	138.647003	-0.000000	0.000000	-0.000001	0.000000	0.000000	0.000000	-66.557098	-36.751099	20.157499	-117.573997	-14.629000	-165.811005	-0.000000	-0.000000	0.000000	0.611501	-1.664950	0.017769	-0.000000	-0.000000	-0.000000
-0.065600	-1.708531	-5.994189	-3.738900	14.001600	0.905824	7.616540	-13.881100	0.958434	0.000000	-0.000000	0.000000	1.521130	15.436700	-0.404987	7.093360	-11.669500	1.743790	0.000000	0.000000	-0.000000	0.000000	-0.000000	-0.000037	0.000000	0.000000	0.000000	66.734398	-20.997999	-2.696240	116.512001	-17.470800	138.524002	-0.000000	0.000000	-0.000000	0.000000	0.000000	0.000000	-69.535301	-30.519400	16.710699	-110.870003	-3.597320	174.050995	-0.000000	-0.000000	-0.000000	0.250614	-1.329330	0.005815	0.000000	-0.000000	-0.000000
0.171491	-1.223260	-6.733529	-3.819690	13.602300	0.899567	7.386640	-14.926600	0.947641	0.000000	0.000000	0.000000	0.878105	14.686400	-0.222651	8.335440	-11.809400	1.895330	0.000001	0.000000	0.000000	0.000002	0.000000	-0.000004	0.000000	0.000000	0.000000	66.149902	-13.493700	0.479893	106.289001	-11.120200	132.167007	0.000000	-0.000001	0.000000	0.000000	0.000000	0.000000	-66.500198	-24.361500	16.564400	-104.927002	5.725710	145.044006	-0.000000	0.000000	-0.000000	0.135468	-1.285340	0.003040	-0.000000	0.000000	-0.000000
0.185904	-1.041740	-8.071809	-4.179060	13.232400	0.958193	8.441150	-13.764900	1.042490	0.000000	0.000000	0.000000	1.552260	14.043700	-0.376776	6.371600	-10.506200	1.445210	0.000000	-0.000000	-0.000000	-0.000002	-0.000000	0.000068	0.000000	0.000000	0.000000	61.867401	-3.756250	4.779080	94.551201	-9.149450	105.293999	-0.000000	-0.000000	-0.000000	0.000000	0.000000	0.000000	-62.773300	-21.196301	17.262800	-93.651901	12.199900	104.933998	0.000000	-0.000000	-0.000000	-0.085212	-1.371090	-0.002037	-0.000000	-0.000000	0.000001
0.153382	-1.242650	-9.066919	-4.262120	13.693800	1.010730	8.807540	-13.762700	1.112570	-0.000000	-0.000000	0.000000	0.812382	14.066800	-0.197478	8.081200	-10.923900	1.693840	-0.000000	0.000000	0.000000	-0.000001	-0.000000	0.000023	0.000000	0.000000	0.000000	54.316399	4.415230	10.467100	81.508202	-11.016800	63.384102	0.000000	-0.000000	0.000001	0.000000	0.000000	0.000000	-56.289600	-17.515100	18.620501	-83.483200	17.233601	75.919098	-0.000000	0.000001	0.000001	-0.343532	-1.633590	-0.009791	0.000000	0.000000	0.000000
0.412108	-0.580547	-9.469099	-4.419180	13.354600	1.022630	7.941850	-14.216000	0.895641	0.000000	-0.000000	-0.000000	0.584937	13.052400	-0.132121	7.504170	-9.741240	1.374970	-0.000000	-0.000000	0.000000	-0.000001	-0.000000	0.000037	0.000000	0.000000	0.000000	47.446899	10.266400	17.019501	67.191200	-16.568399	43.591999	-0.000000	0.000000	-0.000001	0.000000	0.000000	0.000000	-51.655899	-14.520000	18.982401	-71.031799	20.885900	54.159801	0.000001	-0.000000	-0.000000	-0.571558	-1.152410	-0.011494	0.000000	0.000000	0.000001
0.230213	-1.032170	-9.725520	-3.938920	13.904100	0.947902	7.057500	-14.063000	0.786666	0.000000	-0.000000	-0.000001	0.843917	13.970300	-0.203766	7.701690	-10.462500	1.558410	-0.000000	-0.000000	0.000000	0.000000	-0.000000	0.000072	0.000000	0.000000	0.000000	41.655499	14.508100	23.676300	55.252998	-22.951500	36.434601	-0.000000	0.000000	-0.000001	0.000000	0.000000	0.000000	-45.084801	-11.212800	19.631300	-62.936798	18.866600	40.992100	0.000001	-0.000000	-0.000000	-0.023719	-1.262170	-0.000521	-0.000000	0.000000	-0.000000
-0.220685	-0.218386	-10.147900	-3.231210	13.671900	0.764490	7.536230	-14.982800	1.138760	0.000000	-0.000000	0.000000	1.998040	13.563400	-0.468771	6.660540	-11.534300	1.732700	-0.000001	-0.000000	0.000001	-0.000001	-0.000000	0.000014	0.000000	0.000000	0.000000	37.801201	16.746300	28.466400	43.812698	-24.930000	28.222000	-0.000000	-0.000000	0.000000	0.000000	0.000000	0.000000	-38.960400	-9.489230	21.265600	-57.637299	18.167700	34.535400	0.000000	0.000000	-0.000002	0.054886	-1.027220	0.000986	0.000000	-0.000000	-0.000001
-0.508199	0.073995	-11.319801	-2.734280	14.392500	0.680119	8.496640	-17.482800	1.762510	0.000000	0.000000	-0.000000	2.385810	12.819200	-0.529653	7.719580	-10.528900	1.854100	-0.000000	-0.000000	-0.000000	-0.000000	-0.000000	0.000082	0.000000	0.000000	0.000000	34.475601	19.277100	33.723000	36.992901	-27.892200	25.027300	0.000000	-0.000000	0.000001	0.000000	0.000000	0.000000	-36.116001	-9.640070	23.263100	-54.202801	18.110901	31.342400	-0.000000	0.000000	-0.000001	0.099508	-0.867433	0.001508	0.000000	-0.000000	0.000000
-0.794293	0.055275	-12.176504	-2.309600	14.473900	0.577544	8.161610	-16.972700	1.735380	0.000000	-0.000000	-0.000000	2.912250	12.964300	-0.653887	7.242850	-10.374500	1.833710	-0.000001	-0.000000	-0.000000	-0.000001	-0.000000	-0.000048	0.000000	0.000000	0.000000	33.088501	20.706200	36.421600	32.612400	-29.889799	22.998100	-0.000000	-0.000000	0.000001	0.000000	0.000000	0.000000	-33.205502	-10.338300	26.275801	-52.517399	19.065901	30.808399	-0.000000	-0.000000	0.000001	-0.214489	-0.930939	-0.003484	-0.000000	-0.000000	0.000000
-1.042660	0.046872	-12.240504	-1.513700	14.027600	0.366976	7.292030	-15.685600	1.579480	0.000000	-0.000000	-0.000001	3.135640	11.993400	-0.652211	7.592900	-8.004400	1.501430	-0.000000	-0.000000	0.000000	-0.000001	-0.000000	-0.000063	0.000000	0.000000	0.000000	33.571400	20.546301	35.816200	31.611099	-29.077801	21.996599	-0.000000	0.000000	0.000000	0.000000	0.000000	0.000000	-32.675900	-11.225600	27.825100	-52.702202	20.667500	32.357399	0.000000	0.000000	0.000000	-0.241054	-0.946993	-0.003984	-0.000000	0.000000	-0.000000
-1.167630	0.003169	-12.367700	-1.228180	14.384400	0.305148	7.297650	-15.972700	1.686710	-0.000000	-0.000000	-0.000000	3.761430	12.400200	-0.808842	6.766840	-8.677430	1.592420	-0.000000	-0.000000	0.000000	0.000001	0.000000	-0.000082	0.000000	0.000000	0.000000	35.290901	19.978500	33.706001	32.777401	-28.721800	22.664900	-0.000000	-0.000000	0.000000	0.000000	0.000000	0.000000	-32.513000	-12.028200	28.963800	-55.069199	21.197599	34.961399	-0.000000	0.000000	0.000000	-0.188735	-1.050360	-0.003460	-0.000000	-0.000000	-0.000001
-1.100901	-0.031837	-12.433700	-1.427140	14.022800	0.345868	7.562810	-15.084000	1.613630	0.000000	0.000000	-0.000000	4.119700	12.914600	-0.922260	5.763850	-9.754840	1.672720	0.000000	0.000000	0.000000	0.000001	0.000000	0.000099	0.000000	0.000000	0.000000	37.266399	19.170099	31.263800	38.166500	-28.093901	26.066000	-0.000000	-0.000000	-0.000000	0.000000	0.000000	0.000000	-33.946201	-12.566400	28.390699	-60.205299	20.295200	39.322102	-0.000000	0.000000	-0.000000	-0.251659	-1.042740	-0.004578	0.000000	0.000000	-0.000000
-1.115900	0.031248	-12.332500	-1.461240	14.453300	0.364779	7.834320	-16.915800	1.875000	0.000000	0.000000	0.000000	3.511450	12.492300	-0.760473	7.237000	-9.152360	1.715780	-0.000000	-0.000000	-0.000000	-0.000000	-0.000000	-0.000041	0.000000	0.000000	0.000000	38.436798	19.403900	30.500999	49.254002	-33.649399	38.399300	0.000000	0.000000	0.000000	0.000000	0.000000	0.000000	-37.638199	-15.118200	28.173201	-62.184299	22.179100	43.460602	0.000000	0.000000	-0.000000	-0.229519	-0.928997	-0.003720	-0.000000	0.000000	-0.000001
-1.199700	-1.026600	-12.240997	-2.131790	15.541500	0.571419	9.117160	-16.734800	2.043350	0.000000	-0.000000	0.000000	3.789040	13.634000	-0.894390	6.550360	-9.049110	1.626270	0.000000	0.000000	0.000000	-0.000001	-0.000000	0.000060	0.000000	0.000000	0.000000	42.303799	17.933500	26.321199	63.919899	-32.289600	53.218399	-0.000000	-0.000001	-0.000001	0.000000	0.000000	0.000000	-42.166801	-16.797100	26.399000	-70.534203	18.801399	51.664299	0.000001	0.000000	-0.000001	-0.316372	-1.225320	-0.006765	-0.000000	0.000000	0.000001
-1.331070	-1.039450	-11.845200	-1.022890	16.369900	0.288310	6.200920	-17.760900	1.596200	-0.000000	0.000000	0.000000	2.875140	13.764100	-0.684614	8.172160	-8.982930	1.732710	-0.000000	-0.000000	0.000000	0.000001	0.000000	0.000073	0.000000	0.000000	0.000000	48.835201	14.798900	19.944500	76.178802	-26.955601	67.147903	-0.000000	0.000001	0.000000	0.000000	0.000000	0.000000	-45.630699	-18.831499	25.666000	-78.795502	16.323900	64.728996	0.000000	-0.000000	0.000000	-0.311878	-1.433880	-0.007803	0.000000	-0.000000	0.000000
-1.721470	-1.606841	-11.446202	-0.882103	16.171700	0.245692	7.150040	-15.930600	1.736440	-0.000000	0.000000	0.000000	4.218340	14.425600	-1.052670	6.188070	-9.836420	1.773520	-0.000000	-0.000000	0.000000	0.000001	0.000000	-0.000048	0.000000	0.000000	0.000000	56.705399	10.216700	13.607700	88.617599	-23.021000	88.324501	0.000000	0.000000	0.000000	0.000000	0.000000	0.000000	-50.545898	-22.426201	24.895599	-86.425102	12.522500	82.739197	0.000000	0.000000	-0.000000	0.079562	-1.325860	0.001841	0.000000	-0.000000	0.000001
-1.861600	-2.160370	-10.906999	-1.138890	16.314600	0.319960	8.194210	-15.214300	1.872500	-0.000000	0.000000	-0.000000	4.648020	14.388300	-1.157380	5.108010	-8.388150	1.414900	-0.000000	-0.000000	0.000000	0.000000	0.000000	-0.000050	0.000000	0.000000	0.000000	63.122501	4.723660	9.039720	99.638901	-21.606501	110.278999	0.000000	-0.000000	-0.000000	0.000000	0.000000	0.000000	-54.205101	-24.964500	23.979401	-95.381203	7.593240	117.213997	-0.000000	0.000000	0.000000	0.034935	-1.343630	0.000820	-0.000000	-0.000000	0.000000
-1.613301	-1.470091	-10.073803	-1.369680	15.293200	0.361324	8.754820	-14.670200	1.892560	0.000000	0.000000	-0.000000	4.870270	14.154600	-1.193680	4.894880	-9.290600	1.566940	-0.000000	-0.000000	0.000000	0.000001	-0.000000	0.000029	0.000000	0.000000	0.000000	68.583900	-0.873046	6.063260	106.911003	-21.623699	122.473999	0.000000	-0.000001	0.000001	0.000000	0.000000	0.000000	-61.695202	-28.868299	21.053900	-102.632004	0.712546	155.419998	0.000000	0.000000	-0.000000	0.095031	-1.371040	0.002275	0.000000	0.000000	0.000000
-1.554340	-2.004300	-9.361911	-0.904694	15.722300	0.245163	6.709320	-15.389800	1.554450	0.000000	-0.000000	-0.000000	4.097220	14.774900	-1.046560	6.369630	-9.560020	1.734120	-0.000001	0.000000	0.000000	0.000001	0.000000	0.000069	0.000000	0.000000	0.000000	71.695999	-6.530130	4.058040	115.996002	-25.512100	131.455994	0.000001	-0.000000	-0.000000	0.000000	0.000000	0.000000	-64.528000	-31.578501	20.217100	-109.278000	-9.467840	-171.460999	-0.000000	0.000000	-0.000000	0.399215	-1.615560	0.011256	-0.000000	-0.000000	0.000000
-1.450199	-2.956350	-7.980461	-0.987548	17.151899	0.291252	6.427320	-16.606899	1.571670	0.000000	-0.000000	-0.000001	2.820960	16.357800	-0.795081	9.427330	-10.191200	2.178550	0.000000	-0.000000	-0.000000	-0.000001	-0.000000	-0.000023	0.000000	0.000000	0.000000	69.185997	-15.723200	0.193000	122.773003	-28.611601	136.069000	-0.000001	-0.000000	-0.000001	0.000000	0.000000	0.000000	-63.765999	-32.341499	20.867701	-118.592003	-17.497999	-162.255997	0.000001	-0.000001	-0.000000	0.354024	-1.466070	0.009058	-0.000000	0.000000	0.000002
-1.156369	-2.221290	-7.547647	-2.036700	15.711500	0.551731	6.873600	-16.553101	1.402910	-0.000000	-0.000000	-0.000000	2.961310	15.374600	-0.785787	6.527270	-10.691800	1.755890	-0.000000	-0.000000	0.000000	0.000000	0.000000	0.000021	0.000000	0.000000	0.000000	68.873100	-23.187000	-2.862690	125.206001	-29.825399	137.261993	0.000001	-0.000000	0.000001	0.000000	0.000000	0.000000	-61.576698	-36.261501	23.583700	-123.138000	-21.824400	-159.878998	0.000000	-0.000000	0.000001	0.249639	-1.418100	0.006179	-0.000000	0.000000	-0.000001
-0.431829	-2.474290	-7.303704	-3.134440	16.365101	0.883952	6.553990	-17.915899	1.092300	0.000000	0.000000	0.000000	1.561450	16.259399	-0.437297	7.069960	-12.553100	1.875760	0.000000	0.000000	-0.000000	0.000002	0.000000	0.000033	0.000000	0.000000	0.000000	63.102100	-25.383600	-6.410910	131.296997	-30.491199	142.600998	0.000000	0.000000	0.000000	0.000000	0.000000	0.000000	-57.323898	-38.801300	27.540501	-125.857002	-24.335899	-159.104996	-0.000000	-0.000000	-0.000000	0.140463	-0.580655	0.001423	-0.000000	0.000000	-0.000000
-0.191778	-2.000520	-7.238992	-3.858190	14.560200	0.971302	8.361940	-15.933800	1.273030	-0.000000	0.000000	0.000000	0.752059	14.551200	-0.188971	9.026940	-9.998750	1.709760	0.000000	-0.000000	0.000000	0.000002	0.000000	0.000003	0.000000	0.000000	0.000000	64.179703	-25.420401	-5.894710	128.973007	-29.233801	141.246002	0.000000	-0.000000	0.000000	0.000000	0.000000	0.000000	-61.302399	-41.115299	25.227400	-121.702003	-20.381701	-160.423996	0.000000	-0.000000	0.000000	0.289841	-1.260110	0.006375	-0.000000	0.000000	-0.000000
-0.153542	-1.777670	-7.379261	-3.478470	14.675200	0.882236	7.467090	-16.628401	1.175770	-0.000000	0.000000	0.000000	-0.044562	14.823900	0.011388	11.100700	-11.450400	2.221720	0.000000	-0.000000	-0.000000	0.000000	-0.000000	-0.000059	0.000000	0.000000	0.000000	65.604897	-22.892300	-4.062290	125.745003	-25.189199	141.184006	0.000000	-0.000000	0.000000	0.000000	0.000000	0.000000	-66.766998	-38.160702	20.486000	-117.421997	-16.655300	-162.533005	-0.000000	0.000001	-0.000000	0.376587	-1.416030	0.009307	-0.000000	-0.000000	0.000000
-0.695803	-1.697680	-7.163730	-2.798820	15.228200	0.735684	7.666900	-17.879900	1.528290	0.000000	-0.000000	-0.000000	0.947126	15.022600	-0.245527	10.807900	-11.494600	2.367840	0.000001	0.000000	0.000000	-0.000001	-0.000000	0.000053	0.000000	0.000000	0.000000	67.190399	-19.205400	-1.792610	120.889000	-21.385500	139.647995	-0.000000	0.000000	-0.000000	0.000000	0.000000	0.000000	-66.607903	-32.479401	19.070499	-115.149002	-9.581700	-173.649994	-0.000000	-0.000000	0.000001	0.115355	-1.601810	0.003226	0.000000	-0.000000	0.000000
-0.912062	-2.475091	-7.256853	-2.166570	15.936000	0.595114	6.831330	-17.423500	1.424700	-0.000000	0.000000	0.000000	2.771260	15.413600	-0.737100	6.535630	-10.728600	1.728360	-0.000000	-0.000000	0.000000	-0.000002	-0.000000	0.000069	0.000000	0.000000	0.000000	65.491997	-13.744900	0.175354	113.043999	-16.206900	135.914001	-0.000000	0.000000	-0.000000	0.000000	0.000000	0.000000	-65.247002	-28.620300	18.708099	-108.204002	-0.189881	164.240997	-0.000000	-0.000000	0.000001	0.002867	-1.806230	0.000092	-0.000000	0.000000	-0.000001
-1.068951	-3.322322	-7.524147	-2.610290	16.907200	0.759601	8.190690	-16.740299	1.644840	-0.000000	0.000000	0.000000	2.893270	16.919001	-0.842664	6.575140	-11.637500	1.900860	0.000000	0.000000	-0.000000	0.000001	0.000000	0.000078	0.000000	0.000000	0.000000	58.898701	-6.820760	2.815990	106.629997	-14.575000	128.442993	-0.000001	0.000000	0.000002	0.000000	0.000000	0.000000	-58.563202	-22.254400	19.891500	-102.432999	5.389450	141.115005	-0.000000	0.000000	0.000000	-0.008766	-1.566480	-0.000240	0.000000	-0.000000	-0.000001
-1.247110	-3.763790	-8.179688	-2.232770	17.542801	0.673298	7.023440	-16.831600	1.420450	-0.000000	0.000000	0.000000	2.353750	17.305901	-0.700544	7.618830	-11.322000	1.955530	-0.000000	-0.000000	0.000000	-0.000000	0.000000	0.000016	0.000000	0.000000	0.000000	54.298901	-0.148948	7.214210	93.225899	-13.289800	98.562798	0.000000	-0.000001	-0.000000	0.000000	0.000000	0.000000	-53.247002	-18.180901	20.544701	-93.231102	10.972800	104.728996	-0.000000	0.000001	0.000000	-0.264141	-1.519850	-0.007005	-0.000000	-0.000000	0.000001
-0.382528	-2.677610	-8.711788	-3.472160	15.534500	0.930956	7.352940	-14.319100	0.992741	-0.000000	0.000000	-0.000000	2.318110	16.055500	-0.641453	5.342100	-11.341800	1.497060	0.000000	-0.000000	0.000000	-0.000002	0.000000	-0.000087	0.000000	0.000000	0.000000	48.255600	5.983350	13.154100	80.017700	-14.587300	63.736198	0.000000	0.000001	-0.000000	0.000000	0.000000	0.000000	-52.309399	-16.561501	20.035299	-78.487900	18.287701	65.825798	-0.000000	0.000001	-0.000001	-0.437225	-1.165270	-0.008889	0.000000	0.000000	0.000001
-0.250525	-1.807502	-9.302600	-3.732480	14.877300	0.959568	7.415900	-15.326600	1.008110	0.000000	0.000000	0.000000	1.247790	15.281600	-0.328933	7.142070	-12.071400	1.757250	-0.000000	0.000000	0.000000	-0.000001	-0.000000	-0.000012	0.000000	0.000000	0.000000	43.845200	12.691500	20.791201	65.189903	-22.652399	47.249001	-0.000001	0.000001	0.000001	0.000000	0.000000	0.000000	-48.241100	-14.260200	20.536800	-65.659897	21.459000	47.272301	0.000000	0.000001	-0.000001	-0.575099	-0.808170	-0.008111	0.000000	-0.000000	0.000000
-0.505509	-2.064550	-9.854580	-3.746490	15.009700	0.971559	8.285640	-15.125700	1.220360	0.000000	0.000000	0.000000	1.011450	14.738500	-0.257354	8.837140	-10.317700	1.774810	0.000001	0.000000	-0.000000	0.000002	0.000001	-0.000062	0.000000	0.000000	0.000000	40.008099	16.691999	26.739201	51.936600	-26.364201	35.931099	0.000000	-0.000000	-0.000000	0.000000	0.000000	0.000000	-43.144699	-11.560500	21.011000	-57.524899	19.087299	35.601501	0.000000	-0.000000	-0.000000	-0.471012	-0.978253	-0.008043	0.000000	0.000000	0.000001
-0.713296	-2.116221	-10.293903	-2.970160	15.268900	0.782832	7.554940	-15.274000	1.238020	-0.000000	0.000000	-0.000000	1.052600	15.545400	-0.282142	9.643200	-11.880700	2.218620	0.000000	0.000000	-0.000000	0.000000	0.000000	0.000041	0.000000	0.000000	0.000000	37.080101	18.674700	30.799900	42.887100	-26.708500	28.537300	0.000000	-0.000000	-0.000001	0.000000	0.000000	0.000000	-38.370300	-9.578540	21.765301	-54.394600	18.031401	31.652399	0.000000	-0.000000	-0.000000	-0.273226	-1.008190	-0.004807	-0.000000	0.000000	-0.000001
-1.205820	-2.398150	-10.275000	-1.727780	16.518000	0.491361	6.083330	-16.595301	1.266690	-0.000000	-0.000000	-0.000001	2.174750	16.185900	-0.606503	8.666330	-12.318000	2.320480	0.000000	0.000000	0.000000	-0.000000	-0.000000	0.000047	0.000000	0.000000	0.000000	34.816502	19.395599	33.410500	37.059101	-27.490700	24.693001	-0.000000	-0.000000	0.000001	0.000000	0.000000	0.000000	-34.952900	-8.619220	22.808800	-50.682098	18.294001	28.872499	0.000000	-0.000000	-0.000002	-0.192547	-1.281960	-0.004305	0.000000	-0.000000	-0.000000
-1.714401	-1.838710	-10.142100	-0.521314	15.012700	0.135035	5.576300	-14.513400	1.274400	-0.000000	-0.000000	0.000000	2.902980	15.131000	-0.758368	9.159800	-11.449100	2.408130	0.000000	-0.000000	-0.000000	-0.000000	0.000000	-0.000073	0.000000	0.000000	0.000000	36.195400	18.846500	31.714199	32.944302	-23.896700	20.303801	0.000000	-0.000000	0.000000	0.000000	0.000000	0.000000	-32.834000	-7.997400	23.474100	-48.724899	17.353100	26.582100	-0.000000	0.000000	0.000001	0.069835	-1.138030	0.001388	-0.000000	0.000000	-0.000001
-1.887110	-1.633290	-10.448100	-0.652145	14.244900	0.160474	6.976170	-13.631200	1.500920	-0.000000	0.000000	-0.000000	4.180730	13.684700	-0.990735	7.086940	-8.620810	1.692070	0.000000	-0.000000	0.000000	-0.000001	-0.000000	-0.000049	0.000000	0.000000	0.000000	37.058998	18.469999	30.681700	31.806801	-21.075300	18.287901	-0.000001	0.000000	0.000002	0.000000	0.000000	0.000000	-32.200100	-8.393610	24.499300	-48.671902	17.806000	26.912600	-0.000000	0.000000	0.000001	0.017411	-1.088470	0.000332	0.000000	0.000000	-0.000001
-1.528590	-0.553255	-10.694600	-0.054232	12.791200	0.012001	5.433900	-13.747900	1.282370	-0.000000	0.000000	0.000001	4.955950	12.525400	-1.077380	5.010250	-9.412810	1.626220	-0.000000	0.000000	0.000000	-0.000000	0.000000	0.000065	0.000000	0.000000	0.000000	36.889999	18.410801	30.816500	34.990601	-23.158100	21.248400	0.000000	-0.000000	-0.000001	0.000000	0.000000	0.000000	-32.897400	-9.797070	25.823099	-49.656799	18.728001	28.359400	0.000000	0.000000	0.000001	0.246433	-0.512364	0.002202	-0.000000	0.000000	-0.000000
-0.900180	0.006339	-10.285401	-1.006930	11.547200	0.201578	5.894810	-13.155900	1.119730	-0.000000	0.000000	0.000000	3.441620	11.282400	-0.674122	6.718880	-8.967350	1.589430	-0.000000	0.000000	0.000000	-0.000001	-0.000000	0.000099	0.000000	0.000000	0.000000	38.195301	16.653700	28.155500	40.081902	-23.217300	24.562099	0.000000	0.000000	-0.000001	0.000000	0.000000	0.000000	-34.329800	-10.386100	25.440901	-55.674801	18.333000	32.937099	0.000000	-0.000000	-0.000002	0.159828	-0.398960	0.001115	-0.000000	0.000000	-0.000000
-1.152500	-0.486472	-9.663039	-0.951431	11.240400	0.185471	6.704560	-12.050300	1.208810	0.000000	-0.000000	-0.000000	3.713190	11.499700	-0.741275	6.912480	-9.070810	1.682000	0.000000	0.000000	-0.000000	-0.000001	-0.000000	-0.000080	0.000000	0.000000	0.000000	40.170502	15.938300	26.021299	50.878399	-27.230200	35.751999	-0.000000	0.000000	-0.000002	0.000000	0.000000	0.000000	-36.606098	-12.798800	26.465200	-61.467098	22.279699	42.751499	-0.000000	0.000000	0.000000	0.227577	-0.536608	0.002132	-0.000000	-0.000000	0.000000
-1.511760	-1.264530	-9.492050	-0.896276	13.104000	0.203211	7.618100	-13.213200	1.548560	0.000000	0.000000	0.000000	5.831300	12.747900	-1.290990	2.165330	-8.711790	1.196690	-0.000000	-0.000000	-0.000000	0.000001	0.000000	-0.000012	0.000000	0.000000	0.000000	44.404900	13.712100	21.413500	63.274200	-25.328300	47.331200	-0.000000	-0.000000	-0.000000	0.000000	0.000000	0.000000	-39.014999	-14.772700	26.705000	-70.158600	21.019800	53.350601	-0.000000	0.000001	-0.000001	0.326721	-0.752526	0.004292	0.000000	-0.000000	-0.000001
-1.649620	-2.508441	-9.515491	-0.762333	14.780700	0.194488	6.991120	-14.233500	1.543470	0.000000	0.000000	0.000000	5.186200	14.228200	-1.277980	3.863700	-9.111380	1.418950	-0.000000	-0.000000	0.000000	-0.000001	-0.000000	-0.000047	0.000000	0.000000	0.000000	48.509102	12.016200	17.948900	76.769699	-25.849899	67.194000	-0.000000	0.000000	0.000000	0.000000	0.000000	0.000000	-43.080502	-17.345200	26.141800	-79.361504	16.477400	66.518700	-0.000001	0.000001	-0.000000	0.281869	-0.992082	0.004880	0.000000	0.000000	0.000001
-1.626830	-3.076540	-9.618423	-0.814726	16.253799	0.228039	6.952820	-15.965000	1.703340	-0.000000	-0.000000	0.000000	3.858890	14.553800	-0.971081	7.446640	-7.195050	1.418230	-0.000000	-0.000000	0.000001	-0.000001	-0.000000	0.000043	0.000000	0.000000	0.000000	52.843700	8.745120	13.865600	89.623100	-24.175600	90.121002	-0.000000	0.000000	0.000000	0.000000	0.000000	0.000000	-45.762501	-20.773199	26.933800	-89.998901	11.369800	94.973999	0.000000	-0.000001	-0.000000	0.510085	-1.061520	0.009450	0.000000	-0.000000	0.000001
-0.961054	-3.148619	-8.688461	-1.383170	16.306601	0.388419	6.740850	-15.540200	1.454340	0.000000	0.000000	-0.000001	3.234540	15.073700	-0.842023	7.567440	-8.811200	1.656390	0.000000	-0.000000	-0.000000	-0.000001	-0.000000	-0.000078	0.000000	0.000000	0.000000	56.558701	1.917220	8.414480	102.921997	-20.208000	117.103996	0.000000	0.000000	0.000001	0.000000	0.000000	0.000000	-51.198502	-23.777100	25.165600	-99.458397	6.104030	133.466995	0.000000	-0.000001	-0.000000	0.154916	-0.976881	0.002642	0.000000	0.000000	0.000000
-0.369246	-3.114520	-7.568271	-3.005280	15.482500	0.802913	7.427200	-15.268700	1.195580	0.000000	-0.000000	0.000001	2.261460	14.706900	-0.574417	6.480170	-8.799300	1.335870	0.000000	0.000000	-0.000000	-0.000001	-0.000000	-0.000034	0.000000	0.000000	0.000000	60.722801	-6.181240	3.368400	112.959000	-15.821400	137.052002	-0.000000	0.000000	-0.000001	0.000000	0.000000	0.000000	-57.077099	-29.153099	23.978800	-106.557999	3.141540	155.093994	0.000000	0.000000	0.000000	-0.053954	-0.833781	-0.000786	0.000000	-0.000000	0.000001
-0.796681	-3.350180	-6.642958	-2.519590	16.290701	0.707183	6.823220	-16.579300	1.259180	-0.000000	0.000000	-0.000000	2.142940	16.436600	-0.606624	7.588530	-11.558700	1.950080	-0.000000	0.000000	-0.000000	0.000001	0.000000	0.000101	0.000000	0.000000	0.000000	64.670998	-14.741500	-0.489393	119.625000	-14.909900	145.455994	0.000000	-0.000000	0.000000	0.000000	0.000000	0.000000	-60.065800	-34.359001	23.951900	-112.752998	-1.455820	170.725006	-0.000000	-0.000000	0.000001	0.345786	-1.240930	0.007489	0.000000	-0.000000	0.000000
-0.362001	-3.308070	-5.711417	-2.731100	16.169001	0.761054	6.337490	-16.749300	1.071850	-0.000000	-0.000000	-0.000000	1.333370	16.341299	-0.375229	8.879880	-11.590900	2.062040	0.000000	0.000000	-0.000000	0.000002	0.000000	0.000094	0.000000	0.000000	0.000000	66.224701	-22.708799	-3.658000	123.021004	-15.039500	148.304001	-0.000000	-0.000000	-0.000000	0.000000	0.000000	0.000000	-63.719700	-39.713299	22.939199	-117.640999	-4.509820	177.731995	0.000001	0.000000	-0.000002	0.784974	-1.431210	0.019608	-0.000000	-0.000000	-0.000000
-0.291584	-4.464559	-5.251650	-3.272340	17.197300	0.968460	6.436340	-15.841400	0.904614	0.000000	-0.000000	-0.000000	1.067270	18.203199	-0.333454	8.495440	-12.783900	2.122740	-0.000000	0.000000	0.000000	-0.000000	-0.000000	-0.000064	0.000000	0.000000	0.000000	64.063797	-29.441099	-7.797230	127.664001	-17.599899	149.565002	0.000001	0.000000	0.000000	0.000000	0.000000	0.000000	-61.144798	-42.721199	25.643999	-122.220001	-8.652030	-176.110992	0.000000	0.000000	0.000000	0.694960	-1.439390	0.017459	0.000000	-0.000000	0.000000
-0.119459	-4.956950	-5.306050	-3.999340	17.554600	1.208030	7.691720	-15.022100	1.006830	0.000000	0.000000	0.000000	1.499390	18.630199	-0.479107	6.902040	-11.854000	1.721290	0.000000	-0.000000	-0.000000	-0.000002	0.000001	0.000005	0.000000	0.000000	0.000000	61.206902	-31.646299	-10.545000	128.436996	-20.859900	147.108002	-0.000000	0.000000	-0.000000	0.000000	0.000000	0.000000	-55.068699	-43.387501	30.698700	-125.939003	-12.208700	-172.408005	0.000000	0.000000	0.000001	0.718587	-1.490080	0.018689	0.000000	-0.000000	-0.000001
