0.037600	1.847440	-14.048701	-3.614640	10.328000	0.648869	3.685000	-10.894900	0.024387	0.000000	0.000000	0.000000	1.998590	7.092780	-0.246884	0.988922	-5.209240	0.270100	0.000000	-0.000000	0.000000	-0.000002	-0.000000	-0.000074	0.000000	0.000000	0.000000	30.606199	21.785999	40.158901	44.577801	-33.146900	33.848801	0.000000	-0.000000	-0.000000	0.000000	0.000000	0.000000	-38.313000	-2.343460	13.228500	-74.180603	12.907000	48.154900	-0.000001	0.000000	0.000001	0.097786	-0.363531	0.000620	-0.000000	0.000000	-0.000001
-0.070304	1.785420	-14.014700	-3.103990	10.042700	0.541789	3.454460	-10.237500	0.070757	0.000000	-0.000000	0.000000	2.817610	7.648620	-0.375320	-0.140472	-7.959080	0.367482	-0.000000	0.000000	-0.000000	0.000002	0.000001	-0.000027	0.000000	0.000000	0.000000	33.636299	20.271700	35.686298	52.273998	-32.617100	40.711899	-0.000000	-0.000000	0.000000	0.000000	0.000000	0.000000	-41.675999	-5.185650	15.356300	-77.368103	14.092600	56.138901	0.000000	0.000000	0.000001	0.052079	-0.370631	0.000335	0.000000	-0.000000	0.000001
-0.281311	2.079571	-13.855007	-2.495850	9.367850	0.406499	2.374870	-9.657530	-0.014701	0.000000	0.000000	0.000000	3.374350	7.437840	-0.437314	-0.889341	-9.039580	0.386207	0.000000	-0.000000	-0.000000	-0.000002	-0.000000	-0.000006	0.000000	0.000000	0.000000	38.166100	17.419201	29.110399	62.410000	-29.225599	49.501400	-0.000000	-0.000000	-0.000000	0.000000	0.000000	0.000000	-44.016998	-8.661440	17.935600	-84.127602	14.658300	72.968803	-0.000000	-0.000001	-0.000000	-0.128006	-0.191892	-0.000427	0.000000	0.000000	0.000000
-0.372475	0.972810	-13.669400	-2.947170	11.149400	0.570366	3.952110	-10.988100	0.202185	0.000000	-0.000000	0.000000	2.892150	8.704630	-0.438071	0.023461	-8.820110	0.442316	0.000000	0.000000	-0.000000	-0.000002	-0.000001	-0.000020	0.000000	0.000000	0.000000	43.109501	13.595700	22.242399	75.127502	-25.082100	64.145699	0.000000	-0.000001	0.000000	0.000000	0.000000	0.000000	-47.552502	-13.888600	20.764099	-92.174004	13.528200	96.757698	-0.000000	-0.000002	0.000000	-0.063220	-0.540279	-0.000594	-0.000000	-0.000000	-0.000000
0.143617	1.017600	-12.923602	-4.034410	11.009400	0.771671	4.455480	-12.009800	0.103103	-0.000000	-0.000000	0.000000	1.318410	8.054320	-0.184763	2.119730	-7.973380	0.475673	0.000000	-0.000000	0.000000	0.000000	-0.000000	-0.000010	0.000000	0.000000	0.000000	47.961601	6.732970	14.041200	89.029099	-18.952000	88.279297	0.000000	0.000001	0.000000	0.000000	0.000000	0.000000	-54.420799	-20.657499	21.559900	-97.061600	12.933700	112.615997	0.000000	-0.000000	0.000000	-0.315309	-0.390660	-0.002150	0.000000	-0.000000	0.000002
0.148223	1.136240	-12.842010	-4.217630	10.895900	0.798627	4.794900	-12.363800	0.139926	-0.000000	0.000000	0.000000	1.168400	8.305660	-0.168806	2.121440	-9.147820	0.521637	0.000000	-0.000000	0.000000	0.000000	-0.000000	0.000042	0.000000	0.000000	0.000000	55.269100	-0.964148	6.660820	99.710297	-13.593600	115.615997	0.000000	0.000000	0.000000	0.000000	0.000000	0.000000	-59.890202	-28.906000	22.321199	-102.900002	10.073000	132.535995	0.000000	0.000000	0.000001	-0.358874	-0.415389	-0.002601	0.000000	0.000000	-0.000001
-0.091697	0.360058	-11.427800	-3.932100	10.767300	0.735709	4.583360	-9.653200	0.120844	0.000000	-0.000000	-0.000000	1.581190	10.147300	-0.278647	1.723280	-11.430000	0.650635	0.000000	-0.000000	0.000000	0.000002	0.000000	0.000050	0.000000	0.000000	0.000000	59.791698	-11.728600	-0.064064	110.210999	-12.186100	136.960007	-0.000000	0.000000	0.000001	0.000000	0.000000	0.000000	-63.264000	-32.894501	21.566200	-108.008003	0.548635	162.356003	0.000000	0.000000	-0.000001	-0.079828	-0.910843	-0.001269	0.000000	0.000000	-0.000000
-0.487850	-0.549632	-9.947421	-3.734210	12.403600	0.803171	5.440550	-10.939700	0.340500	0.000000	0.000000	-0.000001	1.975850	11.289900	-0.386972	2.714640	-9.291080	0.752723	0.000000	0.000000	0.000000	0.000002	0.000000	-0.000056	0.000000	0.000000	0.000000	62.406700	-23.070400	-5.624050	117.255997	-15.465200	141.417007	-0.000000	0.000000	-0.000000	0.000000	0.000000	0.000000	-61.990700	-38.024200	23.995300	-112.461998	-8.606960	-174.201996	0.000000	0.000000	0.000000	-0.142193	-1.322970	-0.003283	-0.000000	0.000000	0.000000
-0.789592	-1.080830	-9.542349	-3.277640	12.999400	0.738026	4.965890	-10.903700	0.335366	0.000000	-0.000000	0.000000	2.345710	12.608600	-0.512329	2.082010	-10.644300	0.808919	-0.000000	-0.000000	-0.000000	-0.000002	-0.000000	0.000036	0.000000	0.000000	0.000000	62.673401	-30.188999	-9.148940	123.328003	-21.975700	141.084000	0.000000	0.000000	-0.000000	0.000000	0.000000	0.000000	-58.879601	-39.008099	26.583700	-118.796997	-17.566401	-162.029999	-0.000000	-0.000000	-0.000000	-0.257934	-1.442120	-0.006490	0.000000	-0.000000	-0.000001
-0.670643	-1.125743	-9.364531	-2.962850	12.911200	0.662575	3.303440	-10.837500	0.078144	0.000000	0.000000	-0.000000	2.426770	12.006900	-0.505134	0.984300	-9.136720	0.533814	0.000000	-0.000000	-0.000000	0.000000	0.000000	-0.000065	0.000000	0.000000	0.000000	57.918900	-32.537800	-13.298000	130.145996	-27.927200	142.960999	0.000001	-0.000000	0.000000	0.000000	0.000000	0.000000	-56.959000	-41.700199	28.948200	-120.959999	-24.028500	-155.337997	0.000001	0.000000	0.000000	-0.199024	-1.487880	-0.005167	-0.000000	0.000000	-0.000001
-0.442288	-0.332146	-9.667370	-2.952930	12.549100	0.642136	3.763020	-11.653200	0.177912	-0.000000	-0.000000	0.000001	1.836730	11.299200	-0.360002	3.178590	-8.809050	0.764488	-0.000000	-0.000000	0.000000	-0.000002	-0.000000	0.000034	0.000000	0.000000	0.000000	55.498501	-31.581400	-14.323600	133.716003	-29.810400	144.957993	0.000000	0.000000	0.000000	0.000000	0.000000	0.000000	-57.543301	-43.885399	29.180500	-121.890999	-26.600000	-153.311005	0.000000	-0.000001	0.000001	-0.214412	-1.045340	-0.003911	0.000000	-0.000000	0.000000
-0.723040	-0.819546	-9.226673	-2.991170	12.374200	0.641543	5.125480	-10.790900	0.412820	0.000000	0.000000	0.000000	2.351130	11.634900	-0.474430	3.496440	-8.399380	0.849955	-0.000000	-0.000000	0.000000	-0.000002	-0.000000	-0.000065	0.000000	0.000000	0.000000	55.734901	-31.632601	-14.178300	132.753006	-28.658400	144.860001	0.000000	0.000000	-0.000000	0.000000	0.000000	0.000000	-59.136902	-40.455700	26.835699	-122.464996	-26.104500	-154.416000	0.000001	0.000000	-0.000000	-0.378138	-1.193970	-0.007878	0.000000	-0.000000	0.000001
-0.793719	-1.118390	-9.246660	-2.810010	13.443000	0.653753	5.652860	-11.791100	0.597162	0.000000	-0.000000	-0.000001	2.823570	12.682100	-0.620375	3.038270	-9.421270	0.951414	-0.000000	-0.000000	0.000000	-0.000002	-0.000000	-0.000052	0.000000	0.000000	0.000000	57.763599	-30.724001	-12.346500	126.510002	-23.629601	142.832993	-0.000000	-0.000000	0.000000	0.000000	0.000000	0.000000	-60.319000	-37.573299	25.024000	-120.527000	-21.507500	-158.149002	-0.000001	-0.000001	0.000000	-0.367949	-1.299680	-0.008347	-0.000000	-0.000000	0.000000
-0.558845	-0.455438	-9.702770	-3.381050	13.376900	0.783076	5.827290	-13.060600	0.573925	-0.000000	0.000000	-0.000000	2.698800	12.013900	-0.562159	1.865230	-9.558100	0.749534	0.000000	0.000000	-0.000000	0.000000	-0.000000	0.000042	0.000000	0.000000	0.000000	61.080101	-24.522200	-7.005450	119.995003	-18.958799	140.557007	-0.000000	-0.000000	0.000000	0.000000	0.000000	0.000000	-65.233002	-32.448700	20.064600	-116.188004	-15.163600	-164.190002	0.000000	0.000000	-0.000000	0.036940	-1.143690	0.000738	-0.000000	-0.000000	-0.000001
-0.416306	-0.154404	-9.850301	-3.618520	11.626700	0.730184	3.930700	-9.792980	0.065750	-0.000000	-0.000000	0.000001	2.963410	11.423900	-0.587464	-0.555059	-10.730100	0.437697	0.000000	0.000000	-0.000000	0.000000	0.000000	0.000030	0.000000	0.000000	0.000000	60.736099	-16.038401	-2.330770	114.183998	-17.076300	135.972000	0.000000	0.000001	-0.000001	0.000000	0.000000	0.000000	-65.264000	-26.617100	18.143101	-113.178001	-6.779990	-179.419006	0.000000	-0.000000	0.000000	-0.064849	-1.065520	-0.001206	-0.000000	-0.000000	0.000000
-0.239224	-0.030069	-10.788600	-3.768190	11.329900	0.741310	3.223320	-8.706800	-0.071346	0.000000	-0.000000	0.000001	2.509420	11.537000	-0.502199	-0.564247	-11.779200	0.386873	0.000000	0.000000	0.000000	0.000002	0.000000	0.000017	0.000000	0.000000	0.000000	57.958500	-6.910770	2.692180	105.362000	-16.135799	123.926003	0.000000	-0.000000	-0.000001	0.000000	0.000000	0.000000	-61.391399	-19.984200	17.518200	-108.102997	-0.297172	162.425003	-0.000000	0.000000	0.000000	0.037181	-1.034880	0.000673	0.000000	0.000000	-0.000001
0.053846	0.178791	-12.055505	-4.392440	11.344200	0.865635	3.904650	-9.533450	-0.066546	-0.000000	0.000000	-0.000000	2.443510	11.147800	-0.472707	-1.652710	-12.121500	0.156383	0.000000	-0.000000	0.000000	0.000002	0.000000	-0.000021	0.000000	0.000000	0.000000	53.426701	2.279190	9.177010	96.370903	-19.087500	104.348999	0.000000	-0.000001	0.000001	0.000000	0.000000	0.000000	-58.064201	-17.061701	17.658199	-99.338699	6.980380	126.584999	-0.000000	-0.000000	-0.000001	0.189966	-1.095740	0.003633	0.000000	0.000000	-0.000000
0.004410	1.330860	-13.262302	-4.168410	10.546500	0.764255	4.235070	-10.575000	0.025186	-0.000000	-0.000000	0.000000	2.487060	9.516120	-0.411432	-1.240940	-11.586600	0.243446	0.000000	-0.000000	0.000000	-0.000002	-0.000001	0.000017	0.000000	0.000000	0.000000	47.636002	9.953510	16.859900	81.845596	-24.521000	75.303802	0.000000	-0.000001	0.000000	0.000000	0.000000	0.000000	-51.344200	-12.790200	18.054600	-90.239799	11.402200	90.541100	0.000000	-0.000001	-0.000000	-0.068331	-0.658470	-0.000785	0.000000	-0.000000	0.000000
0.079936	1.708710	-13.840399	-4.381370	9.445810	0.720407	5.650410	-9.195000	0.212342	-0.000000	-0.000000	-0.000000	1.797840	7.691130	-0.240693	1.094110	-8.445720	0.422725	-0.000000	-0.000000	0.000000	0.000002	0.000001	0.000040	0.000000	0.000000	0.000000	43.628799	13.802900	22.139099	61.716499	-24.938601	45.231800	-0.000000	0.000000	-0.000000	0.000000	0.000000	0.000000	-47.221100	-9.408060	17.202101	-76.904099	13.891100	55.549400	-0.000000	0.000001	0.000000	-0.372129	-0.687604	-0.004467	0.000000	0.000000	0.000000
-0.246280	1.794710	-13.986500	-3.447750	9.556140	0.573044	4.422980	-9.675170	0.171971	0.000000	-0.000000	0.000000	2.352770	7.592200	-0.311026	0.914783	-8.771640	0.495666	0.000000	0.000000	0.000000	0.000000	0.000000	-0.000031	0.000000	0.000000	0.000000	39.974098	17.592699	27.880800	46.670399	-26.506201	31.775499	0.000000	0.000000	0.000002	0.000000	0.000000	0.000000	-43.031601	-5.781670	15.472000	-63.603600	13.008800	34.107399	-0.000001	0.000000	0.000001	-0.018951	-0.746327	-0.000246	0.000000	-0.000000	-0.000000
-0.106798	1.660260	-14.332500	-3.354140	9.818680	0.572615	4.095020	-9.648510	0.132429	-0.000000	-0.000000	0.000000	2.910510	7.692650	-0.389932	-0.694841	-7.913880	0.301603	-0.000000	-0.000000	0.000000	-0.000002	-0.000000	-0.000027	0.000000	0.000000	0.000000	35.513401	20.540400	34.187500	35.113602	-27.278000	23.639299	-0.000000	-0.000000	0.000001	0.000000	0.000000	0.000000	-41.762001	-4.575430	14.660500	-55.196301	13.749300	27.334499	0.000000	-0.000000	-0.000001	-0.088431	-0.502853	-0.000776	-0.000000	0.000000	-0.000001
-0.226080	1.269410	-14.443611	-3.981270	10.802500	0.747339	5.753720	-11.284200	0.360780	-0.000000	-0.000000	-0.000000	2.107520	8.275910	-0.303496	1.737690	-7.796110	0.519380	0.000000	-0.000000	0.000000	-0.000000	0.000000	0.000066	0.000000	0.000000	0.000000	32.088402	22.269800	39.045399	32.385700	-28.894600	22.474199	0.000000	-0.000000	0.000001	0.000000	0.000000	0.000000	-39.223701	-3.255520	14.057700	-56.244301	12.193300	26.442400	0.000000	0.000001	-0.000001	-0.208883	-0.492774	-0.001796	-0.000000	-0.000000	0.000001
-0.324749	1.653490	-13.872604	-3.556030	10.366300	0.640662	5.933440	-11.126000	0.470260	0.000000	0.000000	-0.000000	2.252780	8.133980	-0.318907	2.031220	-8.348970	0.619878	0.000000	-0.000000	-0.000000	0.000002	0.000001	-0.000051	0.000000	0.000000	0.000000	31.870300	21.710400	38.738701	36.831299	-29.679399	25.912100	0.000000	0.000000	0.000000	0.000000	0.000000	0.000000	-39.792599	-3.491240	14.132300	-57.057899	13.440500	28.438601	-0.000000	-0.000000	0.000000	-0.498394	-0.325833	-0.002834	0.000000	0.000000	-0.000002
-0.198782	1.814650	-13.227201	-2.954500	10.559700	0.541903	4.199630	-13.174600	0.295257	-0.000000	0.000000	0.000000	1.414330	6.820170	-0.167994	4.531450	-5.581700	0.579399	0.000000	0.000000	-0.000000	0.000000	0.000000	0.000034	0.000000	0.000000	0.000000	32.875099	21.937000	37.865002	43.256199	-32.425900	32.441200	-0.000000	-0.000000	0.000002	0.000000	0.000000	0.000000	-41.707600	-3.249940	13.203700	-61.754501	11.405800	30.039499	-0.000000	0.000001	-0.000001	-0.691301	-0.166502	-0.002011	-0.000000	-0.000000	-0.000001
-0.516833	1.810690	-12.044699	-2.718580	9.481370	0.448145	3.802130	-10.252400	0.199500	0.000000	0.000000	-0.000000	2.601090	6.812500	-0.308755	1.888540	-6.085430	0.474957	-0.000000	-0.000000	0.000000	-0.000002	-0.000000	0.000005	0.000000	0.000000	0.000000	35.286201	20.197500	33.933300	53.491699	-33.215401	42.406898	-0.000000	-0.000000	-0.000000	0.000000	0.000000	0.000000	-45.567501	-4.406180	13.208800	-65.344002	13.566000	36.651299	-0.000000	-0.000001	0.000001	-0.556244	-0.223282	-0.002171	-0.000000	0.000000	0.000001
-0.432430	2.106014	-11.517400	-2.250030	9.096660	0.355905	1.847120	-10.803200	-0.070208	-0.000000	0.000000	-0.000000	2.981180	6.272930	-0.326032	0.217970	-5.937880	0.329442	-0.000000	-0.000000	-0.000000	-0.000002	-0.000000	0.000042	0.000000	0.000000	0.000000	40.987900	16.677500	26.240801	63.753700	-25.253799	48.274601	0.000000	-0.000001	0.000000	0.000000	0.000000	0.000000	-49.158298	-6.529260	13.999800	-74.684196	14.297200	51.462002	-0.000000	0.000002	-0.000001	-0.473373	0.107201	0.000886	-0.000000	-0.000000	-0.000001
-0.540015	1.130070	-11.402600	-2.659240	10.728700	0.495375	2.566640	-12.189500	-0.009722	-0.000000	0.000000	0.000000	3.362170	8.048680	-0.471288	-1.270240	-7.637420	0.273739	0.000000	0.000000	-0.000000	-0.000002	-0.000000	-0.000050	0.000000	0.000000	0.000000	45.768902	14.547400	21.459000	77.067902	-21.405399	65.474899	0.000000	-0.000000	0.000000	0.000000	0.000000	0.000000	-52.484699	-9.370930	15.100600	-83.995499	11.770000	70.558296	-0.000000	0.000001	0.000000	-0.368261	-0.423111	-0.002719	-0.000000	0.000000	-0.000000
-0.582110	1.398380	-11.903100	-2.369010	10.077400	0.414746	2.436160	-11.772800	0.021168	-0.000000	0.000000	0.000000	3.385650	7.247640	-0.427622	-0.927140	-6.628880	0.280849	0.000000	-0.000000	0.000000	0.000000	-0.000000	-0.000083	0.000000	0.000000	0.000000	51.569801	10.142800	15.455700	88.788696	-14.887900	88.600899	-0.000000	-0.000002	-0.000000	0.000000	0.000000	0.000000	-57.714802	-15.035700	16.708200	-92.590202	11.722800	98.705902	0.000000	0.000000	0.000000	-0.275257	-0.514500	-0.002472	-0.000000	0.000000	0.000001
-0.769032	-0.487172	-11.743900	-2.212140	12.029600	0.461260	1.231750	-10.932500	-0.176723	0.000000	0.000000	-0.000000	3.683750	9.324570	-0.597674	-1.933510	-7.146250	0.211737	-0.000000	-0.000000	0.000000	0.000002	0.000000	0.000039	0.000000	0.000000	0.000000	58.871601	4.429420	9.687770	101.172997	-11.625400	123.178001	-0.000000	-0.000000	0.000001	0.000000	0.000000	0.000000	-64.958298	-23.642300	17.333700	-99.066399	10.127800	122.074997	-0.000000	0.000000	0.000000	-0.262511	-1.240430	-0.005682	0.000000	-0.000000	0.000001
-1.056530	-0.820042	-10.414503	-1.715790	12.794900	0.380080	1.234990	-11.229300	-0.085324	0.000000	0.000000	0.000000	4.220280	10.481200	-0.769076	-2.200810	-8.027870	0.272284	-0.000000	-0.000000	0.000001	0.000000	0.000000	0.000065	0.000000	0.000000	0.000000	66.521103	-6.256740	3.784300	111.957001	-7.514150	148.160995	0.000000	-0.000000	0.000000	0.000000	0.000000	0.000000	-69.551201	-28.127199	16.322500	-106.207001	3.379590	152.173996	0.000000	-0.000000	-0.000002	-0.158256	-1.488060	-0.004108	0.000000	-0.000000	-0.000001
-1.018570	-0.716589	-10.494107	-1.922220	11.605000	0.386815	2.259970	-9.366810	0.061374	0.000000	-0.000000	0.000000	3.418550	10.208200	-0.606555	0.115790	-8.187120	0.496199	-0.000000	-0.000000	0.000000	-0.000000	0.000000	0.000003	0.000000	0.000000	0.000000	69.943604	-14.027600	1.056910	121.791000	-8.163880	156.238007	-0.000000	-0.000000	-0.000000	0.000000	0.000000	0.000000	-70.872398	-35.177200	17.286200	-113.110001	-3.659890	174.395996	0.000001	0.000000	-0.000002	0.216201	-1.355190	0.005114	0.000000	0.000000	0.000001
-0.902484	-0.783345	-9.923851	-3.075770	11.960300	0.637986	3.371970	-8.800520	0.055547	-0.000000	0.000000	-0.000000	4.299000	11.688200	-0.872497	-3.395930	-10.390300	0.146781	0.000000	0.000000	0.000000	-0.000002	-0.000000	0.000090	0.000000	0.000000	0.000000	71.599899	-19.136801	-0.354165	128.737000	-14.302000	153.936005	-0.000000	-0.000000	-0.000000	0.000000	0.000000	0.000000	-72.399200	-39.353100	17.070999	-117.668999	-13.338700	-168.179001	-0.000000	0.000000	0.000000	0.122872	-1.183300	0.002536	-0.000000	-0.000000	0.000001
-0.977446	-0.546285	-9.487020	-3.213070	11.772900	0.656227	4.621950	-9.476900	0.243170	-0.000000	0.000000	0.000000	3.819280	11.729700	-0.777551	-2.061510	-10.835400	0.315519	0.000000	0.000000	-0.000001	0.000000	0.000000	0.000032	0.000000	0.000000	0.000000	69.893402	-22.276100	-2.109610	132.106003	-18.994801	151.960999	-0.000000	0.000000	-0.000000	0.000000	0.000000	0.000000	-74.492996	-42.018902	16.020100	-119.277000	-19.349400	-160.179993	0.000001	0.000000	-0.000001	0.560934	-2.708440	0.026510	0.000000	0.000000	0.000000
-1.318199	0.451322	-9.098510	-2.109880	10.665800	0.390663	4.169560	-11.151700	0.405590	0.000000	-0.000000	-0.000000	4.092270	9.744890	-0.693816	-0.428302	-9.315630	0.584280	-0.000000	-0.000000	-0.000000	-0.000002	-0.000000	-0.000003	0.000000	0.000000	0.000000	72.203102	-27.920200	-3.102960	128.559998	-22.738800	145.710999	-0.000000	-0.000000	-0.000000	0.000000	0.000000	0.000000	-75.430496	-41.426601	15.264700	-121.003998	-19.972700	-160.684006	-0.000000	0.000001	0.000000	1.869060	-4.957170	0.161567	-0.000000	-0.000000	-0.000000
-1.188569	-1.138430	-8.789159	-2.286350	12.763400	0.505364	3.835670	-12.105000	0.336841	-0.000000	-0.000000	0.000000	3.295350	11.443000	-0.654476	0.940704	-8.894510	0.645939	0.000000	0.000000	-0.000001	-0.000000	-0.000000	-0.000076	0.000000	0.000000	0.000000	72.182899	-27.604900	-3.018190	126.332001	-25.641899	141.266006	-0.000000	-0.000000	0.000000	0.000000	0.000000	0.000000	-73.899101	-40.088402	16.109501	-119.362000	-19.721701	-159.772995	-0.000000	-0.000000	0.000000	0.831867	-2.860250	0.041513	-0.000000	-0.000000	-0.000000
-0.646771	-1.183840	-9.497448	-3.227010	11.974600	0.670202	3.551040	-9.863130	0.067553	-0.000000	-0.000000	0.000001	3.609040	12.343100	-0.772467	-2.490680	-11.749100	0.210748	-0.000000	0.000000	0.000001	-0.000000	0.000000	-0.000060	0.000000	0.000000	0.000000	72.388397	-24.203100	-1.810580	121.143997	-22.753401	138.350998	-0.000001	-0.000000	-0.000000	0.000000	0.000000	0.000000	-76.934799	-38.696999	13.947200	-115.232002	-14.348900	-165.046005	0.000001	-0.000000	0.000000	0.441030	-2.103270	0.016188	0.000000	-0.000000	0.000001
-0.480258	-1.011150	-10.029300	-3.102330	12.975800	0.697237	2.513550	-11.443300	-0.101081	0.000000	0.000000	-0.000001	2.574530	12.061900	-0.538347	-0.414423	-10.658900	0.389190	-0.000000	-0.000000	-0.000000	0.000002	0.000000	-0.000100	0.000000	0.000000	0.000000	71.751297	-16.483400	0.628199	114.516998	-19.694201	133.697006	-0.000000	0.000000	-0.000000	0.000000	0.000000	0.000000	-77.000900	-31.830500	13.001100	-110.999001	-5.175120	177.056000	-0.000000	0.000000	0.000000	0.037111	-1.410110	0.000913	0.000000	0.000000	0.000001
-0.629371	-1.008989	-10.392103	-3.358460	13.279300	0.772264	3.919530	-12.144900	0.136966	0.000000	0.000000	-0.000001	2.694220	11.523800	-0.538626	-0.482186	-9.133530	0.342665	-0.000000	0.000000	0.000000	0.000000	0.000000	-0.000038	0.000000	0.000000	0.000000	70.438202	-10.407900	2.544550	104.897003	-13.371300	126.153999	0.000000	-0.000000	-0.000001	0.000000	0.000000	0.000000	-71.231102	-23.294500	14.149700	-107.667999	4.007250	151.514008	0.000000	0.000000	0.000000	-0.008704	-1.237290	-0.000187	0.000000	-0.000000	-0.000000
-0.822536	0.413325	-10.981700	-2.581830	11.606600	0.519773	2.745470	-11.133300	0.041805	0.000000	0.000000	-0.000000	2.932660	9.937390	-0.506527	0.098742	-8.753690	0.455045	0.000000	0.000000	-0.000001	0.000002	0.000000	-0.000077	0.000000	0.000000	0.000000	63.938801	-1.198480	6.134620	94.029099	-8.169940	104.667999	-0.000000	-0.000001	-0.000000	0.000000	0.000000	0.000000	-64.349998	-13.859800	13.570100	-98.745201	12.036800	115.875000	0.000000	0.000001	0.000000	-0.278299	-0.453771	-0.002204	-0.000000	-0.000000	0.000001
-0.633224	0.778313	-11.823800	-2.997870	9.718860	0.506529	3.987250	-8.563300	0.153753	0.000000	-0.000000	-0.000000	2.561450	8.608240	-0.383644	1.153850	-7.789130	0.500293	0.000000	-0.000000	-0.000000	0.000002	0.000000	-0.000055	0.000000	0.000000	0.000000	55.766998	7.739940	12.452800	78.728798	-9.585630	54.578300	-0.000000	-0.000000	0.000001	0.000000	0.000000	0.000000	-55.625000	-6.552960	12.179400	-88.682503	13.433700	84.158203	0.000000	-0.000000	0.000000	0.012901	-0.573236	0.000130	-0.000000	0.000000	-0.000001
-0.269683	1.191410	-12.407809	-3.285760	9.639780	0.550793	3.464940	-9.889480	0.038757	-0.000000	0.000000	-0.000000	2.064370	7.521450	-0.270341	1.460470	-7.069990	0.432194	0.000000	-0.000000	0.000000	0.000000	-0.000000	-0.000047	0.000000	0.000000	0.000000	48.169800	14.295800	20.020000	63.925701	-16.301201	39.455898	-0.000001	-0.000000	-0.000001	0.000000	0.000000	0.000000	-51.345299	-2.169070	9.860010	-77.754700	12.191500	53.606300	0.000001	0.000000	-0.000000	0.115319	-0.343737	0.000692	-0.000000	0.000000	-0.000001
-0.120674	0.650138	-12.722603	-4.275100	9.963300	0.740995	4.518500	-8.427540	0.045143	-0.000000	0.000000	0.000000	2.500810	8.203820	-0.357082	-1.041650	-7.190140	0.179469	0.000000	-0.000000	-0.000000	-0.000002	-0.000000	0.000044	0.000000	0.000000	0.000000	41.377201	19.607100	28.445601	52.992298	-24.566700	35.915699	0.000000	-0.000000	0.000001	0.000000	0.000000	0.000000	-46.366600	2.026860	6.721980	-72.186996	7.004570	34.257702	0.000001	-0.000000	-0.000000	0.026299	-0.673835	0.000310	-0.000000	0.000000	-0.000002
0.087018	0.531667	-12.476500	-4.013160	10.198600	0.711694	3.117630	-8.476160	-0.122639	0.000000	-0.000000	0.000000	2.046400	8.961340	-0.318903	-0.730693	-9.080530	0.203745	-0.000000	-0.000000	-0.000000	-0.000002	-0.000000	-0.000044	0.000000	0.000000	0.000000	37.389099	20.803101	32.611099	48.004700	-26.202700	32.574200	-0.000000	-0.000000	-0.000001	0.000000	0.000000	0.000000	-43.780102	3.348340	5.509240	-68.934998	6.113680	28.462900	0.000000	0.000000	-0.000000	0.054660	-0.800204	0.000764	0.000000	-0.000000	0.000000
-0.122180	0.827725	-12.043200	-4.184180	10.034500	0.730311	4.639580	-9.228710	0.083327	-0.000000	0.000000	0.000000	1.779300	8.534340	-0.264140	0.947006	-7.938140	0.374069	-0.000000	-0.000000	0.000000	-0.000000	0.000000	-0.000104	0.000000	0.000000	0.000000	36.294800	20.789200	33.533901	47.719398	-27.419001	33.159599	0.000000	-0.000000	-0.000001	0.000000	0.000000	0.000000	-42.170300	4.103650	4.722100	-68.636902	4.631200	25.332300	-0.000000	-0.000000	0.000001	-0.164777	-0.617535	-0.001776	0.000000	-0.000000	0.000000
-0.032534	1.842080	-12.060597	-4.158990	8.531120	0.618028	5.941130	-9.216930	0.292935	0.000000	-0.000000	0.000000	1.838160	6.894690	-0.220740	1.996450	-6.565330	0.437556	-0.000000	0.000000	-0.000000	-0.000000	0.000000	0.000081	0.000000	0.000000	0.000000	35.869499	20.771000	33.925098	52.789200	-30.874100	40.273800	0.000000	0.000000	-0.000000	0.000000	0.000000	0.000000	-45.006699	0.772793	8.154340	-67.477997	10.262700	33.927601	0.000000	-0.000002	-0.000000	-0.289132	0.168251	0.000847	0.000000	0.000000	0.000001
-0.255490	1.884690	-12.034305	-3.555770	8.006720	0.495899	5.871980	-8.716550	0.356474	0.000000	0.000000	-0.000000	2.352210	6.089740	-0.249679	2.068130	-5.330070	0.410192	-0.000000	-0.000000	-0.000000	-0.000000	0.000000	0.000051	0.000000	0.000000	0.000000	39.515099	19.166599	29.500000	59.033100	-27.847200	44.780701	0.000000	-0.000000	-0.000000	0.000000	0.000000	0.000000	-48.856800	-3.189140	11.238600	-69.752998	15.412900	44.388500	-0.000000	-0.000000	-0.000000	-0.312212	0.184456	0.001005	0.000000	0.000000	-0.000001
-0.362300	0.506761	-11.550901	-3.817970	9.697420	0.644039	5.687970	-9.039180	0.302496	-0.000000	-0.000000	0.000000	3.078930	7.838190	-0.420293	-0.893853	-6.076070	0.228350	0.000000	0.000000	-0.000000	0.000000	-0.000000	-0.000033	0.000000	0.000000	0.000000	44.292599	16.179399	23.642799	67.596603	-24.270901	52.467800	0.000001	-0.000001	0.000001	0.000000	0.000000	0.000000	-53.032001	-5.800280	12.332900	-74.138298	15.104300	51.434502	-0.000000	-0.000001	-0.000000	-0.250709	-0.359017	-0.001571	-0.000000	0.000000	0.000001
-0.531697	0.356061	-11.486902	-2.928990	10.384300	0.528389	2.921550	-9.737700	0.006869	0.000000	0.000000	-0.000000	2.566200	7.645750	-0.341658	0.338314	-5.059090	0.254333	0.000000	-0.000000	0.000000	-0.000002	-0.000000	-0.000076	0.000000	0.000000	0.000000	50.059101	11.697200	17.175200	78.264900	-18.870001	65.333801	0.000000	-0.000001	0.000000	0.000000	0.000000	0.000000	-55.466499	-8.662340	13.651200	-82.476898	12.274100	66.590401	-0.000000	0.000000	0.000000	-0.130598	-0.572155	-0.001302	-0.000000	-0.000000	-0.000000
-0.448735	0.419791	-11.922701	-2.617960	10.094600	0.459161	2.502400	-9.732480	-0.012674	-0.000000	0.000000	0.000000	2.045170	8.178180	-0.291055	1.841050	-7.526730	0.507085	-0.000000	0.000000	0.000000	0.000002	0.000000	0.000030	0.000000	0.000000	0.000000	56.255901	7.323560	12.076300	88.543098	-16.083500	87.158401	0.000000	-0.000000	0.000000	0.000000	0.000000	0.000000	-60.107601	-15.064100	15.767300	-90.170502	11.665800	90.937302	-0.000000	0.000001	0.000000	-0.159986	-0.487242	-0.001360	0.000000	0.000000	-0.000000
-0.178590	-0.094709	-11.841900	-2.906910	9.936120	0.502004	0.766901	-8.444960	-0.308003	-0.000000	0.000000	0.000000	1.968800	7.759060	-0.265907	0.616657	-6.311710	0.282447	0.000000	0.000000	-0.000000	0.000000	0.000000	0.000006	0.000000	0.000000	0.000000	64.715202	0.659640	7.005530	95.475998	-14.751000	104.385002	0.000000	0.000000	0.000000	0.000000	0.000000	0.000000	-65.767303	-21.279200	16.079599	-97.902397	7.209270	122.804001	0.000000	0.000000	-0.000000	-0.280080	-0.639112	-0.003125	0.000000	0.000000	0.000000
-0.090864	-0.619462	-10.471302	-3.282270	10.446900	0.595783	1.338770	-7.736240	-0.254375	0.000000	-0.000000	0.000000	2.328160	9.709720	-0.392873	-0.671898	-9.086010	0.256353	-0.000000	-0.000000	-0.000000	-0.000000	0.000000	0.000045	0.000000	0.000000	0.000000	68.958702	-8.136090	3.256380	105.334999	-16.451300	123.540001	-0.000000	0.000000	0.000000	0.000000	0.000000	0.000000	-71.437798	-26.807199	15.002700	-103.643997	1.356430	153.457993	-0.000000	0.000000	-0.000001	-0.162305	-0.829153	-0.002350	0.000000	0.000000	0.000002
-0.106469	-0.482135	-10.630803	-3.693120	10.080000	0.647245	3.470910	-8.167260	-0.023454	-0.000000	-0.000000	0.000001	2.939950	9.841980	-0.502964	-2.312900	-9.944670	0.100820	0.000000	-0.000000	-0.000001	-0.000002	-0.000000	-0.000007	0.000000	0.000000	0.000000	72.034103	-13.679900	1.700730	114.050003	-19.696800	133.279999	0.000000	0.000000	-0.000001	0.000000	0.000000	0.000000	-75.767799	-33.156601	13.962900	-109.547997	-7.200150	-177.750000	0.000000	-0.000000	-0.000000	-0.078397	-1.019900	-0.001395	-0.000000	-0.000000	0.000000
-0.551697	-0.642449	-10.288800	-2.902030	9.692340	0.488980	2.208390	-6.840020	-0.077672	-0.000000	0.000000	-0.000001	3.619160	10.157400	-0.639077	-2.925310	-10.737300	0.118695	-0.000000	0.000000	0.000000	-0.000000	-0.000000	0.000021	0.000000	0.000000	0.000000	74.399300	-20.389799	0.188074	120.309998	-24.266100	136.294006	-0.000001	0.000000	-0.000001	0.000000	0.000000	0.000000	-75.013496	-39.806301	15.436200	-113.481003	-14.380300	-163.673004	-0.000000	0.000000	-0.000000	-0.091114	-1.044730	-0.001660	-0.000000	-0.000000	0.000001
-0.617821	-0.643538	-9.836637	-2.279250	10.199800	0.403816	1.016250	-8.089160	-0.172673	0.000000	-0.000000	-0.000000	2.671140	10.174700	-0.472192	0.255103	-10.211400	0.511738	-0.000000	0.000000	0.000001	0.000000	-0.000000	0.000067	0.000000	0.000000	0.000000	73.182503	-27.583799	-2.568190	123.599998	-27.587900	136.863007	-0.000001	-0.000000	-0.000000	0.000000	0.000000	0.000000	-73.558601	-42.459900	16.792900	-117.529999	-21.603800	-155.587997	-0.000000	0.000001	-0.000000	-0.127304	-0.930549	-0.002068	-0.000000	-0.000000	-0.000000
-0.700319	-0.572116	-9.565172	-2.912950	10.696400	0.541101	3.266520	-9.855380	0.069195	0.000000	-0.000000	0.000000	4.333400	10.355600	-0.780409	-3.994640	-10.910900	0.050744	-0.000000	0.000000	-0.000000	-0.000000	-0.000000	0.000058	0.000000	0.000000	0.000000	71.372498	-31.673700	-4.859720	124.146004	-29.540400	135.822006	0.000001	0.000000	0.000000	0.000000	0.000000	0.000000	-70.472000	-42.399101	18.968300	-121.023003	-23.911400	-155.820999	0.000001	-0.000000	-0.000001	-0.106739	-0.828272	-0.001543	0.000000	0.000000	0.000001
-0.966440	-0.679132	-9.378529	-2.117320	10.684500	0.392719	2.865610	-9.422500	0.128531	0.000000	-0.000000	-0.000000	3.198550	10.097400	-0.561345	0.768350	-9.599690	0.654259	0.000000	-0.000000	-0.000001	0.000002	0.000000	0.000025	0.000000	0.000000	0.000000	70.213600	-30.312599	-4.987520	122.723000	-29.053301	134.632004	-0.000001	-0.000000	0.000000	0.000000	0.000000	0.000000	-71.190002	-43.029400	18.549999	-117.773003	-19.792500	-158.285995	-0.000000	-0.000000	0.000000	-0.011619	-0.982694	-0.000200	-0.000000	-0.000000	0.000000
-0.682562	0.099502	-8.981382	-2.861310	8.805590	0.438368	4.214380	-6.737800	0.162746	-0.000000	0.000000	-0.000000	3.979150	8.956710	-0.620483	-1.592270	-8.778220	0.357044	-0.000000	0.000000	0.000000	0.000002	0.000000	0.000026	0.000000	0.000000	0.000000	70.248901	-25.303200	-3.054590	120.030998	-24.832600	135.130997	0.000000	-0.000000	0.000001	0.000000	0.000000	0.000000	-75.678001	-36.269699	14.416000	-114.625000	-13.504900	-166.175995	-0.000002	-0.000000	-0.000000	-0.179099	-0.750176	-0.002344	0.000000	-0.000000	-0.000000
-0.660219	0.841197	-9.428810	-2.009170	8.360060	0.292233	2.428630	-8.962260	0.068678	-0.000000	0.000000	-0.000000	2.922870	7.527120	-0.383212	1.051870	-7.938920	0.546352	0.000000	-0.000000	-0.000000	-0.000000	0.000000	0.000081	0.000000	0.000000	0.000000	70.322899	-18.945101	-0.622940	111.885002	-17.696400	131.828003	0.000000	0.000000	-0.000000	0.000000	0.000000	0.000000	-75.051003	-29.229799	13.618700	-109.834000	-2.546930	170.216995	0.000000	0.000000	0.000001	-0.114711	-0.498234	-0.000997	0.000000	-0.000000	0.000001
-0.547200	1.655850	-9.748430	-1.825870	7.708240	0.244979	1.665770	-9.649430	-0.024063	-0.000000	0.000000	-0.000000	3.400330	7.018710	-0.415984	-0.313232	-9.269280	0.493609	-0.000000	-0.000000	-0.000000	-0.000002	-0.000001	0.000002	0.000000	0.000000	0.000000	65.752800	-8.814360	2.626790	102.227997	-12.237100	122.175003	-0.000000	-0.000000	0.000000	0.000000	0.000000	0.000000	-70.116798	-19.595900	13.553200	-103.749001	6.761550	138.115997	0.000000	0.000000	0.000000	-0.228300	-0.109777	-0.000437	-0.000000	0.000000	-0.000001
-0.342812	2.195950	-10.480000	-2.366680	6.759060	0.278698	3.120150	-8.916690	0.119349	-0.000000	0.000000	0.000000	2.990740	5.446770	-0.284141	0.455213	-7.355000	0.439931	-0.000000	-0.000000	0.000000	-0.000000	0.000000	0.000022	0.000000	0.000000	0.000000	59.320801	0.651303	7.493590	88.251999	-8.246730	82.607300	0.000000	-0.000000	-0.000000	0.000000	0.000000	0.000000	-62.203800	-12.135000	13.497200	-95.531303	12.285300	106.263000	-0.000000	0.000000	0.000000	-0.247073	-0.039619	-0.000170	-0.000000	0.000000	0.000000
0.078514	1.777190	-11.051700	-3.241980	7.003420	0.395702	3.853580	-8.140980	0.090046	-0.000000	0.000000	0.000000	1.805050	5.793710	-0.182277	2.184590	-7.195180	0.499341	-0.000000	-0.000000	-0.000000	-0.000000	0.000000	-0.000041	0.000000	0.000000	0.000000	51.333000	10.272300	15.654100	72.113899	-15.336500	50.016499	-0.000001	0.000002	-0.000001	0.000000	0.000000	0.000000	-56.421200	-4.886920	10.897100	-83.216797	12.655300	67.701103	-0.000001	0.000001	0.000000	-0.176095	-0.051438	-0.000158	-0.000000	-0.000000	-0.000000
-0.043585	2.044260	-10.969303	-2.755230	6.414450	0.308044	1.874130	-6.610380	-0.099447	-0.000000	0.000000	-0.000000	2.400500	6.086000	-0.254655	0.219736	-8.323490	0.377612	0.000000	-0.000000	-0.000000	-0.000002	-0.000000	-0.000010	0.000000	0.000000	0.000000	45.910198	15.666000	22.287001	56.513599	-19.331100	34.856201	-0.000001	0.000001	-0.000002	0.000000	0.000000	0.000000	-51.370499	0.070259	8.048500	-70.998802	10.815900	39.349701	-0.000000	0.000000	0.000000	-0.012708	0.167338	0.000038	-0.000000	0.000000	0.000001
-0.369495	1.579049	-10.812700	-2.532040	8.372790	0.368931	1.715160	-9.596350	-0.131681	-0.000000	0.000000	-0.000000	2.383350	6.618010	-0.274838	0.875703	-7.355570	0.415651	0.000000	0.000000	-0.000000	0.000000	-0.000000	-0.000020	0.000000	0.000000	0.000000	42.684898	18.977699	26.930099	45.078499	-19.730499	25.768000	0.000000	-0.000000	0.000000	0.000000	0.000000	0.000000	-47.624599	3.526810	5.237640	-63.418598	7.883710	25.978500	0.000000	0.000000	-0.000001	-0.169925	-0.105116	-0.000310	0.000000	0.000000	0.000000
-0.563771	1.423041	-10.389400	-2.350170	8.467560	0.346248	3.105190	-8.967100	0.121690	0.000000	0.000000	-0.000001	2.744190	7.104150	-0.339642	1.633450	-7.122720	0.541221	-0.000000	0.000000	-0.000001	0.000002	0.000001	-0.000009	0.000000	0.000000	0.000000	39.696701	20.340599	30.224199	37.815201	-21.560400	22.230900	-0.000000	-0.000000	0.000001	0.000000	0.000000	0.000000	-43.787998	5.388600	3.326310	-60.428200	6.799680	22.076401	0.000000	0.000000	-0.000001	-0.137508	-0.172141	-0.000414	0.000000	-0.000000	0.000001
-0.149037	1.860813	-9.452960	-2.995710	7.149240	0.373159	4.827300	-7.764510	0.250692	0.000000	0.000000	-0.000000	2.896380	6.071930	-0.306634	1.130690	-5.559750	0.389216	0.000000	-0.000000	0.000000	-0.000002	-0.000000	0.000034	0.000000	0.000000	0.000000	37.475700	20.159500	31.827400	33.876301	-23.639700	21.010000	0.000000	-0.000000	0.000000	0.000000	0.000000	0.000000	-41.497398	7.763040	0.450060	-60.655602	1.884160	14.819200	-0.000000	-0.000001	0.000001	-0.142520	-0.056269	-0.000141	0.000000	-0.000000	0.000001
-0.019063	1.254490	-9.132710	-3.524360	8.226950	0.504935	5.663930	-8.650560	0.327431	0.000000	0.000000	-0.000000	3.002000	7.259060	-0.379666	0.012958	-6.224660	0.324587	-0.000000	-0.000000	-0.000000	-0.000000	-0.000000	0.000098	0.000000	0.000000	0.000000	37.294998	20.019800	31.819700	33.842201	-24.755600	21.532499	-0.000000	0.000000	-0.000001	0.000000	0.000000	0.000000	-41.761002	7.736260	0.528237	-61.781300	1.284740	14.419600	0.000000	0.000000	0.000000	0.236568	-0.217558	0.000900	0.000000	0.000000	0.000000
-0.056054	0.736812	-9.254910	-3.393730	9.609410	0.567157	5.148500	-10.881800	0.340386	-0.000000	0.000000	-0.000000	2.239370	7.970940	-0.310697	1.807840	-6.220650	0.436916	0.000000	0.000000	0.000000	-0.000002	-0.000000	-0.000016	0.000000	0.000000	0.000000	38.702000	19.030899	29.823400	38.046600	-24.951900	24.347200	0.000000	-0.000000	0.000002	0.000000	0.000000	0.000000	-44.986698	5.037830	3.768140	-61.717800	5.025830	20.516300	-0.000001	-0.000000	0.000000	-0.057967	-0.449074	-0.000454	-0.000000	0.000000	-0.000001
-0.695229	0.881172	-9.589791	-2.396790	9.420750	0.392532	4.250790	-9.865080	0.323304	-0.000000	-0.000000	-0.000000	2.839170	8.216400	-0.406082	2.451700	-6.606150	0.607015	0.000000	0.000000	-0.000001	-0.000000	0.000000	-0.000021	0.000000	0.000000	0.000000	41.628399	17.542900	26.424801	47.180199	-24.716101	30.992901	0.000000	0.000000	0.000001	0.000000	0.000000	0.000000	-48.317902	1.309260	7.304220	-63.250900	9.898830	29.123199	-0.000000	0.000000	-0.000001	-0.489163	-0.459954	-0.003927	0.000000	0.000000	-0.000001
-0.552625	0.790636	-9.843182	-2.373890	8.482440	0.350358	3.227960	-7.412820	0.113554	0.000000	-0.000000	0.000000	3.313090	8.010250	-0.462189	0.267468	-7.484750	0.462782	0.000000	-0.000000	0.000000	0.000002	0.000001	-0.000011	0.000000	0.000000	0.000000	44.355301	15.715000	23.169701	59.283100	-25.266500	42.976101	0.000000	-0.000001	-0.000001	0.000000	0.000000	0.000000	-52.643902	-3.462080	10.663500	-69.448196	13.269400	41.490398	0.000000	-0.000001	0.000001	-0.165309	-0.545472	-0.001573	-0.000000	0.000000	-0.000000
-0.486626	0.262583	-10.669694	-2.726530	9.352150	0.443387	3.243670	-8.737550	0.084073	-0.000000	-0.000000	0.000000	2.684300	8.489190	-0.396553	0.643260	-7.990050	0.458946	0.000000	0.000000	-0.000000	-0.000000	0.000000	0.000085	0.000000	0.000000	0.000000	50.276501	12.762800	17.839800	72.002998	-20.964399	56.049301	-0.000000	0.000000	-0.000001	0.000000	0.000000	0.000000	-56.421600	-9.012150	13.578300	-78.940399	11.771700	57.413200	0.000000	-0.000000	0.000001	-0.283361	-0.682617	-0.003376	-0.000000	0.000000	-0.000000
-0.787887	-0.571179	-11.444304	-2.490830	11.596600	0.501004	2.121450	-10.373900	-0.057348	0.000000	-0.000000	-0.000000	2.270690	9.805360	-0.386904	2.010910	-8.339640	0.617305	-0.000000	-0.000000	-0.000000	0.000002	0.000000	-0.000046	0.000000	0.000000	0.000000	56.209202	9.274870	13.285900	85.972099	-20.257799	82.209602	-0.000000	-0.000001	-0.000000	0.000000	0.000000	0.000000	-60.479401	-15.250700	15.708000	-89.343399	8.112740	88.271896	0.000000	-0.000001	-0.000000	-0.433256	-1.055090	-0.007977	0.000000	-0.000000	0.000001
-1.257291	-0.701881	-11.002002	-1.834270	11.574100	0.368134	1.883410	-9.842110	0.014782	-0.000000	-0.000000	-0.000000	3.062410	10.092600	-0.537158	1.216980	-8.545270	0.629954	-0.000000	-0.000000	0.000000	0.000000	0.000000	0.000099	0.000000	0.000000	0.000000	63.196301	2.339850	7.958400	99.663696	-18.682400	111.945000	0.000000	-0.000000	-0.000000	0.000000	0.000000	0.000000	-65.151398	-22.187901	16.693399	-100.124001	3.125310	139.852005	0.000000	0.000000	0.000000	-0.402021	-0.987342	-0.006928	0.000000	-0.000000	-0.000001
-1.280671	-0.653497	-10.583907	-1.862320	11.444700	0.369644	2.757010	-10.462900	0.169221	-0.000000	0.000000	-0.000000	3.718330	9.999190	-0.646515	-0.219408	-8.697760	0.521178	-0.000000	0.000000	-0.000000	0.000000	-0.000000	0.000026	0.000000	0.000000	0.000000	71.666397	-7.667340	3.739000	108.794998	-17.785200	128.227997	-0.000000	-0.000000	0.000002	0.000000	0.000000	0.000000	-70.865997	-29.907101	16.095400	-107.606003	-4.362140	174.414993	-0.000000	0.000000	-0.000000	-0.259888	-1.361620	-0.006174	0.000000	-0.000000	-0.000001
-1.076360	-1.014950	-9.960409	-1.914010	12.448300	0.412720	1.722920	-11.666300	-0.029533	0.000000	-0.000000	0.000000	3.083670	10.478900	-0.561371	0.764746	-8.771330	0.579836	-0.000000	-0.000000	0.000000	-0.000002	-0.000000	0.000015	0.000000	0.000000	0.000000	76.074699	-17.165501	1.664610	117.652000	-20.962099	136.453995	0.000000	0.000000	-0.000001	0.000000	0.000000	0.000000	-75.635902	-38.331402	14.794300	-112.894997	-13.208600	-165.531998	-0.000001	-0.000000	-0.000000	-0.067545	-1.378020	-0.001623	-0.000000	-0.000000	-0.000000
-0.971208	0.401284	-9.502950	-2.080990	10.044500	0.363104	2.087770	-10.106600	0.006793	0.000000	-0.000000	0.000000	3.498010	8.805910	-0.536157	-0.451467	-8.907060	0.465732	-0.000000	0.000000	0.000000	-0.000002	-0.000000	-0.000075	0.000000	0.000000	0.000000	78.906097	-24.668800	0.820674	124.958000	-24.419399	141.035995	-0.000001	0.000000	-0.000000	0.000000	0.000000	0.000000	-79.850601	-43.798100	12.470700	-116.663002	-19.186600	-158.248993	-0.000001	-0.000000	0.000000	0.476959	-3.619430	0.030111	-0.000000	0.000000	0.000000
-1.075830	0.978091	-8.520260	-1.643060	8.241720	0.235592	1.888860	-8.630920	0.039439	-0.000000	-0.000000	0.000000	3.465480	7.547350	-0.455724	0.097246	-8.392660	0.516259	-0.000000	0.000000	0.000001	0.000002	0.000000	0.000035	0.000000	0.000000	0.000000	77.938400	-32.318001	-1.375610	129.136993	-28.663099	141.645004	0.000002	-0.000000	0.000000	0.000000	0.000000	0.000000	-79.250900	-44.818298	12.899100	-121.346001	-23.655500	-156.442001	0.000000	0.000000	0.000000	1.280940	-5.374600	0.120005	-0.000000	0.000000	-0.000001
-1.157300	1.062280	-8.387850	-1.296830	7.699410	0.173767	0.982516	-7.979780	-0.042006	0.000000	0.000000	-0.000000	4.486970	7.561300	-0.591621	-2.210780	-8.671390	0.337454	-0.000000	0.000000	-0.000000	-0.000002	-0.000000	-0.000067	0.000000	0.000000	0.000000	78.426102	-35.883301	-1.935000	126.031998	-29.828800	137.593994	0.000000	0.000000	0.000000	0.000000	0.000000	0.000000	-79.206596	-44.377102	12.890400	-121.251999	-23.123100	-156.990997	0.000000	0.000000	-0.000000	1.150400	-4.163980	0.083544	-0.000000	-0.000000	0.000000
-1.268049	0.459617	-7.839459	-1.530270	8.309680	0.221207	2.403770	-8.741790	0.135213	-0.000000	-0.000000	-0.000000	5.132240	8.369720	-0.749015	-3.708680	-9.804380	0.233125	-0.000000	-0.000000	-0.000001	0.000002	0.000000	0.000024	0.000000	0.000000	0.000000	79.060204	-35.384602	-1.418400	121.968002	-29.382401	133.514999	0.000000	-0.000000	0.000000	0.000000	0.000000	0.000000	-79.034798	-41.177502	12.727500	-118.997002	-19.532400	-159.733994	0.000000	-0.000000	-0.000000	0.739634	-3.165370	0.040844	-0.000000	-0.000000	0.000000
-1.286222	-0.453161	-8.279919	-2.017320	10.301700	0.360899	3.137770	-9.703670	0.194370	0.000000	-0.000000	-0.000000	4.159010	10.057000	-0.727529	-1.578550	-9.788530	0.428099	0.000000	-0.000000	-0.000001	-0.000002	-0.000000	0.000052	0.000000	0.000000	0.000000	79.942299	-31.787001	-0.199119	117.088997	-26.106501	130.302994	-0.000001	0.000000	-0.000001	0.000000	0.000000	0.000000	-78.667198	-37.844398	12.694000	-115.010002	-13.584800	-166.261002	-0.000000	-0.000001	0.000000	0.244911	-1.960870	0.008382	-0.000000	0.000000	0.000000
-1.409609	-0.823196	-8.790786	-1.264940	10.826200	0.237626	1.381890	-8.865380	0.021497	-0.000000	-0.000000	-0.000000	3.619960	11.019500	-0.692825	0.702399	-10.649900	0.787862	0.000000	-0.000000	-0.000000	0.000000	0.000000	0.000069	0.000000	0.000000	0.000000	78.641899	-23.232800	1.055230	111.827003	-23.110500	126.194000	-0.000000	-0.000000	0.000001	0.000000	0.000000	0.000000	-76.626602	-29.504499	12.808700	-111.383003	-6.351680	179.699005	-0.000000	-0.000000	-0.000001	-0.044481	-1.269650	-0.000985	0.000000	-0.000000	0.000001
-1.412132	-0.806067	-9.703074	-1.035740	11.139600	0.200118	-0.137585	-8.994220	-0.180399	-0.000000	0.000000	-0.000001	4.075390	11.116200	-0.787016	-1.156050	-11.072200	0.546375	-0.000000	0.000000	-0.000000	0.000000	0.000000	-0.000010	0.000000	0.000000	0.000000	73.459999	-15.349200	1.507460	102.683998	-17.341101	116.242996	0.000000	-0.000000	-0.000001	0.000000	0.000000	0.000000	-74.177498	-23.803400	12.939500	-104.255997	2.462030	150.451004	-0.000000	0.000000	0.000000	-0.224632	-1.273010	-0.004990	-0.000000	-0.000000	-0.000000
-1.071060	-0.334928	-10.285100	-1.900640	10.672500	0.352110	1.509820	-8.487560	-0.052824	-0.000000	-0.000000	-0.000000	3.771160	10.367300	-0.679605	-0.909311	-9.847510	0.479282	-0.000000	0.000000	0.000000	-0.000000	-0.000000	-0.000039	0.000000	0.000000	0.000000	66.131104	-5.551040	4.117410	91.533699	-12.564200	92.318802	-0.000000	0.000001	0.000000	0.000000	0.000000	0.000000	-66.745697	-15.407800	13.395600	-95.920197	9.145880	111.738998	-0.000000	-0.000000	-0.000001	-0.157703	-0.977304	-0.002691	0.000000	0.000000	0.000001
-1.052450	-0.291716	-10.749200	-2.136650	10.630900	0.394343	3.617520	-9.339750	0.246342	-0.000000	-0.000000	-0.000000	2.470240	9.820490	-0.421587	3.790300	-8.508600	0.924500	-0.000000	0.000000	0.000000	-0.000000	0.000000	0.000061	0.000000	0.000000	0.000000	59.542000	2.672710	8.589280	76.012199	-10.181900	48.420898	0.000000	0.000000	-0.000000	0.000000	0.000000	0.000000	-58.892399	-8.491630	12.546900	-83.932297	13.924800	71.989197	-0.000001	0.000001	0.000000	-0.110997	-0.941393	-0.001821	0.000000	0.000000	-0.000001
-0.817048	-0.130227	-10.957901	-2.450330	10.859100	0.461895	4.256510	-10.564900	0.339330	0.000000	-0.000000	-0.000000	1.601620	9.140680	-0.254501	6.394010	-7.226540	1.009660	-0.000001	-0.000000	0.000001	0.000000	0.000000	-0.000031	0.000000	0.000000	0.000000	53.265701	9.289450	14.228400	57.406399	-11.891100	27.267799	0.000000	0.000000	-0.000001	0.000000	0.000000	0.000000	-56.525600	-2.927800	9.573190	-67.632103	15.203100	41.271099	-0.000000	-0.000000	0.000000	-0.158712	-0.920191	-0.002547	-0.000000	-0.000000	-0.000001
-0.270778	0.588129	-11.000901	-3.025860	9.895370	0.520459	4.346490	-9.554560	0.226733	0.000000	0.000000	-0.000000	1.495570	8.521990	-0.221679	5.202300	-7.005320	0.818529	-0.000000	0.000000	-0.000000	-0.000002	-0.000000	0.000017	0.000000	0.000000	0.000000	47.192902	13.946700	20.218399	43.650398	-12.649600	19.270201	0.000000	-0.000000	-0.000000	0.000000	0.000000	0.000000	-50.642200	1.578040	6.857200	-62.375198	10.517200	28.958099	-0.000000	-0.000001	-0.000002	0.025562	-0.420739	0.000187	-0.000000	-0.000000	0.000000
0.017812	1.158030	-10.798700	-3.947380	8.370000	0.575487	6.591020	-8.719280	0.407440	0.000000	-0.000000	-0.000000	1.554510	7.178850	-0.194314	4.605200	-6.223870	0.669018	0.000000	0.000000	-0.000000	-0.000000	0.000000	-0.000011	0.000000	0.000000	0.000000	42.130199	17.195700	25.864201	34.824600	-17.278900	18.087601	-0.000000	-0.000000	-0.000000	0.000000	0.000000	0.000000	-48.285301	3.305380	5.436230	-54.858101	11.202700	23.823500	0.000000	-0.000000	0.000001	0.156534	-0.263462	0.000722	0.000000	0.000000	-0.000000
0.060918	1.258800	-10.473299	-3.655730	8.353390	0.531801	5.848470	-9.217060	0.357623	0.000000	-0.000000	-0.000001	1.251950	6.898240	-0.150395	5.192990	-5.351410	0.602754	-0.000000	-0.000000	0.000000	-0.000002	-0.000001	-0.000018	0.000000	0.000000	0.000000	37.836102	19.398600	30.938200	30.712799	-21.345301	18.070700	-0.000000	-0.000000	-0.000000	0.000000	0.000000	0.000000	-48.159199	3.996070	4.795540	-50.451000	13.242200	22.995800	0.000000	0.000000	-0.000001	0.138944	-0.166281	0.000402	0.000000	0.000000	0.000001
-0.034369	1.491290	-10.273804	-3.722470	8.105560	0.525580	5.192450	-8.409100	0.220470	-0.000000	0.000000	0.000000	2.689970	7.516470	-0.352138	0.664897	-8.380470	0.486128	0.000000	0.000000	0.000000	0.000002	0.000000	-0.000046	0.000000	0.000000	0.000000	37.357399	20.035801	31.876101	30.260500	-21.538401	17.912901	0.000000	0.000000	-0.000001	0.000000	0.000000	0.000000	-47.629299	4.249150	4.561310	-51.592098	11.066000	21.598301	0.000000	0.000000	-0.000000	-0.199952	0.026810	0.000094	0.000000	-0.000000	0.000000
-0.299402	1.428700	-9.878024	-2.788380	7.833150	0.380312	2.912750	-7.408240	0.019400	-0.000000	-0.000000	0.000001	2.279500	7.526240	-0.298731	1.978890	-8.883020	0.655711	0.000000	0.000000	-0.000000	-0.000002	-0.000000	-0.000041	0.000000	0.000000	0.000000	39.541500	19.474899	29.605301	32.290100	-21.249001	18.921600	0.000000	0.000000	-0.000000	0.000000	0.000000	0.000000	-46.642502	4.231430	4.591960	-57.057201	7.588360	21.042500	0.000000	0.000000	0.000000	-0.311750	0.130745	0.000711	0.000000	0.000000	-0.000001
-0.662894	0.759743	-9.955926	-2.710640	8.525230	0.402128	3.016110	-6.966190	0.040686	-0.000000	0.000000	-0.000000	3.670950	8.394460	-0.536635	-1.301820	-9.266220	0.375346	0.000000	0.000000	-0.000000	0.000000	0.000000	0.000008	0.000000	0.000000	0.000000	42.640701	18.298500	26.367001	38.909500	-21.620899	23.034599	-0.000000	-0.000000	0.000001	0.000000	0.000000	0.000000	-48.730598	2.046580	6.600090	-58.514099	8.651210	23.542400	0.000001	-0.000001	-0.000002	-0.285542	-0.176573	-0.000882	0.000000	0.000000	-0.000001
-0.652906	-0.315387	-10.096918	-2.587690	9.985830	0.449009	2.612380	-7.186860	0.007998	0.000000	-0.000000	0.000000	3.013840	9.957750	-0.521631	-0.333356	-9.785990	0.448185	-0.000000	-0.000000	-0.000000	-0.000002	-0.000000	-0.000079	0.000000	0.000000	0.000000	46.255100	16.522499	22.663000	46.014599	-20.696301	27.153200	-0.000000	0.000000	0.000001	0.000000	0.000000	0.000000	-52.124802	-2.144230	9.751710	-63.146702	12.688300	33.092400	-0.000000	0.000000	-0.000000	-0.312980	-0.710427	-0.003882	-0.000000	0.000000	0.000001
-0.358505	0.260242	-10.344401	-2.966790	9.231580	0.476356	2.679440	-7.353750	-0.031851	-0.000000	0.000000	0.000000	3.433630	8.866660	-0.529870	-2.365340	-9.111140	0.162681	-0.000000	0.000000	0.000000	0.000000	-0.000000	-0.000027	0.000000	0.000000	0.000000	49.420898	14.968100	19.821899	57.219700	-21.704500	37.741798	0.000001	-0.000001	0.000001	0.000000	0.000000	0.000000	-55.856499	-6.359400	12.016900	-70.662003	13.705900	44.187500	-0.000000	0.000001	0.000001	-0.358281	-0.463093	-0.002895	-0.000000	0.000000	-0.000001
-0.476916	-0.258908	-11.096095	-2.606090	10.626000	0.480870	1.586790	-9.655970	-0.163478	-0.000000	-0.000000	-0.000000	2.932010	9.494610	-0.484067	-0.602354	-9.698930	0.385913	0.000000	-0.000000	-0.000001	0.000002	0.000001	-0.000064	0.000000	0.000000	0.000000	53.743500	12.233100	16.036501	68.944199	-19.399000	49.672501	0.000000	0.000000	0.000001	0.000000	0.000000	0.000000	-60.768200	-12.754700	14.322700	-77.917900	12.988500	57.362900	0.000001	-0.000002	-0.000002	-0.316949	-0.772118	-0.004272	-0.000000	-0.000000	-0.000000
-0.965926	-0.401810	-11.483400	-2.307170	10.690400	0.428205	2.360690	-9.443860	0.015358	-0.000000	0.000000	-0.000000	3.085840	9.565110	-0.513256	0.427507	-9.414010	0.568326	0.000000	0.000000	-0.000001	-0.000002	-0.000000	0.000084	0.000000	0.000000	0.000000	60.020302	7.984050	11.502100	79.690697	-17.248301	66.335503	-0.000000	-0.000000	0.000000	0.000000	0.000000	0.000000	-64.737701	-18.001400	15.248500	-87.014297	7.653610	79.409698	-0.000000	-0.000001	-0.000001	-0.330827	-0.697893	-0.004028	0.000000	0.000000	0.000000
-1.265801	-0.429821	-11.175804	-2.089160	10.711600	0.388462	2.876830	-9.360120	0.134043	0.000000	-0.000000	0.000000	3.524550	9.190970	-0.563661	0.380587	-8.380550	0.563399	0.000000	0.000000	0.000000	-0.000002	-0.000000	-0.000015	0.000000	0.000000	0.000000	66.231300	0.545553	6.867540	91.178802	-14.249600	92.729103	-0.000000	-0.000001	0.000000	0.000000	0.000000	0.000000	-69.890503	-24.872101	15.297500	-94.739700	4.699070	118.089996	-0.000000	-0.000000	-0.000000	-0.530569	-0.824903	-0.007638	0.000000	0.000000	-0.000000
-1.247590	-0.329723	-10.274800	-1.293460	10.256000	0.230331	1.912990	-9.275220	0.103193	-0.000000	0.000000	-0.000000	3.662570	9.510380	-0.605959	0.537318	-9.796970	0.707269	-0.000000	0.000000	0.000000	-0.000000	-0.000000	0.000074	0.000000	0.000000	0.000000	71.310097	-7.316990	3.851780	101.586998	-14.252500	118.472000	-0.000000	0.000000	0.000000	0.000000	0.000000	0.000000	-75.797096	-30.698799	13.531900	-99.859497	-1.906340	160.138000	0.000000	0.000000	-0.000000	-0.431183	-0.844683	-0.006357	0.000000	0.000000	0.000000
-1.434970	-0.806313	-9.769730	-1.394830	10.546200	0.255337	2.292450	-9.084490	0.145463	0.000000	-0.000000	-0.000000	4.380110	10.294400	-0.784237	-1.235950	-10.671300	0.569668	0.000000	-0.000000	0.000001	0.000000	0.000000	-0.000019	0.000000	0.000000	0.000000	77.393600	-15.743200	2.426630	108.567001	-17.683701	127.037003	0.000000	0.000000	-0.000001	0.000000	0.000000	0.000000	-80.884300	-35.591499	11.226400	-105.160004	-11.408500	-163.334000	-0.000000	0.000001	-0.000000	-0.149187	-1.134870	-0.002954	-0.000000	-0.000000	0.000000
-1.571612	-1.462100	-8.731998	-0.899526	11.807600	0.184074	1.127620	-10.782000	0.046236	0.000000	-0.000000	0.000000	4.927870	11.227500	-0.961773	-2.096630	-10.984300	0.521839	-0.000000	0.000000	0.000000	0.000000	-0.000000	-0.000023	0.000000	0.000000	0.000000	82.130501	-25.492901	2.026910	113.480003	-23.355101	128.244003	-0.000001	-0.000000	-0.000001	0.000000	0.000000	0.000000	-80.798897	-40.923100	11.606900	-110.098999	-19.237101	-151.320999	-0.000001	0.000000	-0.000000	0.153113	-1.494670	0.003994	-0.000000	-0.000000	0.000001
-1.845900	-0.068109	-8.051020	-0.846962	9.837540	0.144714	2.511660	-9.622830	0.280437	-0.000000	0.000000	-0.000000	5.203930	9.834880	-0.891263	-1.563040	-11.119200	0.688220	-0.000000	0.000000	-0.000000	-0.000003	-0.000000	-0.000037	0.000000	0.000000	0.000000	84.291298	-30.569300	2.291710	118.441002	-29.817699	129.395996	0.000002	0.000000	0.000001	0.000000	0.000000	0.000000	-82.789200	-42.729099	10.300300	-114.933998	-21.989700	-152.485992	0.000001	0.000000	-0.000000	1.552380	-2.866700	0.077658	-0.000000	-0.000000	0.000000
-1.859340	1.441590	-7.668990	-1.022140	7.104350	0.126425	3.248560	-8.239870	0.320372	0.000000	0.000000	-0.000000	4.916700	7.496480	-0.643013	-0.564941	-9.910780	0.743115	0.000000	-0.000000	-0.000000	0.000000	-0.000000	-0.000004	0.000000	0.000000	0.000000	82.337502	-34.438301	0.685826	120.610001	-32.034302	130.205002	0.000000	0.000001	-0.000000	0.000000	0.000000	0.000000	-82.220398	-42.693901	10.657100	-118.119003	-21.248501	-156.621002	-0.000000	0.000000	0.000000	2.276160	-3.581280	0.142254	-0.000000	-0.000000	-0.000000
