-0.764360	0.360148	-14.568206	-1.483910	13.048700	0.335112	3.424440	-18.025101	0.612540	-0.000000	-0.000000	0.000000	1.608020	12.080400	-0.336616	3.720550	-20.540600	1.861790	-0.000000	0.000000	-0.000000	-0.000000	0.000000	-0.000027	0.000000	0.000000	0.000000	33.129101	25.305201	40.124001	39.144798	-29.082199	26.968500	-0.000000	0.000000	0.000002	0.000000	0.000000	0.000000	-37.361401	-5.161390	16.681601	-72.171799	21.738400	55.057201	0.000001	0.000001	-0.000001	0.097371	-0.545295	0.000924	0.000000	0.000000	0.000000
-1.001510	-0.209052	-14.622699	-1.415910	13.072300	0.320283	3.816830	-16.799500	0.704909	0.000000	0.000000	-0.000000	1.851880	12.719400	-0.407905	3.617080	-21.210501	1.967300	-0.000000	0.000000	0.000000	0.000018	-0.000072	0.000035	0.000000	0.000000	0.000000	36.685902	24.346100	35.885502	47.682499	-28.137100	33.270100	0.000000	-0.000000	-0.000000	0.000000	0.000000	0.000000	-40.293098	-7.661050	18.236200	-76.355598	22.686501	62.939201	0.000000	0.000000	-0.000001	0.133627	-0.870031	0.002032	-0.000000	-0.000000	-0.000003
-1.165070	-0.426494	-14.166202	-0.938311	13.577500	0.220264	3.183970	-17.415899	0.680303	-0.000000	-0.000000	-0.000000	2.285790	13.061900	-0.516889	3.055610	-20.689400	1.870860	-0.000000	0.000000	-0.000000	0.000000	-0.000000	-0.000021	0.000000	0.000000	0.000000	40.564301	20.968399	29.837200	61.423801	-24.743401	44.483799	0.000000	-0.000000	-0.000000	0.000000	0.000000	0.000000	-45.353500	-11.276700	19.306101	-80.092499	23.882999	70.728500	-0.000001	-0.000000	0.000001	0.030067	-0.769125	0.000405	-0.000000	-0.000000	-0.000000
-1.504240	-0.603592	-14.095804	-0.306577	13.396300	0.071072	2.485740	-16.657000	0.627303	-0.000000	-0.000000	-0.000000	2.455710	13.388100	-0.568897	3.545950	-21.094700	2.142700	-0.000000	-0.000000	-0.000000	0.000000	-0.000000	0.000020	0.000000	0.000000	0.000000	46.813900	17.649401	22.916100	73.640800	-19.574600	57.085499	0.000000	-0.000001	0.000000	0.000000	0.000000	0.000000	-49.162102	-16.288099	21.349400	-89.338699	22.445900	89.344803	-0.000000	-0.000001	0.000000	-0.309520	-0.781180	-0.004219	-0.000000	-0.000000	0.000001
-1.795370	-0.687906	-14.270500	-0.270258	14.569300	0.067990	3.194010	-19.294001	0.969669	-0.000000	0.000000	0.000000	3.165490	13.953100	-0.764014	2.577480	-22.469299	2.165150	0.000000	-0.000000	-0.000000	0.000001	0.000000	0.000009	0.000000	0.000000	0.000000	54.509899	12.798600	15.725600	85.037697	-13.889800	77.071098	-0.000000	-0.000000	-0.000001	0.000000	0.000000	0.000000	-51.711601	-21.065201	23.110701	-96.510201	17.199699	107.920998	-0.000000	-0.000000	-0.000000	-0.370661	-0.737818	-0.004773	0.000000	-0.000000	-0.000000
-1.872640	-0.708240	-14.330000	-0.132848	14.817000	0.034014	3.316970	-20.071800	1.095300	-0.000000	0.000000	0.000000	2.863680	14.109700	-0.698613	3.590940	-22.981800	2.495080	0.000000	-0.000000	-0.000000	-0.000000	-0.000000	0.000047	0.000000	0.000000	0.000000	62.608299	6.316440	9.634550	93.884804	-9.639560	104.495003	0.000000	0.000001	0.000000	0.000000	0.000000	0.000000	-55.182499	-26.224100	23.863600	-103.809998	10.166600	133.813995	-0.000000	0.000000	0.000000	-0.380678	-0.724612	-0.004815	-0.000000	-0.000000	0.000001
-1.978290	-0.915879	-14.194600	0.117301	14.274400	-0.028917	3.118350	-18.472000	1.025010	0.000000	-0.000000	-0.000000	2.753810	14.044300	-0.668756	4.340330	-22.323900	2.674780	-0.000000	0.000000	-0.000000	-0.000000	-0.000000	0.000017	0.000000	0.000000	0.000000	68.090302	-0.480793	5.875240	104.695000	-11.038300	130.927994	-0.000000	0.000000	-0.000001	0.000000	0.000000	0.000000	-57.231800	-29.694700	24.174999	-110.116997	-0.284703	165.651001	-0.000000	-0.000000	0.000001	-0.306041	-0.787037	-0.004207	-0.000000	-0.000000	-0.000000
-2.305330	-1.229520	-14.164999	0.149860	15.322800	-0.039561	3.549170	-19.601700	1.240690	-0.000000	0.000000	-0.000000	3.600260	14.146400	-0.880955	2.910430	-21.274300	2.331060	0.000000	-0.000000	-0.000000	-0.000000	-0.000000	0.000000	0.000000	0.000000	0.000000	69.777199	-6.358890	3.538250	114.717003	-15.573700	139.742004	-0.000000	0.000000	0.000000	0.000000	0.000000	0.000000	-59.832500	-34.929001	24.510099	-113.663002	-10.926600	-169.923004	-0.000000	-0.000000	0.000000	0.029016	-0.970704	0.000492	0.000000	-0.000000	0.000001
-1.866250	-1.437560	-13.548003	-0.005280	15.630800	0.001429	2.842980	-20.000099	0.971316	0.000000	-0.000000	0.000000	3.497610	14.004500	-0.847403	1.916850	-20.556900	1.869360	-0.000000	0.000000	-0.000000	-0.000001	-0.000000	-0.000021	0.000000	0.000000	0.000000	66.946098	-11.023200	1.207510	125.989998	-22.001499	144.919006	-0.000001	0.000000	-0.000000	0.000000	0.000000	0.000000	-57.113400	-38.104301	27.646400	-117.973000	-19.655001	-158.005005	-0.000000	0.000000	-0.000000	0.203573	-1.032890	0.003669	0.000000	0.000000	-0.000001
-1.819880	-1.409960	-12.567000	-0.195279	14.752200	0.049733	3.179670	-18.820000	0.965609	-0.000000	0.000000	-0.000000	3.325790	14.107000	-0.811460	1.942660	-21.073799	1.862670	0.000000	0.000000	0.000000	-0.000001	-0.000000	0.000015	0.000000	0.000000	0.000000	64.185898	-14.733200	-1.147330	134.667007	-26.858500	148.574997	-0.000001	-0.000000	-0.000000	0.000000	0.000000	0.000000	-55.598701	-39.660000	29.338301	-122.367996	-26.165701	-153.828003	0.000000	0.000000	0.000000	0.159427	-1.087000	0.003026	-0.000000	0.000000	-0.000002
-1.997010	-1.055660	-12.628100	0.259627	14.051700	-0.063069	3.258430	-18.369101	1.107460	-0.000000	0.000000	0.000000	3.782440	14.080300	-0.921487	1.824480	-22.339600	2.093390	-0.000000	0.000000	-0.000000	-0.000000	-0.000000	-0.000043	0.000000	0.000000	0.000000	63.550201	-14.935400	-1.421460	137.850006	-29.837999	149.272995	-0.000000	0.000000	-0.000000	0.000000	0.000000	0.000000	-55.269798	-41.189899	30.157000	-122.932999	-28.002001	-152.423004	0.000000	-0.000000	-0.000000	-0.166555	-0.922621	-0.002683	0.000000	0.000000	0.000001
-1.953761	-1.074490	-11.413404	0.269699	14.150800	-0.066001	3.474400	-18.390600	1.180150	-0.000000	0.000000	0.000001	4.114960	13.811400	-0.984012	1.251970	-21.280001	1.909170	-0.000000	-0.000000	0.000000	-0.000001	-0.000000	-0.000040	0.000000	0.000000	0.000000	64.086899	-19.638901	-3.605590	134.759995	-30.413601	146.233994	-0.000001	0.000001	-0.000000	0.000000	0.000000	0.000000	-57.610802	-38.742500	27.355200	-123.123001	-26.412701	-154.255997	0.000001	0.000001	0.000000	-0.312622	-0.908334	-0.004956	-0.000000	-0.000000	-0.000000
-1.836420	-1.213300	-10.870700	-0.066922	13.799800	0.015967	3.641720	-17.639000	1.085090	0.000000	-0.000000	-0.000000	3.483350	13.981300	-0.842567	1.770820	-20.705400	1.825440	-0.000000	0.000000	-0.000001	0.000007	-0.000037	0.000003	0.000000	0.000000	0.000000	64.519203	-19.706200	-3.453780	130.179001	-28.916100	143.141998	0.000000	0.000001	0.000000	0.000000	0.000000	0.000000	-59.668201	-36.227402	24.892900	-120.276001	-19.993099	-159.490005	0.000000	0.000001	0.000000	0.094289	-1.075770	0.001769	0.000000	0.000000	-0.000001
-1.575300	-1.736500	-11.284300	-0.740048	15.021400	0.191785	3.967510	-18.881901	1.053650	-0.000000	0.000000	0.000001	2.659860	15.513200	-0.711914	2.547990	-22.499100	1.960200	0.000000	-0.000000	0.000000	-0.000001	-0.000000	-0.000010	0.000000	0.000000	0.000000	62.599701	-14.883200	-1.607860	125.182999	-25.818899	140.798996	-0.000000	0.000000	-0.000000	0.000000	0.000000	0.000000	-61.792900	-32.338902	22.057899	-117.669998	-13.452100	-167.570999	-0.000000	0.000000	-0.000000	0.512211	-1.117650	0.009990	-0.000000	-0.000000	-0.000000
-1.523740	-1.778470	-12.417600	-1.345480	15.102700	0.350630	4.786560	-18.129299	1.086410	-0.000000	0.000000	0.000000	2.561180	15.488500	-0.684367	2.421710	-22.322800	1.861130	-0.000000	0.000000	0.000000	-0.000001	-0.000000	-0.000014	0.000000	0.000000	0.000000	64.765404	-8.905010	1.887930	115.281998	-20.942499	134.296005	0.000000	-0.000000	-0.000001	0.000000	0.000000	0.000000	-61.533501	-29.514700	21.226999	-113.254997	-1.839830	170.591003	-0.000000	0.000000	0.000001	0.234965	-1.253180	0.005138	-0.000000	-0.000000	0.000001
-1.575590	-1.978040	-13.146399	-1.075100	15.861900	0.293881	4.044770	-18.558901	0.959004	0.000000	0.000000	-0.000000	2.626040	15.442800	-0.699702	2.377040	-22.019600	1.844080	0.000000	-0.000000	-0.000000	0.000001	0.000000	-0.000020	0.000000	0.000000	0.000000	61.481998	-0.898188	5.909410	107.188004	-16.302000	128.149994	0.000000	-0.000000	-0.000002	0.000000	0.000000	0.000000	-60.036999	-23.587099	19.628700	-108.120003	6.759990	146.908005	-0.000000	0.000000	0.000001	0.181855	-1.324620	0.004203	-0.000000	-0.000000	0.000000
-1.621720	-1.780700	-13.297604	-0.865424	15.680500	0.233887	3.605510	-18.299000	0.871037	-0.000000	0.000000	-0.000000	2.643090	15.186200	-0.692863	2.539990	-21.461399	1.866810	-0.000000	-0.000000	-0.000000	0.000000	0.000000	-0.000087	0.000000	0.000000	0.000000	57.141998	6.026540	10.570800	96.657799	-13.535800	109.518997	-0.000000	-0.000000	-0.000001	0.000000	0.000000	0.000000	-55.441002	-15.540200	17.661900	-101.559998	12.304700	123.320999	0.000000	0.000000	-0.000000	0.196327	-1.298710	0.004448	0.000000	0.000000	0.000001
-1.342090	-1.103220	-13.634702	-1.080690	15.209200	0.283515	3.756810	-18.853800	0.877609	-0.000000	0.000000	0.000000	2.210420	13.975400	-0.534109	3.121730	-20.550200	1.853320	0.000000	0.000000	0.000000	-0.000000	-0.000000	0.000020	0.000000	0.000000	0.000000	49.399601	12.812500	17.879499	84.866699	-15.174300	77.329597	-0.000000	0.000000	-0.000000	0.000000	0.000000	0.000000	-50.453300	-9.846110	15.836000	-90.181396	15.956100	89.796799	-0.000000	0.000002	-0.000000	0.284253	-1.035050	0.005134	0.000000	0.000000	-0.000000
-1.415350	-1.104310	-14.346000	-1.025510	15.004200	0.265561	3.866780	-18.507900	0.913708	0.000000	-0.000000	0.000000	2.229920	13.890500	-0.535546	3.386700	-20.577801	1.956560	0.000000	0.000000	-0.000000	0.000000	-0.000000	0.000086	0.000000	0.000000	0.000000	45.686501	18.567101	24.289900	66.746803	-19.531900	46.173100	0.000000	0.000000	0.000000	0.000000	0.000000	0.000000	-46.780102	-7.229960	15.022200	-79.012604	17.716801	63.517502	-0.000000	-0.000000	0.000000	-0.128087	-0.954065	-0.002133	-0.000000	0.000000	0.000000
-1.201350	-0.910163	-14.574601	-1.031310	14.703500	0.261831	3.018970	-17.515400	0.608599	0.000000	-0.000000	-0.000000	2.034950	13.660500	-0.480744	3.259340	-20.586201	1.845810	0.000000	-0.000001	-0.000000	-0.000000	-0.000000	0.000068	0.000000	0.000000	0.000000	41.779598	21.561800	29.358999	51.781101	-21.653200	31.940901	0.000000	-0.000000	0.000001	0.000000	0.000000	0.000000	-43.037800	-5.175610	14.372100	-70.862297	16.637501	47.688202	0.000000	0.000001	0.000001	0.014680	-1.034270	0.000264	-0.000000	-0.000000	-0.000000
-0.998214	-0.844594	-14.180200	-1.155540	14.463600	0.288690	3.056110	-17.849899	0.594002	-0.000000	0.000000	0.000000	1.559710	13.894000	-0.374575	4.222620	-21.671301	2.124580	0.000000	-0.000000	0.000000	-0.000001	-0.000000	0.000075	0.000000	0.000000	0.000000	36.602100	23.267700	35.055500	44.287102	-25.108500	28.380199	-0.000000	-0.000000	-0.000001	0.000000	0.000000	0.000000	-37.668999	-2.860210	13.603600	-70.026901	14.124700	43.277199	-0.000001	0.000000	0.000001	0.217054	-1.174950	0.004450	-0.000000	0.000000	0.000002
-0.856784	-0.752054	-13.651001	-1.890380	14.219800	0.464524	4.245900	-17.687099	0.733637	-0.000000	0.000000	-0.000000	1.777240	13.998000	-0.430017	3.137930	-21.998501	1.825120	0.000000	-0.000000	0.000000	0.000001	0.000000	-0.000069	0.000000	0.000000	0.000000	35.214802	22.809999	35.937698	40.546200	-22.730600	24.067900	0.000000	-0.000000	-0.000001	0.000000	0.000000	0.000000	-35.459202	-1.719570	12.851800	-69.286499	12.661500	40.201302	-0.000000	-0.000000	-0.000001	0.206365	-1.089540	0.003922	0.000000	0.000000	-0.000001
-1.082000	-0.871126	-13.560298	-1.596630	14.318900	0.394942	4.381590	-17.834000	0.868753	0.000000	0.000000	-0.000000	2.335900	14.172800	-0.572265	2.514470	-22.139200	1.804670	-0.000000	0.000000	0.000000	0.000001	0.000000	-0.000049	0.000000	0.000000	0.000000	34.389198	24.121201	37.807301	42.865200	-27.913401	29.039101	-0.000000	-0.000000	0.000000	0.000000	0.000000	0.000000	-36.903801	-2.532420	13.453500	-68.348801	15.023800	42.118500	0.000000	-0.000000	-0.000000	-0.034632	-1.111560	-0.000672	-0.000000	-0.000000	-0.000001
-1.373060	-0.763521	-13.344700	-1.054770	14.514900	0.264392	4.365070	-18.593399	1.067310	-0.000000	0.000000	0.000000	2.665450	14.201500	-0.654362	2.824060	-22.487499	2.073710	0.000000	0.000000	-0.000000	-0.000008	0.000036	0.000000	0.000000	0.000000	0.000000	35.183998	24.407700	37.256199	50.988300	-30.925699	38.073399	0.000000	-0.000000	-0.000000	0.000000	0.000000	0.000000	-39.801300	-4.649520	15.005700	-68.857803	17.836000	46.303299	0.000001	0.000001	-0.000000	-0.182690	-0.944354	-0.003012	-0.000000	0.000000	-0.000001
-1.483320	-0.645629	-13.115499	-0.579480	14.481600	0.144920	4.094810	-19.325300	1.170740	0.000000	-0.000000	-0.000000	3.153570	13.990500	-0.763128	2.397050	-22.303600	2.076370	0.000000	0.000000	0.000000	-0.000008	0.000036	0.000027	0.000000	0.000000	0.000000	38.786400	23.330500	33.110901	58.688900	-28.454000	44.382599	-0.000000	0.000000	0.000001	0.000000	0.000000	0.000000	-41.649700	-6.258250	16.066799	-75.823097	17.417900	57.272301	-0.000000	-0.000001	-0.000000	-0.052892	-0.809603	-0.000745	-0.000000	0.000000	-0.000001
-1.722450	-0.661153	-12.683300	0.099843	13.969700	-0.024096	3.363470	-18.122000	1.077490	-0.000000	0.000000	0.000000	3.676930	13.800800	-0.878251	1.786890	-21.393900	1.959260	-0.000000	-0.000000	0.000000	0.000001	0.000000	0.000009	0.000000	0.000000	0.000000	42.812599	20.851999	27.956200	69.163300	-25.506100	55.465302	-0.000000	0.000000	-0.000000	0.000000	0.000000	0.000000	-46.965900	-9.698700	17.135500	-79.610001	18.769699	66.288300	-0.000000	-0.000001	0.000001	0.078423	-0.664462	0.000909	0.000000	0.000000	-0.000000
-1.787240	-0.499889	-12.405500	0.178257	14.134800	-0.043528	3.490450	-19.337900	1.214540	-0.000000	-0.000000	-0.000000	3.490430	13.048900	-0.789000	2.477620	-20.290300	2.044590	0.000000	-0.000000	-0.000001	-0.000001	-0.000000	-0.000078	0.000000	0.000000	0.000000	49.602600	16.902901	20.730400	79.678902	-19.967100	69.264099	-0.000000	0.000000	0.000001	0.000000	0.000000	0.000000	-52.239399	-13.662100	17.876900	-86.286201	16.806101	80.844902	-0.000000	0.000002	0.000000	0.052369	-0.720042	0.000658	-0.000000	0.000000	0.000000
-1.389160	-0.163241	-12.486799	-0.430783	13.324000	0.099213	3.971480	-19.176201	1.168160	-0.000000	-0.000000	0.000000	3.187710	12.312000	-0.680469	2.201640	-20.156099	1.836400	0.000000	0.000000	-0.000000	0.000016	-0.000072	-0.000106	0.000000	0.000000	0.000000	57.667099	10.158400	12.988400	89.111702	-12.736400	88.888397	0.000000	0.000002	0.000000	0.000000	0.000000	0.000000	-56.897701	-19.261101	19.102699	-94.187401	11.810300	105.151001	-0.000000	0.000001	-0.000000	-0.116575	-0.813080	-0.001655	-0.000000	0.000000	0.000002
-1.232190	-0.638608	-12.360505	-0.494677	13.840800	0.118382	3.385840	-19.378201	0.964793	-0.000000	-0.000000	-0.000000	3.376490	13.058400	-0.763699	1.104300	-21.015499	1.578250	-0.000000	0.000001	0.000001	0.000000	0.000000	0.000007	0.000000	0.000000	0.000000	63.461899	2.423260	7.570780	99.378197	-11.658000	118.438004	0.000000	-0.000000	-0.000001	0.000000	0.000000	0.000000	-62.269699	-25.512100	19.211000	-101.015999	4.754760	138.996994	0.000000	-0.000000	0.000002	0.158041	-0.951264	0.002623	-0.000000	0.000000	-0.000001
-1.909990	-1.038350	-11.356900	0.173901	13.065400	-0.039309	3.582620	-16.463699	1.064750	0.000000	-0.000000	0.000000	3.916870	13.422400	-0.910559	1.346060	-20.726400	1.828980	-0.000000	-0.000000	-0.000000	0.000001	0.000000	-0.000015	0.000000	0.000000	0.000000	71.036598	-7.492640	3.328670	107.245003	-13.239600	131.737000	-0.000000	-0.000000	0.000000	0.000000	0.000000	0.000000	-69.187401	-29.633600	16.693399	-105.900002	-4.487690	175.207993	-0.000000	0.000000	0.000000	-0.004888	-1.318460	-0.000113	-0.000000	-0.000000	0.000001
-2.165262	-0.904238	-11.384302	0.782997	13.854100	-0.187493	3.490440	-18.811300	1.372880	0.000000	-0.000000	-0.000000	4.520910	14.000700	-1.095900	1.048630	-22.267500	2.064780	-0.000000	-0.000000	-0.000000	0.000001	0.000000	0.000033	0.000000	0.000000	0.000000	75.281197	-14.178200	1.884660	114.794998	-17.205200	137.492004	-0.000000	-0.000000	-0.000001	0.000000	0.000000	0.000000	-72.068497	-33.801399	16.029600	-110.431000	-13.898900	-161.386002	0.000001	0.000000	-0.000000	0.197449	-1.263680	0.004352	0.000000	0.000000	0.000000
-2.476690	-1.000860	-11.057500	1.286490	14.103900	-0.313503	3.193350	-19.546101	1.488470	-0.000000	0.000000	0.000000	4.771970	13.725600	-1.134690	1.348550	-21.283400	2.178940	0.000000	-0.000000	-0.000000	-0.000001	-0.000000	-0.000006	0.000000	0.000000	0.000000	77.285004	-18.041100	1.387690	121.223999	-23.818100	138.326004	-0.000000	-0.000000	-0.000000	0.000000	0.000000	0.000000	-73.320297	-34.691002	15.427000	-116.660004	-23.790199	-150.962006	-0.000000	-0.000000	-0.000000	0.400242	-1.302770	0.009100	-0.000000	0.000000	0.000000
-2.457450	-1.941640	-10.295299	0.947895	15.904300	-0.259736	3.796790	-21.266100	1.711080	-0.000000	0.000000	-0.000000	4.602490	14.677900	-1.168510	1.444480	-20.372601	2.059090	-0.000000	0.000000	0.000001	-0.000001	-0.000000	0.000003	0.000000	0.000000	0.000000	76.158302	-21.733101	0.049805	126.730003	-29.569599	139.483002	0.000001	-0.000000	0.000000	0.000000	0.000000	0.000000	-71.673897	-34.274601	16.312500	-122.255997	-29.622400	-150.022003	-0.000001	-0.000001	-0.000000	0.284076	-1.398550	0.006933	-0.000000	-0.000000	0.000000
-1.969060	-2.149539	-9.779129	0.093573	15.920200	-0.025660	3.907090	-20.928900	1.429810	-0.000000	0.000000	0.000000	3.704620	15.219900	-0.973812	1.677670	-21.145800	1.899300	0.000000	-0.000000	0.000000	0.000007	-0.000036	-0.000061	0.000000	0.000000	0.000000	73.192299	-24.654100	-1.977080	128.610992	-31.593800	139.828995	-0.000000	-0.000000	-0.000000	0.000000	0.000000	0.000000	-71.384003	-33.691898	16.332800	-123.792999	-30.025700	-151.147995	0.000000	-0.000001	0.000000	0.457173	-1.550430	0.012370	0.000000	0.000000	0.000001
-2.113920	-1.525160	-9.007142	0.233255	14.815400	-0.059712	4.225480	-19.858000	1.514630	0.000000	0.000000	0.000000	4.087790	14.836700	-1.048470	1.357270	-21.311701	1.934140	0.000000	-0.000000	-0.000000	-0.000001	-0.000000	-0.000036	0.000000	0.000000	0.000000	73.079697	-25.731701	-2.317610	126.544998	-30.881701	138.192993	-0.000001	-0.000000	-0.000000	0.000000	0.000000	0.000000	-72.485802	-30.913601	15.036300	-120.870003	-24.206600	-154.626007	-0.000001	-0.000000	-0.000000	0.078480	-1.199790	0.001642	0.000000	-0.000000	-0.000000
-1.984770	-1.465650	-8.600100	0.155088	14.689200	-0.039359	3.778320	-20.223000	1.359790	-0.000000	-0.000000	-0.000000	3.952370	14.521100	-0.992510	1.103980	-21.286400	1.793530	-0.000000	0.000000	-0.000000	0.000000	-0.000000	-0.000062	0.000000	0.000000	0.000000	74.704803	-25.277201	-1.439280	118.143997	-27.004999	131.686996	0.000001	0.000000	-0.000001	0.000000	0.000000	0.000000	-75.620499	-28.823601	12.892700	-113.710999	-16.398701	-159.460999	-0.000000	0.000001	-0.000000	-0.093400	-1.278080	-0.002084	0.000000	0.000000	0.000001
-1.979360	-1.405980	-8.828310	0.029644	14.670700	-0.007503	4.032440	-20.089399	1.397000	0.000000	0.000000	0.000000	3.740380	14.622600	-0.945517	1.496160	-21.247299	1.858010	0.000000	0.000000	0.000000	-0.000001	-0.000000	-0.000049	0.000000	0.000000	0.000000	75.060303	-19.651100	0.334027	110.977997	-20.373899	128.235001	-0.000001	-0.000000	-0.000001	0.000000	0.000000	0.000000	-73.918503	-24.952999	12.951700	-108.601997	-6.401060	-179.330002	-0.000001	-0.000000	0.000002	0.078653	-1.405000	0.001928	0.000000	-0.000000	0.000000
-1.716900	-1.190530	-9.356980	-0.224549	14.307500	0.055498	3.913130	-19.102501	1.210890	-0.000000	-0.000000	0.000000	3.205380	15.267600	-0.844879	2.336470	-23.243601	2.147780	0.000000	0.000000	0.000000	0.000005	-0.000036	0.000025	0.000000	0.000000	0.000000	71.457603	-11.096400	2.147430	102.525002	-14.314400	120.429001	0.000000	-0.000000	0.000000	0.000000	0.000000	0.000000	-72.964302	-19.504400	12.041100	-102.999001	3.233210	145.850006	-0.000000	0.000000	0.000000	0.121859	-1.063470	0.002262	0.000000	0.000000	-0.000001
-1.740750	-0.991689	-10.187599	-0.296111	14.608000	0.074722	4.118620	-20.150000	1.321810	0.000000	-0.000000	0.000000	2.745900	14.470200	-0.686588	3.272910	-21.506701	2.181340	-0.000000	0.000001	0.000001	-0.000001	0.000000	0.000056	0.000000	0.000000	0.000000	64.357498	-0.596475	6.025040	93.257896	-11.697100	99.807602	0.000000	0.000000	0.000000	0.000000	0.000000	0.000000	-68.079300	-13.396500	11.805700	-94.735298	11.059700	105.359001	-0.000000	-0.000001	-0.000001	-0.095867	-0.940188	-0.001573	-0.000000	-0.000000	0.000001
-1.825410	-0.648631	-11.267902	-0.131560	13.945700	0.031711	4.190580	-19.175400	1.336500	-0.000000	-0.000000	-0.000000	3.138160	13.849200	-0.751878	3.048250	-21.672400	2.258260	0.000000	0.000000	-0.000000	0.000000	0.000000	-0.000007	0.000000	0.000000	0.000000	58.215500	8.739720	11.971300	79.094299	-12.519700	59.455898	-0.000001	0.000001	-0.000000	0.000000	0.000000	0.000000	-60.808998	-9.711720	12.289600	-85.167702	17.207399	76.960098	0.000001	-0.000001	-0.000000	0.083905	-0.903531	0.001323	-0.000000	-0.000000	0.000000
-1.960450	-0.738387	-12.479500	-0.151255	14.445600	0.037703	4.215800	-19.290001	1.346310	0.000000	0.000000	-0.000000	3.378600	13.604800	-0.795630	2.868700	-20.552700	2.167210	-0.000000	-0.000000	-0.000000	-0.000001	-0.000000	-0.000023	0.000000	0.000000	0.000000	50.616600	17.460600	20.554800	65.345901	-18.786200	43.689701	-0.000000	0.000000	0.000000	0.000000	0.000000	0.000000	-54.182301	-7.257160	12.651900	-74.719704	19.179199	56.661800	-0.000001	0.000002	-0.000001	0.181470	-0.977950	0.003097	-0.000000	-0.000000	-0.000000
-1.857360	-0.612574	-13.058497	-0.234514	15.031700	0.060829	4.069050	-20.768400	1.364320	-0.000000	0.000000	0.000000	3.055680	13.741700	-0.726506	3.332860	-21.389299	2.306050	-0.000000	-0.000000	-0.000000	0.000001	0.000000	-0.000050	0.000000	0.000000	0.000000	41.552799	24.315701	31.527599	56.967499	-30.855600	44.355900	-0.000000	0.000000	-0.000001	0.000000	0.000000	0.000000	-49.222698	-5.835070	12.985100	-66.359299	20.279499	45.257702	0.000001	0.000001	-0.000000	-0.064180	-1.053800	-0.001180	0.000000	0.000000	-0.000001
-1.761700	-0.754852	-13.248300	-0.185025	15.250300	0.048707	3.421190	-20.499201	1.136630	-0.000000	-0.000000	-0.000000	3.122960	13.539400	-0.731775	2.864100	-20.796700	2.101380	0.000000	0.000000	-0.000000	-0.000001	-0.000000	0.000041	0.000000	0.000000	0.000000	35.659599	27.481701	39.110298	52.284599	-38.298901	43.868198	-0.000000	0.000000	-0.000000	0.000000	0.000000	0.000000	-42.591801	-4.773140	14.105900	-63.889198	18.922501	41.020802	-0.000000	-0.000000	-0.000001	0.175211	-1.025890	0.003138	0.000000	0.000000	0.000002
-1.794080	-0.690105	-12.660500	-0.266016	15.112700	0.069361	3.544070	-20.665899	1.161240	-0.000000	0.000000	-0.000000	2.990240	13.442700	-0.695743	2.717990	-20.540300	1.979630	0.000000	-0.000000	-0.000000	0.000009	-0.000036	0.000034	0.000000	0.000000	0.000000	33.252800	27.400200	41.425900	52.413601	-41.085400	45.336800	-0.000000	0.000000	-0.000000	0.000000	0.000000	0.000000	-37.845798	-3.656520	14.560100	-65.395203	16.574200	40.372200	-0.000000	0.000000	-0.000001	0.219808	-0.971284	0.003724	0.000000	-0.000000	-0.000001
-1.879420	-0.828892	-12.237800	-0.025612	14.777600	0.006535	3.472690	-19.863199	1.172770	-0.000000	0.000000	-0.000000	3.099350	14.069900	-0.754156	2.960770	-21.679199	2.211180	-0.000000	-0.000000	-0.000000	0.000001	0.000000	0.000007	0.000000	0.000000	0.000000	35.183300	26.428301	38.728298	53.740101	-39.257000	45.807301	-0.000000	-0.000000	0.000000	0.000000	0.000000	0.000000	-39.445599	-5.472920	16.107700	-65.078102	19.154499	42.960899	0.000000	-0.000000	0.000000	-0.174737	-0.834118	-0.002545	-0.000000	0.000000	0.000000
-1.959560	-0.841129	-12.031600	0.281463	14.905000	-0.072359	3.072240	-20.036699	1.146960	0.000000	-0.000000	0.000000	3.229450	14.594600	-0.814520	3.043770	-22.673100	2.385800	-0.000000	-0.000000	-0.000000	-0.000001	-0.000000	-0.000015	0.000000	0.000000	0.000000	37.769199	24.035999	34.474701	59.578201	-35.464199	50.028000	0.000000	-0.000000	0.000002	0.000000	0.000000	0.000000	-41.603699	-7.651030	17.558500	-69.651497	20.253799	50.407902	-0.000000	0.000000	0.000001	-0.120253	-0.883169	-0.001854	-0.000000	-0.000000	0.000000
-1.880430	-0.375715	-12.381900	0.225923	13.791000	-0.053781	3.192600	-18.812599	1.101450	0.000000	-0.000000	-0.000000	3.651650	13.273500	-0.839417	2.005220	-20.962799	1.994330	-0.000000	0.000000	0.000000	-0.000015	0.000072	0.000085	0.000000	0.000000	0.000000	40.925400	22.371300	30.564400	66.979797	-31.657400	56.843899	0.000000	0.000000	0.000001	0.000000	0.000000	0.000000	-45.125099	-11.122400	19.249901	-75.123299	21.330900	60.333801	-0.000001	0.000001	-0.000000	0.026747	-0.595531	0.000277	-0.000000	-0.000000	0.000000
-1.828630	-0.125359	-12.848399	0.273216	13.295600	-0.062826	3.353060	-19.089100	1.184930	0.000000	0.000000	0.000000	3.676170	12.391100	-0.789876	2.291450	-20.483200	2.064620	0.000000	-0.000000	-0.000000	0.000001	0.000000	-0.000037	0.000000	0.000000	0.000000	46.996498	19.004900	23.774300	74.361504	-23.936800	62.416500	-0.000000	0.000001	0.000000	0.000000	0.000000	0.000000	-47.103401	-13.887900	20.598600	-83.962997	17.964300	76.025803	-0.000001	0.000001	0.000001	-0.127242	-0.699613	-0.001554	-0.000000	-0.000000	0.000000
-1.856309	-0.578765	-12.979800	0.195927	14.093700	-0.047741	3.772470	-20.000500	1.357190	0.000000	-0.000000	-0.000001	3.696170	12.479700	-0.799809	2.347530	-20.020800	2.045690	-0.000000	0.000001	-0.000000	0.000001	0.000000	-0.000021	0.000000	0.000000	0.000000	53.355598	15.432500	17.895300	85.571404	-19.984501	81.969002	-0.000000	0.000002	-0.000000	0.000000	0.000000	0.000000	-51.646000	-17.947800	21.113400	-90.737000	14.088000	93.730904	0.000000	0.000000	-0.000000	-0.259818	-0.907326	-0.004114	0.000000	0.000000	0.000000
-1.400040	-0.712275	-12.852100	0.030326	13.818900	-0.007166	2.987400	-19.159100	0.990924	-0.000000	0.000000	-0.000000	3.606920	12.784700	-0.799093	1.577420	-20.623899	1.798700	0.000000	-0.000000	0.000000	-0.000000	0.000000	0.000022	0.000000	0.000000	0.000000	58.747898	8.395060	11.659000	95.066803	-14.878900	105.011002	0.000000	0.000001	0.000000	0.000000	0.000000	0.000000	-56.710300	-22.808201	21.127501	-99.091003	8.332910	125.503998	-0.000000	-0.000001	-0.000000	0.070501	-1.010090	0.001242	-0.000000	0.000000	-0.000000
-1.546910	-0.214475	-12.316503	0.037293	13.013000	-0.008428	3.310550	-19.132000	1.098030	-0.000000	0.000000	0.000000	3.397960	12.580000	-0.740944	2.312140	-21.652000	2.082490	-0.000000	0.000000	0.000000	-0.000000	-0.000000	-0.000022	0.000000	0.000000	0.000000	68.997704	-0.235289	6.007230	102.587997	-12.900800	123.966003	0.000000	-0.000001	-0.000000	0.000000	0.000000	0.000000	-63.370800	-26.272699	18.902700	-104.773003	0.930390	156.904007	0.000000	-0.000000	-0.000000	-0.134110	-0.578798	-0.001355	-0.000000	0.000000	-0.000001
-1.581310	-0.540884	-12.145800	0.273151	13.380500	-0.063243	3.116700	-19.648300	1.138500	-0.000000	0.000000	-0.000000	3.698420	12.442500	-0.797946	1.815390	-20.568701	1.911610	0.000000	0.000000	-0.000000	-0.000001	-0.000000	0.000013	0.000000	0.000000	0.000000	75.135597	-6.701230	4.004370	111.656998	-16.209801	135.024994	-0.000001	-0.000000	-0.000000	0.000000	0.000000	0.000000	-71.226799	-32.029202	16.172100	-108.852997	-8.326370	-173.904007	0.000000	-0.000000	-0.000000	0.142155	-0.615015	0.001524	-0.000000	0.000000	0.000001
-1.247300	-1.139590	-12.158600	-0.385939	14.020800	0.093544	3.058920	-20.159000	0.925738	-0.000000	-0.000000	-0.000000	2.908930	12.955900	-0.652677	2.236210	-20.779200	1.803150	-0.000000	0.000000	0.000000	0.000001	0.000000	0.000026	0.000000	0.000000	0.000000	76.399399	-13.181000	2.394160	121.130997	-21.831100	140.279007	-0.000001	-0.000000	-0.000000	0.000000	0.000000	0.000000	-71.343597	-35.269100	16.842501	-115.002998	-17.201599	-159.343994	-0.000000	-0.000000	0.000000	0.352899	-0.771691	0.004752	-0.000000	0.000000	0.000001
-1.405950	-1.300030	-11.321500	-0.058347	13.355400	0.013483	2.748150	-18.562099	0.857314	-0.000000	0.000000	-0.000000	3.484200	12.284800	-0.742206	1.053480	-19.156200	1.465440	0.000000	0.000000	-0.000000	0.000001	0.000000	0.000003	0.000000	0.000000	0.000000	76.727600	-18.645000	1.056270	125.830002	-27.971500	139.837997	-0.000001	0.000000	-0.000001	0.000000	0.000000	0.000000	-72.596901	-36.575901	16.274099	-119.047997	-22.908600	-154.679001	0.000000	0.000000	0.000000	0.391225	-0.905040	0.006179	-0.000000	-0.000000	0.000000
-0.559710	-1.513600	-8.687744	-1.733990	12.886400	0.386830	4.196660	-17.809601	0.767020	0.000000	-0.000000	-0.000001	2.439020	12.559900	-0.530693	0.714421	-19.118799	1.014590	0.000000	-0.000000	-0.000001	0.000001	0.000000	0.000002	0.000000	0.000000	0.000000	74.750099	-26.753000	-1.838800	127.223999	-31.811399	138.287003	-0.000000	0.000000	0.000000	0.000000	0.000000	0.000000	-73.616600	-31.905100	14.590600	-122.208000	-24.082100	-156.061005	-0.000001	0.000001	-0.000000	0.234309	-0.801077	0.003274	-0.000000	0.000000	-0.000001
-0.263795	-1.981060	-7.685277	-2.827880	13.293300	0.650775	4.932490	-17.676901	0.662376	0.000000	0.000000	0.000000	1.175530	14.091300	-0.286200	1.801620	-20.760201	1.043530	0.000000	-0.000001	-0.000000	-0.000001	-0.000000	-0.000011	0.000000	0.000000	0.000000	71.896301	-29.715401	-4.110270	125.083000	-32.273499	135.619995	0.000001	-0.000000	0.000000	0.000000	0.000000	0.000000	-74.125801	-30.058001	13.888100	-122.122002	-22.360500	-158.054993	0.000001	-0.000000	0.000000	0.122236	-1.242280	0.002649	-0.000000	-0.000000	0.000001
-0.107354	-0.959915	-7.423820	-2.794540	11.627900	0.563652	4.281430	-16.301701	0.433564	-0.000000	0.000000	-0.000001	1.014050	13.693500	-0.240109	1.832470	-22.274200	1.068750	0.000000	0.000000	-0.000000	-0.000000	-0.000000	-0.000028	0.000000	0.000000	0.000000	72.322701	-29.172199	-3.676020	120.500999	-26.911301	134.371994	-0.000000	0.000000	0.000000	0.000000	0.000000	0.000000	-74.064400	-26.036900	13.075000	-120.438004	-16.224300	-165.041000	0.000001	-0.000000	0.000000	0.136432	-0.309260	0.000738	0.000000	-0.000000	0.000000
0.282688	-0.603965	-7.801102	-3.408530	10.630100	0.629519	4.867640	-15.850200	0.414600	-0.000000	0.000000	0.000000	0.567766	11.938300	-0.117410	1.712050	-20.371401	0.789698	-0.000000	-0.000000	-0.000000	0.000001	0.000000	0.000089	0.000000	0.000000	0.000000	71.906403	-23.968599	-2.130160	115.827003	-20.854000	134.287994	-0.000000	-0.000000	0.000000	0.000000	0.000000	0.000000	-74.382797	-23.016399	12.277900	-115.922997	-9.461590	-174.238007	0.000000	-0.000000	0.000000	0.213082	-0.310260	0.001154	0.000000	-0.000000	-0.000001
0.109983	-1.277450	-8.295249	-3.442940	12.406200	0.740608	5.033700	-17.519899	0.503240	0.000000	-0.000000	-0.000001	0.165348	13.350100	-0.038103	2.882150	-20.784599	1.080730	-0.000000	-0.000000	-0.000000	0.000002	0.000000	0.000087	0.000000	0.000000	0.000000	70.407402	-17.052401	-0.221329	108.328003	-15.665500	129.436996	-0.000000	0.000000	0.000000	0.000000	0.000000	0.000000	-75.366501	-20.336100	11.286400	-108.070000	-1.595590	166.531006	0.000000	0.000000	0.000000	-0.011922	-0.745840	-0.000157	0.000000	-0.000000	0.000000
-0.217710	-1.414570	-9.101020	-3.028890	12.926400	0.678126	4.551900	-17.324301	0.476503	-0.000000	-0.000000	0.000000	0.368196	14.094400	-0.089697	3.139900	-21.459299	1.280710	0.000000	0.000000	0.000000	-0.000001	-0.000000	-0.000059	0.000000	0.000000	0.000000	65.989700	-7.819340	2.690210	100.199997	-10.707100	120.149002	0.000000	-0.000000	-0.000000	0.000000	0.000000	0.000000	-70.333397	-16.267799	12.054900	-99.955299	5.232050	132.578995	-0.000000	-0.000000	-0.000001	-0.049505	-0.990294	-0.000855	-0.000000	-0.000000	-0.000001
-0.564165	-1.799441	-9.917822	-2.682850	14.325900	0.664333	4.545220	-18.614700	0.621335	-0.000000	-0.000000	-0.000000	0.591553	14.400200	-0.147080	3.319020	-20.844500	1.386760	-0.000000	0.000000	0.000000	0.000000	0.000000	0.000036	0.000000	0.000000	0.000000	59.033001	2.319960	8.013500	88.818100	-11.041000	85.614799	0.000000	-0.000000	0.000000	0.000000	0.000000	0.000000	-62.442001	-11.156500	12.548700	-90.305702	10.369700	90.718803	-0.000000	0.000002	0.000000	-0.202079	-1.088530	-0.003838	0.000000	-0.000000	0.000001
-1.150660	-0.601101	-11.002500	-1.127570	12.964400	0.252927	3.854370	-17.831900	0.844396	-0.000000	0.000000	-0.000000	1.970160	12.907100	-0.440308	3.044850	-20.113100	1.711170	0.000000	0.000000	0.000000	-0.000000	-0.000000	-0.000082	0.000000	0.000000	0.000000	53.376499	10.963100	14.910800	72.848000	-14.396300	49.307301	-0.000000	0.000000	-0.000000	0.000000	0.000000	0.000000	-54.062500	-7.819760	13.087400	-78.121300	13.995600	57.902599	0.000000	-0.000001	-0.000000	0.149180	-0.705338	0.001834	-0.000000	0.000000	0.000002
-1.417500	-0.515469	-11.626398	-0.399749	13.249200	0.091588	3.480070	-18.252600	0.968950	0.000000	0.000000	0.000000	2.729930	12.954600	-0.612463	2.786250	-20.684200	1.928920	-0.000000	0.000000	-0.000000	0.000001	0.000000	0.000034	0.000000	0.000000	0.000000	48.525101	17.407400	21.657600	55.354099	-20.513800	34.322201	0.000000	0.000001	-0.000000	0.000000	0.000000	0.000000	-49.447102	-4.808180	12.056300	-63.890099	15.178800	36.713402	0.000000	-0.000000	-0.000001	0.215007	-0.436042	0.001638	-0.000000	-0.000000	0.000000
-0.981017	-0.525189	-11.680500	-0.905607	13.137700	0.205826	3.567020	-17.825399	0.822495	0.000000	-0.000000	-0.000000	2.163410	12.698800	-0.475816	3.189460	-20.089399	1.825030	0.000000	-0.000000	-0.000000	0.000001	0.000000	-0.000112	0.000000	0.000000	0.000000	43.964500	19.583200	26.119101	41.326599	-19.600000	22.775200	0.000000	-0.000000	0.000000	0.000000	0.000000	0.000000	-43.700802	-1.553790	10.357300	-58.616600	12.049100	27.720100	0.000000	-0.000000	-0.000000	0.227558	-0.405285	0.001608	0.000000	0.000000	0.000001
-1.108350	-0.450445	-11.842796	-0.958469	12.963300	0.214961	3.625350	-17.111900	0.792409	0.000000	-0.000000	-0.000000	2.583850	12.109200	-0.542448	2.246740	-18.595100	1.525180	-0.000000	-0.000000	-0.000000	0.000015	-0.000072	-0.000132	0.000000	0.000000	0.000000	39.397499	22.189400	31.623400	35.042400	-23.266899	21.142900	0.000000	0.000000	-0.000002	0.000000	0.000000	0.000000	-38.967201	-0.474694	10.181300	-55.646801	10.840100	24.109501	-0.000000	0.000000	0.000001	0.268847	-0.553662	0.002598	-0.000000	0.000000	0.000001
-1.008190	0.087852	-11.496799	-0.764431	13.112500	0.173400	3.322370	-19.102800	0.844148	-0.000000	0.000000	0.000000	2.732230	11.981700	-0.567651	2.149520	-19.880199	1.643230	0.000000	0.000000	-0.000000	0.000001	0.000000	-0.000061	0.000000	0.000000	0.000000	37.118999	22.241100	33.607300	33.332600	-24.781200	20.886700	-0.000000	0.000000	-0.000002	0.000000	0.000000	0.000000	-36.462399	0.247549	9.819580	-56.120800	9.973500	23.416599	-0.000000	0.000000	0.000000	0.262038	-0.137813	0.000630	0.000000	0.000000	0.000002
-0.828207	-0.298557	-11.381900	-1.156700	12.737900	0.255116	4.009250	-18.073500	0.894478	0.000000	-0.000000	-0.000000	2.331730	11.905500	-0.481246	2.306520	-18.892300	1.488410	-0.000000	-0.000000	0.000000	0.000002	0.000001	0.000009	0.000000	0.000000	0.000000	36.165401	22.012699	34.252499	33.442501	-25.250200	21.132999	-0.000000	0.000000	0.000002	0.000000	0.000000	0.000000	-35.786999	-0.031442	10.384100	-56.974400	10.273400	24.443600	-0.000000	0.000000	0.000001	0.235421	-0.457282	0.001879	-0.000000	-0.000000	0.000001
-1.135730	-0.628586	-11.922700	-0.660688	13.222700	0.151099	3.716760	-17.704000	0.935484	0.000000	0.000000	0.000000	2.950580	12.146000	-0.621368	1.793260	-18.551500	1.491230	0.000000	0.000000	-0.000000	-0.000001	-0.000000	0.000067	0.000000	0.000000	0.000000	38.377899	22.080799	32.401001	35.772900	-24.415899	22.186899	-0.000000	-0.000000	0.000000	0.000000	0.000000	0.000000	-37.631100	-1.363960	11.690200	-59.297600	11.260700	27.486000	-0.000000	0.000000	-0.000000	0.005737	-0.471474	0.000047	-0.000000	0.000000	-0.000000
-1.127800	-0.650316	-12.119902	-0.419447	13.542200	0.098262	2.846900	-18.503500	0.774500	0.000000	0.000000	0.000000	2.953020	12.516000	-0.640455	1.674330	-19.278799	1.507430	-0.000000	0.000000	-0.000000	0.000000	-0.000000	0.000110	0.000000	0.000000	0.000000	41.492100	21.503901	29.426600	38.546700	-23.077400	23.248600	0.000000	-0.000000	0.000001	0.000000	0.000000	0.000000	-42.786201	-4.964690	14.245300	-58.992100	16.208099	33.045601	0.000000	-0.000001	-0.000001	0.031917	-0.494691	0.000274	0.000000	-0.000000	0.000000
-1.194310	-0.274080	-12.061200	-0.342042	12.770700	0.075615	3.114020	-17.658501	0.844024	-0.000000	-0.000000	-0.000000	2.592170	12.007500	-0.539621	2.936190	-18.978800	1.784310	0.000000	-0.000000	-0.000000	0.000001	0.000000	0.000053	0.000000	0.000000	0.000000	44.366798	19.674700	25.944401	48.511200	-20.951500	28.813700	-0.000000	0.000000	0.000000	0.000000	0.000000	0.000000	-47.365101	-7.673910	15.204200	-61.416000	19.005501	38.486401	0.000000	-0.000001	-0.000001	0.140607	-0.532838	0.001307	-0.000000	-0.000000	-0.000000
-1.530520	-0.244309	-12.355804	0.167192	12.545200	-0.036275	2.979120	-16.674000	0.902439	-0.000000	0.000000	0.000000	3.379940	12.324100	-0.722175	2.245410	-19.526100	1.859290	0.000000	-0.000000	0.000000	0.000001	0.000000	0.000037	0.000000	0.000000	0.000000	47.847000	18.078400	22.567400	59.347500	-20.202299	38.072899	0.000000	0.000000	-0.000000	0.000000	0.000000	0.000000	-50.283298	-10.557800	16.454000	-68.686996	18.315599	46.958500	-0.000001	0.000000	0.000001	-0.093010	-0.473930	-0.000770	-0.000000	0.000000	-0.000000
-1.476570	-0.245484	-12.774500	-0.066634	12.866000	0.014914	3.326420	-17.763901	0.996031	0.000000	-0.000000	-0.000000	3.302580	11.633900	-0.666621	2.280330	-18.915899	1.792810	-0.000000	-0.000000	-0.000000	-0.000001	-0.000000	0.000012	0.000000	0.000000	0.000000	51.886700	15.676800	18.752199	71.126198	-17.441200	50.600700	0.000000	-0.000001	-0.000001	0.000000	0.000000	0.000000	-53.537601	-14.948800	18.172400	-75.604500	17.638399	57.973000	0.000000	-0.000001	-0.000000	-0.210039	-0.593864	-0.002176	0.000000	-0.000000	0.000001
-1.628070	-0.339770	-13.151400	-0.150481	12.939200	0.033736	3.850630	-17.380301	1.107830	-0.000000	-0.000000	-0.000000	3.734280	13.063600	-0.845161	1.625950	-21.438601	1.928510	-0.000000	-0.000000	-0.000000	0.000001	0.000000	0.000013	0.000000	0.000000	0.000000	57.479900	13.005300	14.715900	82.951500	-15.815900	73.179199	0.000000	-0.000002	0.000000	0.000000	0.000000	0.000000	-57.960300	-18.997900	18.459400	-83.030098	13.256700	70.856400	0.000000	0.000000	0.000000	-0.102173	-0.473645	-0.000846	-0.000000	-0.000000	0.000000
-1.860310	-0.518771	-13.190300	0.327256	12.805900	-0.072566	3.432250	-16.947201	1.094910	-0.000000	0.000000	0.000000	4.090680	11.927400	-0.846840	1.291710	-19.020201	1.729690	0.000000	-0.000000	-0.000000	-0.000000	-0.000000	-0.000107	0.000000	0.000000	0.000000	65.082199	6.795960	9.408660	90.856903	-13.698100	93.144897	0.000000	-0.000000	0.000000	0.000000	0.000000	0.000000	-61.227200	-23.810400	19.106800	-91.626503	7.514910	100.375000	0.000000	0.000001	-0.000000	-0.006682	-0.670816	-0.000080	0.000000	-0.000000	-0.000000
-1.924700	-0.592532	-12.809000	0.710289	12.866900	-0.158212	3.296810	-17.385900	1.193760	-0.000000	-0.000000	-0.000000	4.665470	11.681800	-0.946691	0.554432	-18.462099	1.626250	-0.000000	0.000000	0.000001	0.000001	0.000000	-0.000042	0.000000	0.000000	0.000000	71.106102	0.529888	6.185730	99.068497	-15.458300	113.000000	-0.000000	0.000000	0.000001	0.000000	0.000000	0.000000	-65.333702	-27.484800	18.268999	-98.610497	0.202043	148.167999	0.000001	0.000000	0.000001	-0.275200	-0.821997	-0.003949	-0.000000	-0.000000	0.000000
-2.013310	-0.764769	-11.984099	0.819944	13.560400	-0.192224	3.229030	-18.847200	1.302540	0.000000	0.000000	0.000000	4.682160	12.588000	-1.022550	0.799230	-20.520800	1.886780	-0.000000	0.000000	0.000000	-0.000000	0.000000	0.000012	0.000000	0.000000	0.000000	76.198898	-6.678460	4.111790	105.929001	-19.154900	122.418999	-0.000001	0.000000	0.000000	0.000000	0.000000	0.000000	-71.734802	-30.391199	15.487700	-103.845001	-9.024720	-168.796005	0.000000	-0.000000	0.000000	-0.224013	-1.013290	-0.003962	0.000000	0.000000	-0.000000
-2.236040	-1.106330	-11.524300	0.946010	13.920900	-0.227609	3.378940	-18.919800	1.395670	0.000000	0.000000	0.000001	4.407700	13.887000	-1.059850	2.035110	-22.239201	2.397890	-0.000000	-0.000000	-0.000001	-0.000001	-0.000000	-0.000090	0.000000	0.000000	0.000000	81.165001	-14.930200	3.124160	110.027000	-23.177601	124.565002	0.000000	0.000000	-0.000001	0.000000	0.000000	0.000000	-73.675003	-32.594799	14.832400	-109.153000	-16.033800	-155.337997	-0.000001	-0.000000	-0.000000	-0.017941	-1.167540	-0.000365	-0.000000	0.000000	-0.000001
-1.957281	-0.628068	-11.770301	0.387220	13.930700	-0.093291	3.833860	-20.383900	1.468580	0.000000	-0.000000	0.000000	4.134770	12.811100	-0.918415	1.848560	-21.114799	2.124760	0.000000	-0.000000	-0.000000	0.000014	-0.000072	-0.000135	0.000000	0.000000	0.000000	79.547096	-17.108700	2.257740	118.730003	-27.583401	132.434006	0.000001	-0.000000	0.000000	0.000000	0.000000	0.000000	-74.442200	-35.030899	14.848000	-115.315002	-22.772499	-150.886993	0.000001	-0.000000	0.000000	0.206963	-0.987997	0.003567	-0.000000	0.000000	-0.000001
-2.320590	-0.813059	-10.732800	1.213580	14.082700	-0.295326	2.874840	-20.458401	1.418330	-0.000000	0.000000	-0.000000	4.803430	12.727800	-1.060650	1.148790	-20.649700	2.063590	-0.000000	-0.000000	-0.000000	-0.000001	-0.000000	0.000015	0.000000	0.000000	0.000000	79.784203	-21.563900	1.425070	121.305000	-31.554001	132.378998	-0.000000	0.000000	0.000000	0.000000	0.000000	0.000000	-73.416901	-33.115398	15.050900	-120.082001	-25.781700	-151.968994	-0.000002	-0.000000	-0.000000	0.122905	-0.981447	0.002105	0.000000	0.000000	0.000001
-2.285951	-1.517660	-9.997639	0.804625	15.301400	-0.212309	3.731950	-21.650999	1.666220	-0.000000	0.000001	0.000001	4.646420	14.295800	-1.149650	1.087100	-21.999399	2.099470	-0.000000	-0.000000	-0.000000	0.000002	0.000000	0.000025	0.000000	0.000000	0.000000	77.686501	-23.333000	0.248516	123.106003	-34.192501	132.626007	0.000001	-0.000000	0.000000	0.000000	0.000000	0.000000	-72.186897	-33.326302	15.793100	-121.160004	-26.095200	-152.735992	-0.000001	0.000000	-0.000000	0.255524	-1.255740	0.005599	-0.000000	0.000000	0.000000
-1.916330	-1.542540	-9.813890	0.462806	14.967700	-0.119529	3.366830	-20.055300	1.309600	-0.000000	0.000000	0.000000	4.238520	14.425600	-1.057710	1.198850	-21.683800	1.964390	0.000000	-0.000001	-0.000000	-0.000001	-0.000000	0.000072	0.000000	0.000000	0.000000	76.596901	-23.881599	-0.319422	121.533997	-32.698502	131.751007	-0.000001	-0.000000	0.000000	0.000000	0.000000	0.000000	-72.106499	-32.600601	15.673900	-119.384003	-22.497999	-155.447998	0.000000	0.000000	0.000000	0.369564	-1.358420	0.008762	0.000000	0.000000	0.000001
-1.751250	-2.198709	-9.843110	0.045812	15.021500	-0.011798	3.303580	-18.778299	1.078790	-0.000000	-0.000000	0.000000	3.806290	15.555900	-1.022090	1.072320	-22.806499	1.840500	0.000000	-0.000000	0.000000	-0.000014	0.000073	0.000117	0.000000	0.000000	0.000000	75.345100	-22.559099	-0.464901	116.931999	-29.403799	128.544006	0.000000	0.000000	-0.000001	0.000000	0.000000	0.000000	-71.954399	-29.574100	15.071600	-117.125999	-18.359699	-159.281006	-0.000001	-0.000000	-0.000000	0.350878	-1.648720	0.010093	-0.000000	-0.000000	-0.000000
-1.927621	-1.345500	-10.560499	0.339070	14.363800	-0.084109	3.301080	-18.886900	1.176290	-0.000000	0.000000	0.000000	4.055470	14.729600	-1.032740	1.091230	-22.549200	1.926630	-0.000000	0.000001	0.000000	0.000000	-0.000000	0.000041	0.000000	0.000000	0.000000	76.042099	-16.009399	1.588440	112.362000	-25.119200	126.253998	0.000000	0.000000	-0.000000	0.000000	0.000000	0.000000	-70.989098	-25.636801	14.609600	-111.483002	-10.324500	-170.397003	0.000000	0.000000	-0.000000	0.022247	-1.423670	0.000552	0.000000	0.000000	-0.000000
-1.943540	-1.358390	-11.045899	0.376406	14.387900	-0.093565	3.165280	-18.703100	1.133180	-0.000000	0.000001	0.000001	3.749130	14.908800	-0.965904	2.022990	-23.459200	2.253680	0.000000	-0.000000	0.000000	-0.000001	-0.000000	-0.000082	0.000000	0.000000	0.000000	73.530899	-8.152880	3.395830	104.510002	-21.288401	117.781998	0.000000	0.000001	-0.000001	0.000000	0.000000	0.000000	-69.340599	-20.087500	13.725600	-105.663002	-3.714830	171.414993	-0.000000	-0.000000	0.000001	0.178526	-1.246870	0.003884	-0.000000	-0.000000	-0.000001
-1.731640	-1.579250	-11.719000	-0.208759	15.407600	0.055433	3.667110	-19.829201	1.176940	-0.000000	-0.000000	-0.000000	3.461830	15.251800	-0.911739	1.802050	-23.238701	2.033360	-0.000000	0.000001	-0.000000	0.000000	-0.000000	0.000044	0.000000	0.000000	0.000000	66.656898	1.308700	6.739190	98.104897	-17.454000	109.321999	-0.000000	0.000000	-0.000000	0.000000	0.000000	0.000000	-63.955700	-15.008700	13.891800	-100.086998	1.904280	141.869995	-0.000000	-0.000000	-0.000000	0.172985	-1.388160	0.004191	-0.000000	0.000000	0.000000
-1.859780	-0.901823	-12.668303	-0.252330	14.252600	0.062165	4.187170	-18.686300	1.264950	0.000000	0.000000	0.000000	3.649800	13.602600	-0.859438	1.888450	-21.238800	1.974270	0.000000	0.000000	-0.000000	-0.000000	-0.000000	0.000044	0.000000	0.000000	0.000000	60.785702	9.936630	11.927800	86.970200	-15.216200	82.858398	-0.000000	0.000003	0.000000	0.000000	0.000000	0.000000	-59.015099	-11.232400	13.708900	-92.679398	7.458270	99.932297	0.000000	0.000001	-0.000000	0.110073	-1.076800	0.002067	-0.000000	-0.000000	0.000001
-2.073390	-1.509470	-13.281995	0.038917	15.486300	-0.010420	3.842150	-19.241899	1.280300	-0.000000	-0.000000	-0.000000	3.671230	14.941200	-0.947786	2.250000	-22.391300	2.214680	0.000000	0.000000	0.000000	0.000001	0.000000	-0.000050	0.000000	0.000000	0.000000	55.849998	16.447399	17.334101	72.432198	-17.480400	52.785500	0.000001	0.000000	-0.000000	0.000000	0.000000	0.000000	-55.468102	-9.400000	13.742100	-81.702202	12.572300	64.504303	0.000000	0.000000	-0.000001	0.319963	-1.401980	0.007828	0.000000	-0.000000	0.000000
-1.966500	-1.431140	-13.755000	0.229325	15.199600	-0.060120	2.860540	-18.569500	0.982274	-0.000000	0.000000	0.000000	3.989540	14.265800	-0.984595	1.124150	-20.958401	1.788980	-0.000000	0.000001	0.000000	-0.000001	-0.000000	-0.000020	0.000000	0.000000	0.000000	49.925701	21.883699	23.870001	57.903400	-21.855400	38.191502	0.000000	-0.000000	0.000001	0.000000	0.000000	0.000000	-51.943802	-7.305530	13.359800	-70.322304	15.516400	45.536999	0.000000	-0.000000	-0.000001	0.051471	-1.310900	0.001177	-0.000000	-0.000000	0.000001
-1.968470	-1.299840	-13.577102	0.140310	15.194200	-0.036733	3.297250	-18.126699	1.069120	-0.000000	-0.000000	-0.000000	3.966450	14.764200	-1.012290	1.535830	-21.473400	1.971200	-0.000000	0.000001	0.000000	-0.000002	-0.000001	-0.000018	0.000000	0.000000	0.000000	46.399200	24.373400	27.858200	43.951000	-23.879400	27.604500	0.000000	-0.000000	0.000001	0.000000	0.000000	0.000000	-48.667301	-4.950340	12.385300	-60.379501	14.475600	32.210400	0.000001	-0.000000	-0.000001	-0.191743	-1.022200	-0.003421	-0.000000	0.000000	-0.000002
-2.053970	-1.195060	-13.111500	0.471564	15.314900	-0.124546	2.851600	-18.672100	1.059600	-0.000000	0.000000	-0.000000	3.774420	14.272700	-0.931796	2.298940	-20.760500	2.118090	0.000000	-0.000000	0.000000	0.000000	-0.000000	0.000009	0.000000	0.000000	0.000000	43.002300	25.729000	31.336500	36.439602	-24.556700	22.815300	-0.000000	0.000000	-0.000001	0.000000	0.000000	0.000000	-45.440498	-3.216850	11.634200	-52.987099	13.684400	25.318300	0.000000	0.000001	0.000000	-0.342811	-1.047480	-0.006268	-0.000000	-0.000000	0.000001
-2.071060	-0.938987	-12.056604	0.496021	14.987200	-0.128233	3.492280	-19.306200	1.314890	-0.000000	0.000000	-0.000000	4.213670	14.282300	-1.041230	1.825010	-21.594999	2.181160	-0.000000	0.000000	-0.000000	0.000001	0.000000	0.000128	0.000000	0.000000	0.000000	40.737701	25.601500	33.053799	33.452999	-24.871799	21.061899	0.000000	0.000000	-0.000001	0.000000	0.000000	0.000000	-41.311798	-0.035011	9.135200	-52.616299	9.694360	20.874300	0.000000	0.000000	-0.000001	-0.086983	-1.058060	-0.001606	0.000000	0.000000	-0.000000
-1.993370	-0.851557	-11.404500	0.671511	15.089100	-0.174811	2.921100	-20.195299	1.233650	0.000000	-0.000000	-0.000001	4.337190	14.323800	-1.074950	1.346110	-21.989500	2.083050	0.000000	-0.000000	-0.000001	0.000006	-0.000036	-0.000041	0.000000	0.000000	0.000000	40.026001	25.184299	33.320599	31.454300	-25.581900	20.198900	0.000000	-0.000000	-0.000002	0.000000	0.000000	0.000000	-40.784100	0.147344	9.027150	-51.374901	10.232400	20.750099	0.000000	-0.000000	-0.000001	0.075813	-0.824510	0.001091	-0.000000	-0.000000	-0.000000
-1.599740	-0.693738	-11.369899	0.211488	14.523200	-0.053066	3.234870	-19.725901	1.162170	0.000000	0.000000	0.000001	3.992650	13.653000	-0.943906	1.089870	-20.809200	1.769330	-0.000000	0.000000	-0.000000	-0.000001	-0.000000	-0.000030	0.000000	0.000000	0.000000	38.848999	24.799500	34.059601	32.434898	-26.813101	21.366899	0.000000	-0.000000	0.000002	0.000000	0.000000	0.000000	-42.230202	-0.926634	9.989010	-51.076801	12.204900	22.583300	-0.000000	-0.000001	0.000001	0.028502	-0.648319	0.000323	0.000000	0.000000	-0.000001
-1.659250	-0.534386	-11.738599	0.276277	14.082500	-0.067254	3.074190	-19.295300	1.105480	0.000000	0.000000	0.000000	3.895010	13.531000	-0.912679	1.483560	-21.868299	1.967820	-0.000000	0.000000	0.000000	-0.000001	-0.000000	-0.000019	0.000000	0.000000	0.000000	42.096500	23.295700	30.283800	35.132702	-23.154699	21.219200	0.000000	-0.000000	0.000000	0.000000	0.000000	0.000000	-44.029099	-3.205840	12.008500	-52.033600	14.649600	25.654699	-0.000000	-0.000001	0.000000	-0.092457	-0.656165	-0.001059	0.000000	0.000000	-0.000001
-1.900410	-0.420370	-11.887000	0.762241	14.039600	-0.184954	2.803010	-19.475901	1.182420	-0.000000	0.000000	-0.000000	4.285920	13.460700	-0.999462	1.134100	-21.847799	1.977980	-0.000000	0.000001	-0.000001	-0.000000	0.000000	-0.000061	0.000000	0.000000	0.000000	44.687801	22.126600	27.506500	39.938400	-22.607300	23.967600	-0.000000	0.000000	-0.000000	0.000000	0.000000	0.000000	-44.409901	-5.242480	13.968800	-57.450500	15.473300	30.839300	-0.000001	-0.000000	0.000000	-0.223024	-0.596391	-0.002323	-0.000000	-0.000000	-0.000000
-1.756790	-0.079888	-11.911604	0.974938	13.059900	-0.220321	2.391000	-18.634899	1.068560	-0.000000	0.000000	0.000000	4.199300	12.905000	-0.939448	1.605580	-21.814100	2.123620	0.000000	-0.000000	0.000000	0.000001	0.000000	-0.000041	0.000000	0.000000	0.000000	45.421902	20.583000	25.901899	49.683102	-25.288401	33.242901	-0.000000	0.000000	-0.000000	0.000000	0.000000	0.000000	-47.611198	-7.761810	15.194000	-61.008999	16.721701	35.680401	-0.000000	-0.000001	0.000001	0.117391	-0.379855	0.000777	0.000000	-0.000000	0.000001
-1.801560	-0.337027	-12.068707	0.815376	12.722700	-0.179616	2.740280	-17.715000	1.077060	-0.000000	0.000000	0.000000	3.925840	12.274500	-0.835895	2.168090	-20.147100	2.074670	-0.000000	0.000000	-0.000000	0.000001	0.000000	-0.000022	0.000000	0.000000	0.000000	50.669102	17.902000	20.835800	57.256001	-21.744400	37.427101	-0.000000	0.000001	0.000001	0.000000	0.000000	0.000000	-50.742199	-11.345200	16.868000	-66.520302	18.187401	44.015800	-0.000000	0.000000	0.000001	-0.067870	-0.726342	-0.000861	0.000000	0.000000	0.000000
-1.906730	-1.191840	-12.054403	0.496880	14.636500	-0.125481	3.235840	-19.855499	1.263900	0.000000	-0.000000	-0.000000	3.796690	14.015300	-0.920682	1.952550	-22.218201	2.137100	-0.000000	0.000000	-0.000000	0.000001	0.000000	0.000058	0.000000	0.000000	0.000000	53.979401	15.093900	17.362499	68.140602	-20.405600	49.151501	0.000002	-0.000000	-0.000000	0.000000	0.000000	0.000000	-53.639500	-13.924300	17.439699	-73.918404	14.458800	51.252399	-0.000000	0.000000	0.000000	-0.102879	-0.876008	-0.001573	-0.000000	-0.000000	0.000001
-2.007350	-1.275460	-12.034000	0.525619	14.390800	-0.130632	3.237700	-19.045200	1.224190	0.000000	-0.000000	-0.000000	4.152980	13.777700	-0.990689	1.337040	-21.290501	1.954910	0.000000	-0.000000	-0.000000	0.000001	0.000000	0.000046	0.000000	0.000000	0.000000	58.735600	11.070000	13.159500	77.583900	-17.189301	61.722401	0.000000	0.000000	0.000000	0.000000	0.000000	0.000000	-57.456100	-17.706600	17.980801	-80.930901	11.718400	63.665298	-0.000000	-0.000001	0.000000	-0.038286	-0.844951	-0.000567	-0.000000	-0.000000	0.000000
-2.148030	-0.957893	-12.245001	0.908389	14.163500	-0.222322	3.036330	-19.340599	1.299070	0.000000	-0.000000	-0.000000	4.170250	13.552600	-0.978915	2.112150	-21.534201	2.270880	-0.000000	0.000000	0.000000	-0.000000	-0.000000	-0.000032	0.000000	0.000000	0.000000	65.453201	5.563840	8.785330	84.497299	-12.986000	73.609497	-0.000000	-0.000000	0.000000	0.000000	0.000000	0.000000	-61.706799	-22.432699	18.216900	-87.264099	8.737620	82.300697	-0.000000	-0.000000	-0.000000	-0.249311	-0.880540	-0.003832	0.000000	-0.000000	-0.000001
-2.296500	-0.907980	-11.980799	1.037940	14.096100	-0.252808	3.544840	-19.747801	1.540730	0.000000	-0.000000	0.000000	4.819110	13.298300	-1.110980	1.511900	-21.632700	2.293950	-0.000000	0.000000	-0.000000	-0.000000	-0.000000	0.000081	0.000000	0.000000	0.000000	69.064400	0.289489	6.200750	93.343300	-13.287400	99.174004	0.000000	-0.000000	-0.000000	0.000000	0.000000	0.000000	-64.632599	-24.477501	17.525999	-94.584000	2.692000	122.827003	-0.000001	0.000000	-0.000000	-0.223224	-0.922166	-0.003595	0.000000	0.000000	0.000000
-2.089170	-0.740449	-11.356300	1.178430	13.800100	-0.281129	2.879850	-19.970900	1.376450	-0.000000	0.000000	-0.000001	4.856010	12.349700	-1.040970	0.916116	-19.951300	1.936700	0.000000	-0.000000	-0.000000	0.000001	0.000000	-0.000004	0.000000	0.000000	0.000000	73.055397	-6.303870	3.950510	101.608002	-13.099300	120.452003	0.000000	-0.000000	-0.000000	0.000000	0.000000	0.000000	-67.925301	-26.303400	16.406700	-101.392998	-1.687760	161.401001	-0.000000	-0.000000	0.000001	-0.190610	-0.979811	-0.003259	-0.000000	-0.000000	0.000001
-1.969590	-0.503280	-10.640897	0.946160	13.103000	-0.214546	3.127210	-19.529499	1.355450	-0.000000	-0.000000	-0.000000	4.469510	12.821600	-0.993803	1.556440	-22.186199	2.240150	0.000000	0.000000	0.000000	0.000001	0.000000	-0.000084	0.000000	0.000000	0.000000	78.342499	-14.558300	2.564170	107.750999	-11.713900	134.291000	0.000000	0.000000	0.000000	0.000000	0.000000	0.000000	-69.448700	-28.702200	16.271799	-108.680000	-5.155250	177.434998	0.000000	0.000000	-0.000001	-0.009106	-0.874021	-0.000139	-0.000000	-0.000000	0.000000
-1.998990	-0.877911	-10.426500	1.063840	13.636900	-0.250806	2.651170	-19.794800	1.249460	-0.000000	0.000000	-0.000001	4.514660	13.133600	-1.027810	1.199090	-21.857800	2.088920	0.000000	0.000000	0.000000	-0.000001	-0.000000	-0.000009	0.000000	0.000000	0.000000	79.457497	-18.535200	1.978970	114.046997	-14.687500	139.438004	0.000000	0.000000	0.000000	0.000000	0.000000	0.000000	-71.931602	-29.071301	14.994800	-115.283997	-9.163730	-174.503006	-0.000001	-0.000000	0.000001	-0.021700	-1.135490	-0.000431	0.000000	-0.000000	0.000001
-1.526660	-0.959002	-9.583838	0.485765	13.531600	-0.113620	2.769450	-19.253000	1.069940	0.000000	0.000000	-0.000000	3.931990	14.059500	-0.956569	1.236210	-23.072001	1.983470	-0.000000	-0.000000	0.000000	0.000001	0.000000	0.000030	0.000000	0.000000	0.000000	76.994904	-24.184799	-0.206916	122.478996	-17.232500	145.871002	-0.000001	-0.000000	-0.000000	0.000000	0.000000	0.000000	-73.438904	-30.438900	14.443100	-121.551003	-12.226400	-171.653000	0.000000	-0.000000	-0.000001	0.307003	-1.091320	0.005849	-0.000000	0.000000	-0.000000
-1.267500	-1.375790	-9.639000	-0.251207	12.990000	0.056509	3.362200	-17.958000	0.962018	0.000000	-0.000001	-0.000001	3.410390	13.887800	-0.819437	1.238700	-22.372101	1.734660	0.000000	-0.000000	0.000000	-0.000000	-0.000000	0.000059	0.000000	0.000000	0.000000	72.502403	-26.317101	-2.800790	128.572006	-20.146000	148.501007	-0.000001	-0.000000	-0.000000	0.000000	0.000000	0.000000	-72.910797	-36.160500	15.899700	-123.094002	-13.558700	-170.281006	0.000001	0.000000	0.000000	0.379701	-1.108500	0.007346	0.000000	0.000000	0.000001
